Sample description: 
Sample:   c= 0 mg/ml  Code: 
  1.458909e-01   9.274608e+00   7.907779e-01
  1.510375e-01   8.022676e+00   7.387484e-01
  1.561841e-01   8.585869e+00   7.048054e-01
  1.613306e-01   8.178384e+00   6.683933e-01
  1.664772e-01   9.303540e+00   6.441218e-01
  1.716238e-01   8.336515e+00   6.110660e-01
  1.767703e-01   8.957586e+00   5.745100e-01
  1.819169e-01   8.714626e+00   5.624950e-01
  1.870635e-01   8.902313e+00   5.444077e-01
  1.922101e-01   8.753916e+00   5.138047e-01
  1.973566e-01   8.789328e+00   5.036251e-01
  2.025032e-01   8.083764e+00   4.856935e-01
  2.076498e-01   8.580912e+00   4.697438e-01
  2.127963e-01   7.499214e+00   4.618770e-01
  2.179429e-01   8.804363e+00   4.414883e-01
  2.230895e-01   8.425743e+00   4.262070e-01
  2.282360e-01   8.621281e+00   4.209638e-01
  2.333826e-01   7.867817e+00   4.093849e-01
  2.385292e-01   7.884167e+00   4.011659e-01
  2.436758e-01   8.503834e+00   3.911732e-01
  2.488223e-01   8.036870e+00   3.823222e-01
  2.539689e-01   8.295863e+00   3.748813e-01
  2.591155e-01   7.884231e+00   3.702461e-01
  2.642620e-01   8.122337e+00   3.614618e-01
  2.694086e-01   7.771214e+00   3.544121e-01
  2.745552e-01   8.075953e+00   3.482543e-01
  2.797018e-01   8.071640e+00   3.430325e-01
  2.848483e-01   7.889191e+00   3.372105e-01
  2.899949e-01   7.925420e+00   3.349065e-01
  2.951415e-01   7.804764e+00   3.378412e-01
  3.002880e-01   7.524136e+00   3.373437e-01
  3.054346e-01   8.557283e+00   3.364083e-01
  3.105812e-01   8.055708e+00   3.336080e-01
  3.157277e-01   7.959753e+00   3.314192e-01
  3.208743e-01   7.924198e+00   3.266435e-01
  3.260209e-01   7.565415e+00   3.282306e-01
  3.311675e-01   8.008742e+00   3.251424e-01
  3.363140e-01   8.307950e+00   3.258851e-01
  3.414606e-01   7.306597e+00   3.228061e-01
  3.466072e-01   7.739643e+00   3.188582e-01
  3.517537e-01   8.054832e+00   3.170592e-01
  3.569003e-01   7.974568e+00   3.105020e-01
  3.620469e-01   7.736845e+00   3.007354e-01
  3.671934e-01   7.319135e+00   2.949049e-01
  3.723400e-01   7.605378e+00   2.942485e-01
  3.774866e-01   7.842457e+00   2.886138e-01
  3.826332e-01   6.890369e+00   2.833936e-01
  3.877797e-01   7.613549e+00   2.835839e-01
  3.929263e-01   7.180007e+00   2.773097e-01
  3.980729e-01   7.181702e+00   2.747838e-01
  4.032194e-01   8.016662e+00   2.718886e-01
  4.083660e-01   7.624946e+00   2.657082e-01
  4.135126e-01   7.212714e+00   2.642573e-01
  4.186592e-01   7.142911e+00   2.650668e-01
  4.238057e-01   6.980276e+00   2.601705e-01
  4.289523e-01   6.901367e+00   2.568161e-01
  4.340989e-01   7.566267e+00   2.560518e-01
  4.392454e-01   6.776491e+00   2.542955e-01
  4.443920e-01   6.704894e+00   2.514059e-01
  4.495386e-01   6.630919e+00   2.497541e-01
  4.546851e-01   7.127670e+00   2.463880e-01
  4.598317e-01   6.818981e+00   2.456975e-01
  4.649783e-01   6.991893e+00   2.462409e-01
  4.701249e-01   6.729811e+00   2.486068e-01
  4.752714e-01   6.715037e+00   2.479748e-01
  4.804180e-01   7.050047e+00   2.507508e-01
  4.855646e-01   6.708499e+00   2.490387e-01
  4.907111e-01   6.447685e+00   2.498497e-01
  4.958577e-01   6.311975e+00   2.503562e-01
  5.010043e-01   6.369623e+00   2.492727e-01
  5.061509e-01   6.770830e+00   2.499274e-01
  5.112974e-01   5.975554e+00   2.522024e-01
  5.164440e-01   6.331356e+00   2.474895e-01
  5.215906e-01   6.323116e+00   2.483049e-01
  5.267371e-01   6.529737e+00   2.477745e-01
  5.318837e-01   6.299107e+00   2.469398e-01
  5.370303e-01   6.247694e+00   2.391412e-01
  5.421768e-01   6.116990e+00   2.381838e-01
  5.473234e-01   5.946722e+00   2.354051e-01
  5.524700e-01   6.159935e+00   2.310171e-01
  5.576166e-01   5.941191e+00   2.309904e-01
  5.627631e-01   5.832045e+00   2.287432e-01
  5.679097e-01   6.013521e+00   2.258414e-01
  5.730563e-01   5.898736e+00   2.242337e-01
  5.782028e-01   5.787734e+00   2.238183e-01
  5.833494e-01   6.147703e+00   2.202904e-01
  5.884960e-01   6.275109e+00   2.201192e-01
  5.936426e-01   6.124553e+00   2.207561e-01
  5.987891e-01   5.885050e+00   2.157732e-01
  6.039357e-01   5.575258e+00   2.163492e-01
  6.090823e-01   5.486073e+00   2.152167e-01
  6.142288e-01   5.463608e+00   2.126205e-01
  6.193754e-01   5.510326e+00   2.113263e-01
  6.245220e-01   5.857030e+00   2.110998e-01
  6.296685e-01   5.623830e+00   2.093233e-01
  6.348151e-01   5.284597e+00   2.092641e-01
  6.399617e-01   5.635884e+00   2.086667e-01
  6.451083e-01   5.512212e+00   2.054636e-01
  6.502548e-01   5.393282e+00   2.053294e-01
  6.554014e-01   5.287214e+00   2.041729e-01
  6.605480e-01   5.343269e+00   2.039423e-01
  6.656945e-01   5.618527e+00   2.069943e-01
  6.708411e-01   5.260026e+00   2.091941e-01
  6.759877e-01   4.900416e+00   2.082810e-01
  6.811343e-01   5.126657e+00   2.086316e-01
  6.862808e-01   5.232497e+00   2.090215e-01
  6.914274e-01   5.165775e+00   2.035127e-01
  6.965740e-01   4.888412e+00   2.015147e-01
  7.017205e-01   4.698360e+00   2.017725e-01
  7.068671e-01   5.042498e+00   1.990763e-01
  7.120137e-01   4.821034e+00   1.978012e-01
  7.171602e-01   4.578210e+00   1.976539e-01
  7.223068e-01   4.870102e+00   1.952327e-01
  7.274534e-01   4.969923e+00   1.935857e-01
  7.326000e-01   4.425071e+00   1.933711e-01
  7.377465e-01   4.563920e+00   1.909145e-01
  7.428931e-01   4.583056e+00   1.899322e-01
  7.480397e-01   4.539346e+00   1.899445e-01
  7.531862e-01   4.342198e+00   1.881090e-01
  7.583328e-01   4.533746e+00   1.881386e-01
  7.634794e-01   4.451139e+00   1.887495e-01
  7.686259e-01   4.245722e+00   1.872169e-01
  7.737725e-01   4.392479e+00   1.853607e-01
  7.789191e-01   4.461600e+00   1.860522e-01
  7.840657e-01   4.463352e+00   1.838156e-01
  7.892122e-01   4.225496e+00   1.830410e-01
  7.943588e-01   4.151693e+00   1.834008e-01
  7.995054e-01   4.245608e+00   1.823435e-01
  8.046519e-01   4.213783e+00   1.815079e-01
  8.097985e-01   4.131761e+00   1.816838e-01
  8.149451e-01   4.006756e+00   1.794718e-01
  8.200917e-01   3.927097e+00   1.787673e-01
  8.252382e-01   3.782497e+00   1.786449e-01
  8.303848e-01   3.833769e+00   1.764388e-01
  8.355314e-01   3.953079e+00   1.761849e-01
  8.406779e-01   3.912049e+00   1.758860e-01
  8.458245e-01   3.850298e+00   1.753611e-01
  8.509711e-01   3.758065e+00   1.748689e-01
  8.561176e-01   3.552461e+00   1.745235e-01
  8.612642e-01   3.895902e+00   1.735832e-01
  8.664108e-01   3.714673e+00   1.728932e-01
  8.715574e-01   3.913691e+00   1.735369e-01
  8.767039e-01   3.617547e+00   1.718302e-01
  8.818505e-01   3.762540e+00   1.713369e-01
  8.869971e-01   3.651423e+00   1.704760e-01
  8.921436e-01   3.606846e+00   1.713753e-01
  8.972902e-01   3.704480e+00   1.693462e-01
  9.024368e-01   3.381014e+00   1.699542e-01
  9.075834e-01   3.429306e+00   1.690033e-01
  9.127299e-01   3.468425e+00   1.673980e-01
  9.178765e-01   3.377576e+00   1.684050e-01
  9.230231e-01   3.694365e+00   1.710654e-01
  9.281696e-01   3.331628e+00   1.694415e-01
  9.333162e-01   3.458436e+00   1.711924e-01
  9.384628e-01   2.972083e+00   1.708784e-01
  9.436093e-01   3.486698e+00   1.693484e-01
  9.487559e-01   3.346074e+00   1.709004e-01
  9.539025e-01   2.880426e+00   1.711874e-01
  9.590491e-01   2.865518e+00   1.693956e-01
  9.641956e-01   2.810705e+00   1.702437e-01
  9.693422e-01   3.304500e+00   1.705179e-01
  9.744888e-01   2.734732e+00   1.693944e-01
  9.796353e-01   2.976384e+00   1.699947e-01
  9.847819e-01   2.977215e+00   1.700357e-01
  9.899285e-01   2.966577e+00   1.692754e-01
  9.950751e-01   2.661810e+00   1.696104e-01
  1.000222e+00   2.754701e+00   1.699139e-01
  1.005368e+00   2.953848e+00   1.698149e-01
  1.010515e+00   2.544076e+00   1.715728e-01
  1.015661e+00   2.648714e+00   1.728179e-01
  1.020808e+00   2.636779e+00   1.721726e-01
  1.025954e+00   2.522716e+00   1.728187e-01
  1.031101e+00   2.428711e+00   1.731191e-01
  1.036248e+00   2.791009e+00   1.734068e-01
  1.041394e+00   2.679986e+00   1.739905e-01
  1.046541e+00   2.272432e+00   1.736334e-01
  1.051687e+00   2.456329e+00   1.726592e-01
  1.056834e+00   2.290090e+00   1.730833e-01
  1.061980e+00   2.424217e+00   1.728466e-01
  1.067127e+00   2.530773e+00   1.727422e-01
  1.072274e+00   2.332273e+00   1.711544e-01
  1.077420e+00   2.450232e+00   1.721959e-01
  1.082567e+00   2.656527e+00   1.713720e-01
  1.087713e+00   2.439955e+00   1.710151e-01
  1.092860e+00   2.599240e+00   1.712422e-01
  1.098006e+00   2.399737e+00   1.707715e-01
  1.103153e+00   2.347593e+00   1.708756e-01
  1.108300e+00   2.421759e+00   1.706155e-01
  1.113446e+00   2.166458e+00   1.724605e-01
  1.118593e+00   2.287395e+00   1.723770e-01
  1.123739e+00   2.070091e+00   1.742786e-01
  1.128886e+00   2.244347e+00   1.732593e-01
  1.134032e+00   1.964218e+00   1.735612e-01
  1.139179e+00   2.314445e+00   1.733820e-01
  1.144326e+00   2.040438e+00   1.725683e-01
  1.149472e+00   2.235526e+00   1.743265e-01
  1.154619e+00   1.795259e+00   1.730341e-01
  1.159765e+00   2.095125e+00   1.735432e-01
  1.164912e+00   1.650288e+00   1.726163e-01
  1.170058e+00   1.783438e+00   1.726946e-01
  1.175205e+00   1.668435e+00   1.715369e-01
  1.180352e+00   1.945626e+00   1.701776e-01
  1.185498e+00   1.728501e+00   1.696645e-01
  1.190645e+00   1.895091e+00   1.691177e-01
  1.195791e+00   1.409255e+00   1.677937e-01
  1.200938e+00   1.621707e+00   1.673885e-01
  1.206084e+00   1.730322e+00   1.662079e-01
  1.211231e+00   1.657893e+00   1.655296e-01
  1.216378e+00   1.859311e+00   1.656723e-01
  1.221524e+00   1.756263e+00   1.645561e-01
  1.226671e+00   1.604408e+00   1.659751e-01
  1.231817e+00   1.391533e+00   1.694264e-01
  1.236964e+00   1.721393e+00   1.683262e-01
  1.242110e+00   1.826287e+00   1.685607e-01
  1.247257e+00   1.544798e+00   1.696925e-01
  1.252404e+00   1.572581e+00   1.687723e-01
  1.257550e+00   1.731133e+00   1.692837e-01
  1.262697e+00   9.818394e-01   1.690888e-01
  1.267843e+00   1.417253e+00   1.690819e-01
  1.272990e+00   1.228523e+00   1.689937e-01
  1.278136e+00   1.355709e+00   1.709519e-01
  1.283283e+00   1.642072e+00   1.681955e-01
  1.288430e+00   1.397050e+00   1.704588e-01
  1.293576e+00   1.236640e+00   1.734262e-01
  1.298723e+00   1.321620e+00   1.737588e-01
  1.303869e+00   1.148039e+00   1.749167e-01
  1.309016e+00   1.720170e+00   1.768237e-01
  1.314162e+00   1.116094e+00   1.768236e-01
  1.319309e+00   1.286218e+00   1.785860e-01
  1.324456e+00   1.341121e+00   1.787629e-01
  1.329602e+00   1.198528e+00   1.778639e-01
  1.334749e+00   9.179099e-01   1.797474e-01
  1.339895e+00   1.067268e+00   1.797560e-01
  1.345042e+00   1.143982e+00   1.791149e-01
  1.350188e+00   1.416420e+00   1.806658e-01
  1.355335e+00   1.800249e+00   1.801059e-01
  1.360482e+00   1.181875e+00   1.775057e-01
  1.365628e+00   8.627094e-01   1.753994e-01
  1.370775e+00   1.218267e+00   1.756852e-01
  1.375921e+00   1.130906e+00   1.745254e-01
  1.381068e+00   1.027665e+00   1.729906e-01
  1.386214e+00   8.857390e-01   1.741740e-01
  1.391361e+00   1.095071e+00   1.714197e-01
  1.396508e+00   8.864884e-01   1.721725e-01
  1.401654e+00   9.671432e-01   1.721193e-01
  1.406801e+00   1.102989e+00   1.724957e-01
  1.411947e+00   1.188458e+00   1.703728e-01
  1.417094e+00   9.259869e-01   1.715379e-01
  1.422240e+00   9.532488e-01   1.703613e-01
  1.427387e+00   1.114430e+00   1.694251e-01
  1.432534e+00   8.565010e-01   1.702800e-01
  1.437680e+00   1.017996e+00   1.695417e-01
  1.442827e+00   7.607521e-01   1.685393e-01
  1.447973e+00   7.389972e-01   1.710782e-01
  1.453120e+00   9.711462e-01   1.689669e-01
  1.458266e+00   8.830116e-01   1.675755e-01
  1.463413e+00   9.532055e-01   1.685810e-01
  1.468560e+00   9.956911e-01   1.673319e-01
  1.473706e+00   1.001803e+00   1.668301e-01
  1.478853e+00   6.912953e-01   1.678360e-01
  1.483999e+00   5.785652e-01   1.671767e-01
  1.489146e+00   7.754094e-01   1.666529e-01
  1.494292e+00   9.292731e-01   1.668226e-01
  1.499439e+00   9.721906e-01   1.661296e-01
  1.504586e+00   7.769697e-01   1.656237e-01
  1.509732e+00   6.298949e-01   1.668959e-01
  1.514879e+00   6.862047e-01   1.655840e-01
  1.520025e+00   5.202231e-01   1.650493e-01
  1.525172e+00   6.731287e-01   1.664009e-01
  1.530318e+00   6.801695e-01   1.651597e-01
  1.535465e+00   5.138796e-01   1.656413e-01
  1.540612e+00   5.538651e-01   1.655013e-01
  1.545758e+00   5.142343e-01   1.645848e-01
  1.550905e+00   4.611471e-01   1.648673e-01
  1.556051e+00   6.628928e-01   1.644255e-01
  1.561198e+00   6.238827e-01   1.640300e-01
  1.566344e+00   6.150437e-01   1.636581e-01
  1.571491e+00   1.029484e+00   1.643747e-01
  1.576638e+00   7.265832e-01   1.648125e-01
  1.581784e+00   4.283740e-01   1.630813e-01
  1.586931e+00   6.870980e-01   1.632962e-01
  1.592077e+00   5.076464e-01   1.640025e-01
  1.597224e+00   4.220956e-01   1.631381e-01
  1.602370e+00   7.808180e-01   1.624539e-01
  1.607517e+00   5.493538e-01   1.637234e-01
  1.612664e+00   1.643387e-01   1.620627e-01
  1.617810e+00   6.281150e-01   1.626990e-01
  1.622957e+00   5.158282e-01   1.619010e-01
  1.628103e+00   6.666184e-01   1.614722e-01
  1.633250e+00   5.871204e-01   1.621768e-01
  1.638396e+00   5.283461e-01   1.622105e-01
  1.643543e+00   3.963780e-01   1.608862e-01
  1.648690e+00   4.234129e-01   1.610128e-01
  1.653836e+00   4.304050e-01   1.617568e-01
  1.658983e+00   3.184682e-01   1.602368e-01
  1.664129e+00   3.573408e-01   1.621949e-01
  1.669276e+00   4.815070e-01   1.612715e-01
  1.674422e+00   5.666785e-01   1.600147e-01
  1.679569e+00   6.945060e-01   1.605437e-01
  1.684716e+00   2.425227e-01   1.615713e-01
  1.689862e+00   4.121489e-01   1.594968e-01
  1.695009e+00   3.625073e-01   1.603836e-01
  1.700155e+00   4.240935e-01   1.605029e-01
  1.705302e+00   4.745881e-01   1.595742e-01
  1.710448e+00   3.285192e-01   1.606192e-01
  1.715595e+00   3.275484e-01   1.598114e-01
  1.720741e+00   5.679196e-01   1.582755e-01
  1.725888e+00   3.486893e-01   1.592894e-01
  1.731035e+00   4.865260e-01   1.593307e-01
  1.736181e+00   5.156519e-01   1.583656e-01
  1.741328e+00   1.943009e-01   1.584665e-01
  1.746474e+00   2.551938e-01   1.591001e-01
  1.751621e+00   4.495676e-01   1.581811e-01
  1.756767e+00   3.910358e-01   1.568622e-01
  1.761914e+00   2.761276e-01   1.576397e-01
  1.767061e+00   1.178159e-01   1.556769e-01
  1.772207e+00   3.987099e-01   1.562041e-01
  1.777354e+00   4.096509e-01   1.571819e-01
  1.782500e+00   4.784488e-01   1.566846e-01
  1.787647e+00   4.996202e-01   1.558233e-01
  1.792793e+00   2.158329e-01   1.572101e-01
  1.797940e+00   2.680210e-01   1.557110e-01
  1.803087e+00  -6.003540e-02   1.559722e-01
  1.808233e+00   4.994929e-01   1.563924e-01
  1.813380e+00   3.720587e-01   1.561432e-01
  1.818526e+00   4.251688e-01   1.544377e-01
  1.823673e+00   2.798806e-01   1.564068e-01
  1.828819e+00   2.464598e-01   1.554347e-01
  1.833966e+00   2.540148e-01   1.552514e-01
  1.839113e+00   1.664973e-01   1.557579e-01
  1.844259e+00   1.336316e-01   1.552368e-01
  1.849406e+00   2.503354e-01   1.536605e-01
  1.854552e+00   3.946579e-01   1.555230e-01
  1.859699e+00   4.498586e-01   1.546196e-01
  1.864845e+00   3.963770e-01   1.549716e-01
  1.869992e+00   1.320823e-01   1.553762e-01
  1.875139e+00   3.209609e-01   1.544229e-01
  1.880285e+00   4.020539e-01   1.545854e-01
  1.885432e+00   2.123060e-01   1.551571e-01
  1.890578e+00   3.146313e-01   1.541288e-01
  1.895725e+00   1.951230e-01   1.538210e-01
  1.900871e+00   1.684689e-01   1.548437e-01
  1.906018e+00   1.500896e-01   1.540967e-01
  1.911165e+00   6.276607e-01   1.534654e-01
  1.916311e+00   5.361187e-02   1.547631e-01
  1.921458e+00   1.287967e-01   1.543777e-01
  1.926604e+00   2.589763e-01   1.538645e-01
  1.931751e+00   4.120457e-01   1.546432e-01
  1.936897e+00   1.957584e-01   1.534593e-01
  1.942044e+00   2.800345e-01   1.528648e-01
  1.947191e+00   3.975071e-01   1.542428e-01
  1.952337e+00   3.059366e-01   1.535322e-01
  1.957484e+00   3.906965e-01   1.526988e-01
  1.962630e+00   3.618836e-01   1.544404e-01
  1.967777e+00   3.837374e-01   1.537021e-01
  1.972923e+00   1.496210e-01   1.529849e-01
  1.978070e+00   3.022616e-01   1.533850e-01
  1.983217e+00   4.286143e-01   1.530034e-01
  1.988363e+00   4.956445e-02   1.524000e-01
  1.993510e+00  -8.024660e-02   1.532234e-01
  1.998656e+00  -7.698485e-03   1.531132e-01
  2.003803e+00   1.530654e-01   1.526195e-01
  2.008949e+00   3.734434e-02   1.533750e-01
  2.014096e+00   1.688098e-01   1.525704e-01
  2.019243e+00   9.256588e-02   1.521111e-01
  2.024389e+00   1.944827e-01   1.525047e-01
  2.029536e+00   4.161296e-01   1.526522e-01
  2.034682e+00   1.137139e-01   1.518886e-01
  2.039829e+00   9.715284e-02   1.528691e-01
  2.044975e+00   4.065155e-01   1.521318e-01
  2.050122e+00  -3.200611e-02   1.524681e-01
  2.055269e+00   5.292012e-01   1.526875e-01
  2.060415e+00   2.930624e-01   1.523834e-01
  2.065562e+00   3.600739e-01   1.511110e-01
  2.070708e+00   7.257856e-02   1.520670e-01
  2.075855e+00   1.070829e-01   1.517957e-01
  2.081001e+00   1.260535e-01   1.515228e-01
  2.086148e+00   3.020279e-01   1.520885e-01
  2.091295e+00   2.930313e-01   1.516210e-01
  2.096441e+00   9.643742e-02   1.515811e-01
  2.101588e+00   1.415763e-01   1.512986e-01
  2.106734e+00   1.680888e-01   1.514044e-01
  2.111881e+00   2.307523e-01   1.542306e-01
  2.117027e+00   1.643696e-01   1.563693e-01
  2.122174e+00  -9.848628e-03   1.567648e-01
  2.127321e+00   1.346146e-01   1.584338e-01
  2.132467e+00   2.549390e-01   1.604712e-01
  2.137614e+00  -5.516198e-02   1.604302e-01
  2.142760e+00  -4.934994e-02   1.616098e-01
  2.147907e+00   2.879644e-01   1.616344e-01
  2.153053e+00   3.704675e-01   1.625274e-01
  2.158200e+00   8.181154e-02   1.625626e-01
  2.163347e+00   2.801706e-01   1.645856e-01
  2.168493e+00   1.493377e-01   1.640689e-01
  2.173640e+00  -4.678703e-02   1.633832e-01
  2.178786e+00  -1.434363e-02   1.616195e-01
  2.183933e+00   9.558062e-02   1.613247e-01
  2.189079e+00   2.176992e-01   1.589932e-01
  2.194226e+00   3.070796e-01   1.576126e-01
  2.199373e+00   2.072111e-01   1.576449e-01
  2.204519e+00   4.908648e-01   1.574536e-01
  2.209666e+00   5.722083e-01   1.568232e-01
  2.214812e+00   4.478267e-01   1.564983e-01
  2.219959e+00  -2.294197e-01   1.551782e-01
  2.225105e+00   1.778030e-01   1.556356e-01
  2.230252e+00   1.878826e-01   1.560038e-01
  2.235399e+00   2.024871e-01   1.540471e-01
  2.240545e+00   4.921502e-03   1.542131e-01
  2.245692e+00   1.825874e-01   1.547539e-01
  2.250838e+00   1.453843e-01   1.534527e-01
  2.255985e+00  -2.678347e-02   1.538712e-01
  2.261131e+00  -3.815438e-02   1.545454e-01
  2.266278e+00   1.040261e-01   1.530570e-01
  2.271425e+00   8.749727e-02   1.540128e-01
  2.276571e+00   1.796988e-01   1.537485e-01
  2.281718e+00  -9.049644e-02   1.524311e-01
  2.286864e+00   2.962470e-01   1.530832e-01
  2.292011e+00   5.111431e-03   1.534263e-01
  2.297157e+00   1.523092e-01   1.515649e-01
  2.302304e+00   1.908556e-01   1.524144e-01
  2.307451e+00   9.938443e-02   1.534616e-01
  2.312597e+00   3.106797e-02   1.521046e-01
  2.317744e+00   4.318441e-01   1.514893e-01
  2.322890e+00   4.089509e-01   1.526760e-01
  2.328037e+00   3.907679e-01   1.514346e-01
  2.333183e+00   3.842125e-02   1.515880e-01
  2.338330e+00   5.148563e-01   1.523827e-01
  2.343477e+00   3.568771e-01   1.514276e-01
  2.348623e+00   1.734190e-01   1.504329e-01
  2.353770e+00  -1.921688e-02   1.520067e-01
  2.358916e+00   3.037887e-01   1.512785e-01
  2.364063e+00   3.292050e-01   1.506093e-01
  2.369209e+00   1.475605e-01   1.512636e-01
  2.374356e+00  -4.601908e-02   1.513018e-01
  2.379503e+00  -1.182503e-01   1.499678e-01
  2.384649e+00   3.055961e-02   1.514463e-01
  2.389796e+00   6.638407e-02   1.499870e-01
  2.394942e+00   2.204354e-02   1.498966e-01
  2.400089e+00   2.204551e-01   1.514005e-01
  2.405235e+00   2.145839e-01   1.502911e-01
  2.410382e+00   1.187952e-01   1.494396e-01
  2.415529e+00   2.072048e-01   1.499812e-01
  2.420675e+00   2.140256e-01   1.494951e-01
  2.425822e+00   1.923636e-01   1.492310e-01
  2.430968e+00  -2.085095e-01   1.502545e-01
  2.436115e+00   1.535255e-01   1.498746e-01
  2.441261e+00   4.402173e-01   1.485428e-01
  2.446408e+00   7.031291e-02   1.500088e-01
  2.451555e+00   1.088722e-01   1.486102e-01
  2.456701e+00   3.209266e-01   1.479499e-01
  2.461848e+00   1.532863e-01   1.489486e-01
  2.466994e+00   4.259265e-01   1.477307e-01
  2.472141e+00   1.508489e-01   1.476095e-01
  2.477287e+00   1.679312e-01   1.484533e-01
  2.482434e+00  -7.309411e-02   1.473346e-01
  2.487581e+00   2.323529e-01   1.466258e-01
  2.492727e+00   1.823281e-01   1.483253e-01
  2.497874e+00   3.232588e-01   1.465483e-01
  2.503020e+00   2.130937e-01   1.463559e-01
  2.508167e+00   5.600066e-01   1.463157e-01
  2.513313e+00   1.287383e-02   1.468444e-01
  2.518460e+00   1.555849e-01   1.458604e-01
  2.523606e+00   2.135568e-01   1.473177e-01
  2.528753e+00   3.365194e-01   1.462262e-01
  2.533900e+00   1.763414e-01   1.459550e-01
  2.539046e+00   2.913630e-01   1.460009e-01
  2.544193e+00   6.888203e-01   1.458452e-01
  2.549339e+00  -3.698568e-02   1.455690e-01
  2.554486e+00   5.668553e-02   1.467830e-01
  2.559632e+00   3.549098e-01   1.457605e-01
  2.564779e+00   3.457872e-02   1.450586e-01
  2.569926e+00   2.222739e-02   1.463849e-01
  2.575072e+00   3.216756e-01   1.489571e-01
  2.580219e+00   1.966345e-01   1.495599e-01
  2.585365e+00   4.126085e-01   1.516982e-01
  2.590512e+00   1.003307e-02   1.523855e-01
  2.595658e+00   1.420028e-01   1.521971e-01
  2.600805e+00   3.038341e-01   1.506624e-01
  2.605952e+00   3.463164e-01   1.490614e-01
  2.611098e+00   1.109859e-01   1.482309e-01
  2.616245e+00   1.498365e-01   1.487951e-01
  2.621391e+00   1.586773e-01   1.477514e-01
  2.626538e+00  -2.851349e-02   1.467044e-01
  2.631684e+00   2.058959e-01   1.475284e-01
  2.636831e+00   2.124777e-01   1.465994e-01
  2.641978e+00   1.690740e-01   1.459006e-01
  2.647124e+00   4.635680e-01   1.478747e-01
  2.652271e+00   2.487164e-01   1.470070e-01
  2.657417e+00   3.543136e-01   1.459104e-01
  2.662564e+00   5.102121e-01   1.471559e-01
  2.667710e+00   1.887857e-01   1.468819e-01
  2.672857e+00  -4.313575e-02   1.462670e-01
  2.678004e+00   3.180022e-01   1.464587e-01
  2.683150e+00   2.923940e-01   1.460172e-01
  2.688297e+00   2.274282e-01   1.451275e-01
  2.693443e+00   9.679884e-02   1.460790e-01
  2.698590e+00   1.931727e-02   1.460588e-01
  2.703736e+00   3.377174e-02   1.454628e-01
  2.708883e+00   2.253496e-01   1.462508e-01
  2.714030e+00   1.534384e-01   1.451359e-01
  2.719176e+00   2.029275e-01   1.446366e-01
  2.724323e+00   1.591717e-01   1.455298e-01
  2.729469e+00   2.905556e-01   1.447407e-01
  2.734616e+00   3.117138e-01   1.447296e-01
  2.739762e+00   3.587759e-01   1.448086e-01
  2.744909e+00  -2.425452e-01   1.453883e-01
  2.750056e+00   4.076668e-01   1.438644e-01
  2.755202e+00   4.080013e-01   1.452279e-01
  2.760349e+00  -2.198244e-01   1.439552e-01
  2.765495e+00   3.652208e-01   1.438317e-01
  2.770642e+00   3.516861e-01   1.444537e-01
  2.775788e+00   2.225547e-01   1.443369e-01
  2.780935e+00   8.034483e-02   1.434212e-01
  2.786082e+00   1.708354e-01   1.441924e-01
  2.791228e+00   3.683180e-01   1.438657e-01
  2.796375e+00   4.024578e-02   1.438188e-01
  2.801521e+00   3.238631e-01   1.437743e-01
  2.806668e+00   1.051077e-01   1.433285e-01
  2.811814e+00   1.201375e-01   1.425655e-01
  2.816961e+00   6.931686e-03   1.455034e-01
  2.822108e+00   1.949875e-01   1.463338e-01
  2.827254e+00   2.034331e-01   1.467262e-01
  2.832401e+00   2.641097e-02   1.475908e-01
  2.837547e+00   1.986991e-02   1.480576e-01
  2.842694e+00   1.231315e-01   1.476963e-01
  2.847840e+00   1.225517e-01   1.477979e-01
  2.852987e+00   2.336731e-01   1.480476e-01
  2.858134e+00   2.036124e-01   1.471020e-01
  2.863280e+00   8.298553e-02   1.477364e-01
  2.868427e+00   1.129336e-01   1.480256e-01
  2.873573e+00   1.154392e-01   1.470662e-01
  2.878720e+00   2.299218e-01   1.474359e-01
  2.883866e+00   2.089449e-01   1.473411e-01
  2.889013e+00   4.649747e-01   1.465878e-01
  2.894160e+00   1.958754e-01   1.466328e-01
  2.899306e+00   3.481133e-01   1.459469e-01
  2.904453e+00   9.138566e-02   1.454708e-01
  2.909599e+00   2.742615e-01   1.460033e-01
  2.914746e+00   1.540492e-01   1.468001e-01
  2.919892e+00   4.618320e-01   1.460335e-01
  2.925039e+00   2.458632e-01   1.473063e-01
  2.930186e+00   2.818243e-01   1.488281e-01
  2.935332e+00   3.070340e-01   1.507377e-01
  2.940479e+00   1.158638e-01   1.533322e-01
  2.945625e+00   3.772173e-01   1.542359e-01
  2.950772e+00   2.306022e-01   1.552285e-01
  2.955918e+00   1.861531e-01   1.566503e-01
  2.961065e+00   2.786903e-01   1.571249e-01
  2.966212e+00   1.239799e-01   1.578767e-01
  2.971358e+00   1.918113e-01   1.592060e-01
  2.976505e+00   2.390252e-01   1.596445e-01
  2.981651e+00   2.523288e-01   1.599467e-01
  2.986798e+00   4.114373e-01   1.623232e-01
  2.991944e+00   2.685814e-01   1.619242e-01
  2.997091e+00   1.729915e-01   1.585793e-01
  3.002238e+00   4.479334e-01   1.576769e-01
  3.007384e+00   2.214915e-01   1.566348e-01
  3.012531e+00  -1.223506e-01   1.551931e-01
  3.017677e+00   1.372461e-01   1.546321e-01
  3.022824e+00   3.025803e-01   1.549136e-01
  3.027970e+00   1.274899e-01   1.532650e-01
  3.033117e+00   2.565413e-01   1.538251e-01
  3.038264e+00   1.078023e-01   1.541078e-01
  3.043410e+00   1.352912e-01   1.528241e-01
  3.048557e+00   3.255277e-01   1.533016e-01
  3.053703e+00   7.510748e-02   1.537369e-01
  3.058850e+00   2.473490e-01   1.537514e-01
  3.063996e+00   2.562600e-01   1.536883e-01
  3.069143e+00   5.064140e-03   1.532185e-01
  3.074290e+00   1.035862e-01   1.521899e-01
  3.079436e+00  -1.081466e-01   1.533580e-01
  3.084583e+00   2.352222e-02   1.537176e-01
  3.089729e+00  -3.100470e-02   1.527077e-01
  3.094876e+00   5.247311e-01   1.521286e-01
  3.100022e+00   3.016908e-01   1.528843e-01
  3.105169e+00   6.016848e-02   1.522995e-01
  3.110316e+00   1.416172e-01   1.528086e-01
  3.115462e+00   2.294715e-01   1.519215e-01
  3.120609e+00   1.382313e-01   1.508976e-01
  3.125755e+00   2.134048e-01   1.506948e-01
  3.130902e+00   1.004511e-01   1.518477e-01
  3.136048e+00   3.554411e-01   1.491110e-01
  3.141195e+00   3.111078e-01   1.505519e-01
  3.146342e+00   3.411739e-01   1.499409e-01
  3.151488e+00   3.105633e-02   1.489655e-01
  3.156635e+00   1.466023e-01   1.495865e-01
  3.161781e+00   2.452079e-01   1.498638e-01
  3.166928e+00   5.848071e-02   1.483612e-01
  3.172074e+00   3.400990e-01   1.489429e-01
  3.177221e+00   6.461393e-02   1.498075e-01
  3.182368e+00   4.436499e-01   1.488675e-01
  3.187514e+00   2.514851e-01   1.488518e-01
  3.192661e+00  -5.057966e-02   1.497443e-01
  3.197807e+00   2.931294e-01   1.476267e-01
  3.202954e+00   8.403761e-02   1.486297e-01
  3.208100e+00   4.213552e-01   1.492576e-01
  3.213247e+00   1.466644e-01   1.479093e-01
  3.218394e+00   1.095480e-01   1.485641e-01
  3.223540e+00   1.341612e-01   1.492224e-01
  3.228687e+00   2.790691e-01   1.475299e-01
  3.233833e+00   2.729643e-02   1.481609e-01
  3.238980e+00   1.626033e-01   1.499464e-01
  3.244126e+00   1.733790e-01   1.474719e-01
  3.249273e+00   2.733322e-01   1.471754e-01
  3.254420e+00   3.700739e-01   1.486203e-01
  3.259566e+00   2.937693e-01   1.468977e-01
  3.264713e+00   4.652754e-02   1.478809e-01
  3.269859e+00   2.730696e-01   1.484303e-01
  3.275006e+00   1.853298e-01   1.470149e-01
  3.280152e+00   2.082816e-01   1.476067e-01
  3.285299e+00   2.189647e-01   1.488925e-01
  3.290446e+00   2.845761e-01   1.466313e-01
  3.295592e+00   1.250232e-01   1.474973e-01
  3.300739e+00   2.190561e-01   1.481841e-01
  3.305885e+00   1.755352e-01   1.465105e-01
  3.311032e+00   4.824308e-01   1.475804e-01
  3.316178e+00   3.048985e-01   1.482964e-01
  3.321325e+00   2.393585e-01   1.467388e-01
  3.326471e+00   2.235314e-01   1.469876e-01
  3.331618e+00   2.537773e-01   1.475174e-01
  3.336765e+00   1.580451e-01   1.460880e-01
  3.341911e+00   3.067062e-01   1.465363e-01
  3.347058e+00   6.946773e-02   1.469713e-01
  3.352204e+00   3.289190e-01   1.457116e-01
  3.357351e+00   1.213772e-01   1.460911e-01
  3.362497e+00   2.443848e-01   1.474722e-01
  3.367644e+00   1.303912e-01   1.454184e-01
  3.372791e+00  -1.539094e-01   1.466575e-01
  3.377937e+00   2.652760e-01   1.467434e-01
  3.383084e+00  -6.531410e-02   1.461581e-01
  3.388230e+00   1.814377e-01   1.459592e-01
  3.393377e+00   1.941629e-01   1.471547e-01
  3.398523e+00   9.222315e-02   1.459797e-01
  3.403670e+00   1.602702e-01   1.458359e-01
  3.408817e+00   3.182187e-01   1.472683e-01
  3.413963e+00   2.051686e-01   1.462361e-01
  3.419110e+00   2.547172e-02   1.458435e-01
  3.424256e+00  -1.931272e-02   1.469181e-01
  3.429403e+00   2.376530e-01   1.449530e-01
  3.434549e+00   1.252657e-01   1.464823e-01
  3.439696e+00   3.351655e-01   1.463649e-01
  3.444843e+00  -2.605700e-02   1.456519e-01
  3.449989e+00   4.219907e-01   1.453723e-01
  3.455136e+00   3.680122e-01   1.462981e-01
  3.460282e+00   4.936182e-01   1.455037e-01
  3.465429e+00   1.185589e-01   1.458515e-01
  3.470575e+00   2.078417e-01   1.459288e-01
  3.475722e+00  -1.820584e-02   1.449083e-01
  3.480869e+00  -1.769928e-01   1.450661e-01
  3.486015e+00   2.079778e-01   1.466215e-01
  3.491162e+00   1.108318e-01   1.447776e-01
  3.496308e+00   2.588699e-03   1.454537e-01
  3.501455e+00   1.596873e-01   1.459366e-01
  3.506601e+00  -3.142727e-02   1.453381e-01
  3.511748e+00   8.889228e-02   1.448554e-01
  3.516895e+00   3.253784e-01   1.458846e-01
  3.522041e+00   1.493186e-01   1.446845e-01
  3.527188e+00  -1.265306e-01   1.449226e-01
  3.532334e+00  -1.351891e-01   1.454879e-01
  3.537481e+00  -7.289221e-02   1.453272e-01
  3.542627e+00   2.609002e-01   1.448233e-01
  3.547774e+00   4.764916e-02   1.460495e-01
  3.552921e+00   5.259302e-02   1.451468e-01
  3.558067e+00   1.941255e-01   1.451423e-01
  3.563214e+00   2.316431e-01   1.454805e-01
  3.568360e+00   1.417551e-01   1.452440e-01
  3.573507e+00   3.771163e-01   1.443831e-01
  3.578653e+00   1.969324e-01   1.455276e-01
  3.583800e+00   1.375092e-01   1.447069e-01
  3.588947e+00   1.418710e-01   1.452365e-01
  3.594093e+00   2.238727e-01   1.459610e-01
  3.599240e+00   2.763079e-01   1.455109e-01
  3.604386e+00   3.056274e-01   1.443099e-01
  3.609533e+00   1.907805e-01   1.462321e-01
  3.614679e+00   1.688827e-01   1.445512e-01
  3.619826e+00  -4.641999e-02   1.455525e-01
  3.624973e+00   1.153295e-01   1.453084e-01
  3.630119e+00   1.566767e-01   1.452640e-01
  3.635266e+00   1.449567e-01   1.447886e-01
  3.640412e+00   1.738005e-01   1.463176e-01
  3.645559e+00   9.181061e-02   1.448642e-01
  3.650705e+00   2.218678e-01   1.448460e-01
  3.655852e+00   3.101776e-01   1.452712e-01
  3.660999e+00   1.843120e-01   1.446692e-01
  3.666145e+00   4.400133e-01   1.444119e-01
  3.671292e+00   2.796909e-01   1.463321e-01
  3.676438e+00   3.195565e-01   1.444797e-01
  3.681585e+00   2.238930e-01   1.448423e-01
  3.686731e+00   5.463980e-02   1.457484e-01
  3.691878e+00   1.802042e-01   1.447845e-01
  3.697025e+00   1.958571e-01   1.438876e-01
  3.702171e+00   2.301532e-01   1.461550e-01
  3.707318e+00   8.042499e-02   1.442512e-01
  3.712464e+00   8.609606e-02   1.450644e-01
  3.717611e+00   2.985415e-01   1.458309e-01
  3.722757e+00   1.320557e-01   1.447236e-01
  3.727904e+00   7.934392e-02   1.448706e-01
  3.733051e+00   2.330054e-01   1.468767e-01
  3.738197e+00   3.222223e-01   1.444032e-01
  3.743344e+00   2.458045e-01   1.452379e-01
  3.748490e+00   3.055561e-01   1.484714e-01
  3.753637e+00   1.463075e-01   1.501612e-01
  3.758783e+00   3.656887e-02   1.523151e-01
  3.763930e+00   1.056420e-01   1.540371e-01
  3.769077e+00   2.386649e-01   1.548674e-01
  3.774223e+00   2.640233e-02   1.569595e-01
  3.779370e+00  -4.329147e-02   1.572436e-01
  3.784516e+00   1.455681e-01   1.559879e-01
  3.789663e+00   3.096342e-01   1.573561e-01
  3.794809e+00   8.048680e-02   1.589528e-01
  3.799956e+00   3.203110e-01   1.577732e-01
  3.805103e+00  -1.172034e-01   1.592079e-01
  3.810249e+00   3.447206e-01   1.593645e-01
  3.815396e+00   1.888295e-01   1.543861e-01
  3.820542e+00  -1.598443e-03   1.532056e-01
  3.825689e+00   2.029622e-01   1.533214e-01
  3.830835e+00   1.265637e-01   1.509190e-01
  3.835982e+00   3.205824e-01   1.511598e-01
  3.841129e+00   1.351516e-01   1.515120e-01
  3.846275e+00   1.317529e-01   1.511163e-01
  3.851422e+00  -9.613381e-03   1.506814e-01
  3.856568e+00   9.201542e-02   1.525612e-01
  3.861715e+00  -2.972785e-02   1.496740e-01
  3.866861e+00   2.215421e-01   1.516879e-01
  3.872008e+00   3.094434e-01   1.522261e-01
  3.877155e+00   2.671247e-01   1.509942e-01
  3.882301e+00   2.619765e-01   1.510259e-01
  3.887448e+00   2.787717e-01   1.520755e-01
  3.892594e+00   9.653011e-03   1.507351e-01
  3.897741e+00   1.477525e-01   1.511576e-01
  3.902887e+00   2.097045e-01   1.520537e-01
  3.908034e+00   1.626500e-01   1.507604e-01
  3.913181e+00  -2.413426e-01   1.512876e-01
  3.918327e+00   1.153106e-01   1.521236e-01
  3.923474e+00  -2.789966e-03   1.507118e-01
  3.928620e+00   3.320625e-01   1.518201e-01
  3.933767e+00  -2.782014e-02   1.521947e-01
  3.938913e+00   2.748556e-01   1.512833e-01
  3.944060e+00   2.057780e-01   1.515682e-01
  3.949207e+00   1.104531e-01   1.527638e-01
  3.954353e+00   1.285118e-01   1.512198e-01
  3.959500e+00   8.523822e-03   1.527779e-01
  3.964646e+00   9.091616e-03   1.529185e-01
  3.969793e+00  -1.034372e-01   1.518816e-01
  3.974939e+00   2.473374e-01   1.527102e-01
  3.980086e+00   3.337616e-01   1.533374e-01
  3.985233e+00  -3.223424e-02   1.521246e-01
  3.990379e+00  -3.114943e-02   1.529156e-01
  3.995526e+00   2.060463e-01   1.533812e-01
  4.000672e+00   2.587420e-01   1.528814e-01
  4.005819e+00   8.114634e-02   1.537665e-01
  4.010965e+00  -4.447534e-02   1.533879e-01
  4.016112e+00   2.796018e-01   1.529074e-01
  4.021259e+00   2.033028e-01   1.537077e-01
  4.026405e+00   3.582191e-01   1.540558e-01
  4.031552e+00   1.534648e-01   1.536717e-01
  4.036698e+00   3.311794e-01   1.540386e-01
  4.041845e+00  -5.415968e-02   1.536385e-01
  4.046991e+00   1.828205e-01   1.538008e-01
  4.052138e+00   1.358076e-01   1.552282e-01
  4.057285e+00   2.479999e-01   1.541306e-01
  4.062431e+00   3.472434e-01   1.539961e-01
  4.067578e+00   2.291387e-01   1.551375e-01
  4.072724e+00   8.989968e-02   1.551288e-01
  4.077871e+00   1.562522e-01   1.541573e-01
  4.083017e+00   2.509637e-01   1.554948e-01
  4.088164e+00  -3.034715e-02   1.549356e-01
  4.093311e+00   3.201813e-02   1.551859e-01
  4.098457e+00   2.620234e-01   1.557457e-01
  4.103604e+00   1.661141e-01   1.552309e-01
  4.108750e+00   1.493706e-01   1.551979e-01
  4.113897e+00   2.317814e-01   1.562438e-01
  4.119043e+00   2.103065e-01   1.557016e-01
  4.124190e+00   8.109713e-02   1.550480e-01
  4.129336e+00   4.362066e-01   1.561729e-01
  4.134483e+00   3.072456e-01   1.555393e-01
  4.139630e+00   1.828539e-01   1.561941e-01
  4.144776e+00   1.466573e-01   1.563993e-01
  4.149923e+00   2.774512e-01   1.565041e-01
  4.155069e+00   1.798193e-01   1.557814e-01
  4.160216e+00   2.466344e-01   1.569134e-01
  4.165362e+00   1.824506e-01   1.564512e-01
  4.170509e+00  -1.107021e-01   1.564499e-01
  4.175656e+00   3.791089e-02   1.569069e-01
  4.180802e+00   4.604762e-02   1.567378e-01
  4.185949e+00   4.754066e-01   1.580357e-01
  4.191095e+00   4.455433e-01   1.591458e-01
  4.196242e+00   1.642844e-01   1.590323e-01
  4.201388e+00   1.118177e-01   1.595460e-01
  4.206535e+00   7.630980e-02   1.604636e-01
  4.211682e+00   3.559996e-01   1.611940e-01
  4.216828e+00   3.945130e-01   1.611524e-01
  4.221975e+00   7.985771e-02   1.619561e-01
  4.227121e+00  -5.699272e-02   1.623712e-01
  4.232268e+00   1.142933e-01   1.628194e-01
  4.237414e+00   3.656547e-01   1.634599e-01
  4.242561e+00  -1.631504e-01   1.642036e-01
  4.247708e+00  -3.073972e-01   1.640967e-01
  4.252854e+00   1.659923e-01   1.645952e-01
  4.258001e+00   3.683662e-01   1.642027e-01
  4.263147e+00   1.208820e-01   1.654568e-01
  4.268294e+00  -6.501289e-03   1.652854e-01
  4.273440e+00   2.918694e-01   1.663373e-01
  4.278587e+00   8.766839e-02   1.667271e-01
  4.283734e+00  -2.596341e-01   1.674853e-01
  4.288880e+00  -2.115712e-02   1.668181e-01
  4.294027e+00  -3.823129e-03   1.678116e-01
  4.299173e+00   1.706645e-01   1.684025e-01
  4.304320e+00  -1.101355e-01   1.679112e-01
  4.309466e+00   9.029850e-02   1.675944e-01
  4.314613e+00   3.380679e-02   1.677038e-01
  4.319760e+00   8.633771e-02   1.683706e-01
  4.324906e+00   2.231136e-01   1.689353e-01
  4.330053e+00   1.521567e-02   1.685259e-01
  4.335199e+00  -1.125862e-01   1.685542e-01
  4.340346e+00   2.549591e-01   1.683854e-01
  4.345492e+00   2.125032e-01   1.691365e-01
  4.350639e+00   3.522192e-01   1.690637e-01
  4.355786e+00  -3.840484e-02   1.707146e-01
  4.360932e+00   1.621724e-01   1.701341e-01
  4.366079e+00  -1.499921e-01   1.705234e-01
  4.371225e+00   1.237336e-01   1.705568e-01
  4.376372e+00   3.292767e-01   1.715489e-01
  4.381518e+00   8.282212e-02   1.708394e-01
  4.386665e+00   1.153558e-01   1.715439e-01
  4.391812e+00   6.935766e-02   1.705995e-01
  4.396958e+00  -5.469811e-02   1.711312e-01
  4.402105e+00   1.737978e-01   1.710664e-01
  4.407251e+00   1.486786e-01   1.718597e-01
  4.412398e+00   6.837880e-02   1.721402e-01
  4.417544e+00   8.759195e-02   1.731153e-01
  4.422691e+00   1.049431e-01   1.730814e-01
  4.427838e+00   1.413657e-01   1.731161e-01
  4.432984e+00   7.402728e-03   1.740118e-01
  4.438131e+00   1.639850e-01   1.758167e-01
  4.443277e+00   3.006829e-01   1.750366e-01
  4.448424e+00   1.505831e-01   1.760919e-01
  4.453570e+00   2.356702e-01   1.759983e-01
  4.458717e+00   9.471847e-02   1.775716e-01
  4.463864e+00  -1.409267e-01   1.777842e-01
  4.469010e+00   3.651297e-01   1.796037e-01
  4.474157e+00   1.377653e-01   1.788947e-01
  4.479303e+00   2.674547e-01   1.790002e-01
  4.484450e+00   1.759408e-01   1.800652e-01
  4.489596e+00   3.609612e-01   1.802306e-01
  4.494743e+00   2.022917e-01   1.809787e-01
  4.499890e+00   2.097115e-02   1.820398e-01
  4.505036e+00   3.032241e-02   1.818631e-01
  4.510183e+00   8.603518e-02   1.826620e-01
  4.515329e+00   2.330558e-01   1.843225e-01
  4.520476e+00   1.264098e-01   1.838674e-01
  4.525622e+00   2.291889e-01   1.833531e-01
  4.530769e+00   1.496305e-01   1.845379e-01
  4.535916e+00   2.439189e-01   1.855003e-01
  4.541062e+00   1.763857e-02   1.854765e-01
  4.546209e+00   4.811087e-02   1.864202e-01
  4.551355e+00   8.037595e-03   1.864309e-01
  4.556502e+00   1.145151e-02   1.865985e-01
  4.561648e+00   1.410167e-01   1.880833e-01
  4.566795e+00   1.507507e-01   1.879770e-01
  4.571942e+00   1.765431e-01   1.883485e-01
  4.577088e+00   2.223070e-01   1.881299e-01
  4.582235e+00  -7.578005e-03   1.902386e-01
  4.587381e+00   1.242983e-01   1.912434e-01
  4.592528e+00   7.201540e-02   1.906885e-01
  4.597674e+00   1.555942e-01   1.923386e-01
  4.602821e+00   1.916070e-01   1.925438e-01
  4.607968e+00  -6.518172e-03   1.946010e-01
  4.613114e+00  -1.172880e-01   1.951373e-01
  4.618261e+00   1.220541e-01   1.941741e-01
  4.623407e+00   3.466723e-01   1.939964e-01
  4.628554e+00   3.533342e-01   1.941279e-01
  4.633700e+00  -2.600878e-01   1.948064e-01
  4.638847e+00   2.721070e-01   1.952226e-01
  4.643994e+00   3.269275e-01   1.957891e-01
  4.649140e+00   1.491490e-01   1.963651e-01
  4.654287e+00   2.243315e-01   1.958557e-01
  4.659433e+00   2.434760e-01   1.969970e-01
  4.664580e+00   4.115771e-01   1.960292e-01
  4.669726e+00   5.830958e-01   1.965843e-01
  4.674873e+00  -8.372334e-02   1.963902e-01
  4.680020e+00  -5.458456e-02   1.972712e-01
  4.685166e+00   1.346147e-01   1.984756e-01
  4.690313e+00   3.714893e-01   1.987859e-01
  4.695459e+00  -2.358451e-01   1.990525e-01
  4.700606e+00   3.768257e-02   2.006830e-01
  4.705752e+00   1.343582e-01   2.011006e-01
  4.710899e+00   7.306845e-02   2.005636e-01
  4.716046e+00   2.878608e-01   2.019632e-01
  4.721192e+00  -2.616596e-02   2.024830e-01
  4.726339e+00   3.303222e-01   2.034895e-01
  4.731485e+00   1.527832e-01   2.040536e-01
  4.736632e+00   2.145037e-02   2.044269e-01
  4.741778e+00  -1.706085e-02   2.058311e-01
  4.746925e+00   1.794152e-01   2.072073e-01
  4.752072e+00   2.412474e-01   2.076539e-01
  4.757218e+00   2.799163e-01   2.062558e-01
  4.762365e+00  -2.092109e-01   2.080703e-01
  4.767511e+00   4.010568e-01   2.081074e-01
  4.772658e+00   1.664319e-01   2.092756e-01
  4.777804e+00   2.457902e-01   2.100164e-01
  4.782951e+00   6.616508e-01   2.112077e-01
  4.788098e+00   5.792659e-01   2.111344e-01
  4.793244e+00   2.145500e-01   2.124109e-01
  4.798391e+00   2.812437e-01   2.142015e-01
  4.803537e+00  -3.745754e-02   2.128553e-01
  4.808684e+00   2.456405e-01   2.135017e-01
  4.813830e+00   3.198130e-01   2.155011e-01
  4.818977e+00   3.321283e-01   2.142387e-01
  4.824124e+00  -1.825971e-01   2.160030e-01
  4.829270e+00   6.903290e-02   2.160903e-01
  4.834417e+00   3.491957e-01   2.183517e-01
  4.839563e+00   3.418730e-01   2.192142e-01
  4.844710e+00  -1.810001e-02   2.197273e-01
  4.849856e+00   5.486190e-01   2.188486e-01
  4.855003e+00   6.978869e-02   2.196417e-01
  4.860150e+00   3.747083e-01   2.207552e-01
  4.865296e+00  -1.428408e-01   2.213861e-01
  4.870443e+00   2.408018e-01   2.225068e-01
  4.875589e+00   1.480946e-01   2.230785e-01
  4.880736e+00   2.209173e-01   2.239454e-01
  4.885882e+00  -3.214936e-01   2.252681e-01
  4.891029e+00   6.340562e-01   2.272496e-01
  4.896176e+00   6.236873e-01   2.263258e-01
  4.901322e+00   3.007524e-01   2.268725e-01
  4.906469e+00   1.918817e-01   2.271274e-01
  4.911615e+00  -2.157425e-01   2.276056e-01
  4.916762e+00   3.993894e-01   2.284372e-01
  4.921908e+00   3.042700e-01   2.299103e-01
  4.927055e+00  -3.888166e-02   2.301934e-01
  4.932201e+00   9.817901e-02   2.321418e-01
  4.937348e+00   3.730508e-02   2.325443e-01
  4.942495e+00  -5.759792e-02   2.329964e-01
  4.947641e+00   1.331400e-01   2.326563e-01
  4.952788e+00   2.915366e-01   2.333726e-01
  4.957934e+00  -7.963114e-02   2.336243e-01
  4.963081e+00  -6.038247e-02   2.342742e-01
  4.968227e+00  -1.057831e-01   2.337343e-01
  4.973374e+00  -2.137003e-01   2.346368e-01
  4.978521e+00   2.574052e-02   2.358359e-01
  4.983667e+00   5.008628e-01   2.356637e-01
  4.988814e+00   1.660150e-01   2.380863e-01
  4.993960e+00   5.561728e-03   2.370768e-01
  4.999107e+00   2.755289e-01   2.368956e-01
  5.004253e+00   1.762684e-01   2.386249e-01
  5.009400e+00   8.301390e-02   2.428497e-01
  5.014547e+00  -1.110423e-01   2.444998e-01
  5.019693e+00  -2.825067e-01   2.437068e-01
  5.024840e+00   2.231552e-01   2.493399e-01
  5.029986e+00   3.513545e-01   2.503225e-01
  5.035133e+00  -9.801472e-02   2.575614e-01
  5.040279e+00   1.172191e-01   2.566909e-01
  5.045426e+00   2.062051e-01   2.596042e-01
  5.050573e+00   2.275473e-01   2.614351e-01
  5.055719e+00  -7.726118e-02   2.650254e-01
  5.060866e+00   5.190628e-01   2.686476e-01
  5.066012e+00   2.075824e-01   2.712006e-01
  5.071159e+00   1.958886e-01   2.758257e-01
  5.076305e+00  -8.386749e-02   2.773477e-01
  5.081452e+00   2.807937e-01   2.826141e-01
  5.086599e+00   2.826453e-01   2.837328e-01
  5.091745e+00   1.070482e-01   2.929340e-01
  5.096892e+00   9.017302e-02   3.030692e-01
  5.102038e+00  -6.384668e-01   3.112184e-01
  5.107185e+00  -3.186267e-01   3.207485e-01
  5.112331e+00  -2.295607e-02   3.284076e-01
  5.117478e+00   1.032926e-01   3.319193e-01
  5.122625e+00   2.516625e-01   3.393605e-01
  5.127771e+00   2.910949e-01   3.498777e-01
  5.132918e+00   2.090407e-01   3.605742e-01
  5.138064e+00   2.731822e-01   3.547041e-01
  5.143211e+00   3.883069e-01   3.556741e-01
  5.148357e+00   8.409171e-01   3.593007e-01
  5.153504e+00   2.275948e-01   3.602894e-01
  5.158651e+00   1.198661e-01   3.685322e-01
  5.163797e+00  -1.702807e-04   4.264422e-01
  5.168944e+00   7.320142e-01   5.385742e-01
  5.174090e+00   1.152807e+00   6.166860e-01
  5.179237e+00   5.526586e-01   1.089746e+00
