Sample description: 
Sample:   c= 0 mg/ml  Code: 
  2.488223e-01   1.196623e+02   7.981452e-01
  2.539689e-01   1.186713e+02   7.814267e-01
  2.591155e-01   1.176056e+02   7.762301e-01
  2.642620e-01   1.181673e+02   7.606056e-01
  2.694086e-01   1.177701e+02   7.473385e-01
  2.745552e-01   1.168222e+02   7.374305e-01
  2.797018e-01   1.175789e+02   7.298687e-01
  2.848483e-01   1.163466e+02   7.178513e-01
  2.899949e-01   1.144437e+02   7.161319e-01
  2.951415e-01   1.156570e+02   7.267480e-01
  3.002880e-01   1.151403e+02   7.256569e-01
  3.054346e-01   1.140337e+02   7.238533e-01
  3.105812e-01   1.133896e+02   7.198277e-01
  3.157277e-01   1.134103e+02   7.170848e-01
  3.208743e-01   1.119560e+02   7.078004e-01
  3.260209e-01   1.127965e+02   7.126600e-01
  3.311675e-01   1.112393e+02   7.046748e-01
  3.363140e-01   1.106667e+02   7.066770e-01
  3.414606e-01   1.093371e+02   6.988536e-01
  3.466072e-01   1.091262e+02   6.902692e-01
  3.517537e-01   1.094694e+02   6.872129e-01
  3.569003e-01   1.085602e+02   6.717493e-01
  3.620469e-01   1.088969e+02   6.507295e-01
  3.671934e-01   1.077831e+02   6.413911e-01
  3.723400e-01   1.076116e+02   6.378884e-01
  3.774866e-01   1.050625e+02   6.233958e-01
  3.826332e-01   1.057994e+02   6.152850e-01
  3.877797e-01   1.041416e+02   6.111867e-01
  3.929263e-01   1.042020e+02   5.990026e-01
  3.980729e-01   1.044929e+02   5.940431e-01
  4.032194e-01   1.025404e+02   5.872378e-01
  4.083660e-01   1.023113e+02   5.741003e-01
  4.135126e-01   1.016544e+02   5.714442e-01
  4.186592e-01   1.010961e+02   5.688081e-01
  4.238057e-01   1.000992e+02   5.576836e-01
  4.289523e-01   9.951438e+01   5.534691e-01
  4.340989e-01   9.938454e+01   5.499321e-01
  4.392454e-01   9.846752e+01   5.448837e-01
  4.443920e-01   9.880499e+01   5.402887e-01
  4.495386e-01   9.768755e+01   5.340357e-01
  4.546851e-01   9.644345e+01   5.246220e-01
  4.598317e-01   9.691174e+01   5.244170e-01
  4.649783e-01   9.519524e+01   5.230492e-01
  4.701249e-01   9.505695e+01   5.276074e-01
  4.752714e-01   9.334229e+01   5.267759e-01
  4.804180e-01   9.317769e+01   5.308870e-01
  4.855646e-01   9.308335e+01   5.288323e-01
  4.907111e-01   9.229438e+01   5.295669e-01
  4.958577e-01   9.060983e+01   5.264714e-01
  5.010043e-01   9.053384e+01   5.253956e-01
  5.061509e-01   8.995964e+01   5.257224e-01
  5.112974e-01   8.826248e+01   5.285843e-01
  5.164440e-01   8.783260e+01   5.195457e-01
  5.215906e-01   8.693745e+01   5.178220e-01
  5.267371e-01   8.727039e+01   5.183978e-01
  5.318837e-01   8.719004e+01   5.168313e-01
  5.370303e-01   8.556632e+01   4.982897e-01
  5.421768e-01   8.424178e+01   4.935902e-01
  5.473234e-01   8.390531e+01   4.877639e-01
  5.524700e-01   8.398199e+01   4.791424e-01
  5.576166e-01   8.344356e+01   4.780548e-01
  5.627631e-01   8.267644e+01   4.717895e-01
  5.679097e-01   8.128328e+01   4.640319e-01
  5.730563e-01   8.065650e+01   4.614573e-01
  5.782028e-01   8.030523e+01   4.582058e-01
  5.833494e-01   7.970270e+01   4.514545e-01
  5.884960e-01   7.844244e+01   4.496925e-01
  5.936426e-01   7.797759e+01   4.498554e-01
  5.987891e-01   7.708800e+01   4.398818e-01
  6.039357e-01   7.705618e+01   4.394513e-01
  6.090823e-01   7.548157e+01   4.356908e-01
  6.142288e-01   7.568868e+01   4.302306e-01
  6.193754e-01   7.474924e+01   4.278382e-01
  6.245220e-01   7.435868e+01   4.260791e-01
  6.296685e-01   7.365614e+01   4.210175e-01
  6.348151e-01   7.285586e+01   4.202703e-01
  6.399617e-01   7.272896e+01   4.181769e-01
  6.451083e-01   7.085396e+01   4.115332e-01
  6.502548e-01   7.064888e+01   4.080158e-01
  6.554014e-01   6.986253e+01   4.066579e-01
  6.605480e-01   6.851164e+01   4.051298e-01
  6.656945e-01   6.827646e+01   4.096313e-01
  6.708411e-01   6.775320e+01   4.124848e-01
  6.759877e-01   6.731766e+01   4.110305e-01
  6.811343e-01   6.667218e+01   4.100619e-01
  6.862808e-01   6.624485e+01   4.093167e-01
  6.914274e-01   6.531620e+01   3.984209e-01
  6.965740e-01   6.430201e+01   3.921560e-01
  7.017205e-01   6.340479e+01   3.910804e-01
  7.068671e-01   6.404776e+01   3.874380e-01
  7.120137e-01   6.308253e+01   3.828281e-01
  7.171602e-01   6.237324e+01   3.825457e-01
  7.223068e-01   6.141809e+01   3.771509e-01
  7.274534e-01   6.118975e+01   3.738589e-01
  7.326000e-01   6.028148e+01   3.727838e-01
  7.377465e-01   5.924178e+01   3.664707e-01
  7.428931e-01   5.914725e+01   3.638454e-01
  7.480397e-01   5.758474e+01   3.619950e-01
  7.531862e-01   5.778308e+01   3.581793e-01
  7.583328e-01   5.667873e+01   3.573597e-01
  7.634794e-01   5.634535e+01   3.577353e-01
  7.686259e-01   5.549888e+01   3.538854e-01
  7.737725e-01   5.490866e+01   3.502507e-01
  7.789191e-01   5.490093e+01   3.521898e-01
  7.840657e-01   5.399358e+01   3.462130e-01
  7.892122e-01   5.354979e+01   3.439029e-01
  7.943588e-01   5.271233e+01   3.439199e-01
  7.995054e-01   5.298796e+01   3.412095e-01
  8.046519e-01   5.197955e+01   3.392781e-01
  8.097985e-01   5.122153e+01   3.378947e-01
  8.149451e-01   5.091766e+01   3.319704e-01
  8.200917e-01   5.025135e+01   3.314633e-01
  8.252382e-01   4.948858e+01   3.308618e-01
  8.303848e-01   4.909402e+01   3.263179e-01
  8.355314e-01   4.829275e+01   3.240372e-01
  8.406779e-01   4.807825e+01   3.227834e-01
  8.458245e-01   4.683559e+01   3.204434e-01
  8.509711e-01   4.653005e+01   3.192036e-01
  8.561176e-01   4.595826e+01   3.180752e-01
  8.612642e-01   4.575756e+01   3.169646e-01
  8.664108e-01   4.559871e+01   3.144300e-01
  8.715574e-01   4.408718e+01   3.141060e-01
  8.767039e-01   4.412829e+01   3.102169e-01
  8.818505e-01   4.355237e+01   3.088492e-01
  8.869971e-01   4.299950e+01   3.070163e-01
  8.921436e-01   4.259784e+01   3.079920e-01
  8.972902e-01   4.222931e+01   3.018725e-01
  9.024368e-01   4.115308e+01   3.035512e-01
  9.075834e-01   4.095958e+01   3.016670e-01
  9.127299e-01   4.087795e+01   2.984933e-01
  9.178765e-01   4.050830e+01   2.999451e-01
  9.230231e-01   3.943541e+01   3.032649e-01
  9.281696e-01   3.910315e+01   2.996980e-01
  9.333162e-01   3.848487e+01   3.009070e-01
  9.384628e-01   3.837455e+01   3.016409e-01
  9.436093e-01   3.746603e+01   2.973839e-01
  9.487559e-01   3.699812e+01   2.995283e-01
  9.539025e-01   3.708230e+01   3.007973e-01
  9.590491e-01   3.619567e+01   2.956377e-01
  9.641956e-01   3.564091e+01   2.966166e-01
  9.693422e-01   3.470501e+01   2.965788e-01
  9.744888e-01   3.505161e+01   2.941770e-01
  9.796353e-01   3.409851e+01   2.946742e-01
  9.847819e-01   3.382842e+01   2.942480e-01
  9.899285e-01   3.391398e+01   2.919835e-01
  9.950751e-01   3.298794e+01   2.921467e-01
  1.000222e+00   3.220243e+01   2.912811e-01
  1.005368e+00   3.209199e+01   2.901515e-01
  1.010515e+00   3.141474e+01   2.931870e-01
  1.015661e+00   3.133836e+01   2.953791e-01
  1.020808e+00   3.084866e+01   2.935004e-01
  1.025954e+00   3.012754e+01   2.941006e-01
  1.031101e+00   3.038239e+01   2.948524e-01
  1.036248e+00   3.012400e+01   2.933683e-01
  1.041394e+00   2.922869e+01   2.931944e-01
  1.046541e+00   2.927705e+01   2.930669e-01
  1.051687e+00   2.802954e+01   2.905874e-01
  1.056834e+00   2.834228e+01   2.917615e-01
  1.061980e+00   2.777712e+01   2.906772e-01
  1.067127e+00   2.750809e+01   2.893902e-01
  1.072274e+00   2.655487e+01   2.860705e-01
  1.077420e+00   2.680115e+01   2.880461e-01
  1.082567e+00   2.627884e+01   2.860352e-01
  1.087713e+00   2.567463e+01   2.843934e-01
  1.092860e+00   2.494449e+01   2.848546e-01
  1.098006e+00   2.505330e+01   2.823064e-01
  1.103153e+00   2.511689e+01   2.831742e-01
  1.108300e+00   2.422019e+01   2.815167e-01
  1.113446e+00   2.434102e+01   2.846842e-01
  1.118593e+00   2.379570e+01   2.842649e-01
  1.123739e+00   2.339678e+01   2.863809e-01
  1.128886e+00   2.325533e+01   2.849678e-01
  1.134032e+00   2.255899e+01   2.832218e-01
  1.139179e+00   2.229602e+01   2.823548e-01
  1.144326e+00   2.192807e+01   2.821219e-01
  1.149472e+00   2.170995e+01   2.825361e-01
  1.154619e+00   2.154072e+01   2.811896e-01
  1.159765e+00   2.064115e+01   2.807060e-01
  1.164912e+00   2.101819e+01   2.796770e-01
  1.170058e+00   2.034467e+01   2.788428e-01
  1.175205e+00   2.043100e+01   2.769198e-01
  1.180352e+00   1.952157e+01   2.733797e-01
  1.185498e+00   1.939752e+01   2.731567e-01
  1.190645e+00   1.932112e+01   2.717061e-01
  1.195791e+00   1.851814e+01   2.691382e-01
  1.200938e+00   1.799658e+01   2.679681e-01
  1.206084e+00   1.844416e+01   2.662496e-01
  1.211231e+00   1.782664e+01   2.639596e-01
  1.216378e+00   1.756721e+01   2.638611e-01
  1.221524e+00   1.738780e+01   2.621286e-01
  1.226671e+00   1.707015e+01   2.631029e-01
  1.231817e+00   1.704734e+01   2.691242e-01
  1.236964e+00   1.695446e+01   2.669244e-01
  1.242110e+00   1.643570e+01   2.661872e-01
  1.247257e+00   1.670502e+01   2.685186e-01
  1.252404e+00   1.627462e+01   2.663507e-01
  1.257550e+00   1.584374e+01   2.675334e-01
  1.262697e+00   1.554079e+01   2.663222e-01
  1.267843e+00   1.541974e+01   2.658034e-01
  1.272990e+00   1.530552e+01   2.647720e-01
  1.278136e+00   1.530782e+01   2.678160e-01
  1.283283e+00   1.490988e+01   2.634982e-01
  1.288430e+00   1.492895e+01   2.664898e-01
  1.293576e+00   1.464045e+01   2.710299e-01
  1.298723e+00   1.398654e+01   2.711063e-01
  1.303869e+00   1.373300e+01   2.729296e-01
  1.309016e+00   1.343235e+01   2.753671e-01
  1.314162e+00   1.324646e+01   2.742245e-01
  1.319309e+00   1.338220e+01   2.773334e-01
  1.324456e+00   1.275637e+01   2.773187e-01
  1.329602e+00   1.236275e+01   2.752069e-01
  1.334749e+00   1.276013e+01   2.780282e-01
  1.339895e+00   1.230932e+01   2.772653e-01
  1.345042e+00   1.236994e+01   2.768673e-01
  1.350188e+00   1.196325e+01   2.776660e-01
  1.355335e+00   1.159481e+01   2.774950e-01
  1.360482e+00   1.112574e+01   2.721714e-01
  1.365628e+00   1.125463e+01   2.692341e-01
  1.370775e+00   1.131483e+01   2.685056e-01
  1.375921e+00   1.091227e+01   2.664571e-01
  1.381068e+00   1.072055e+01   2.648047e-01
  1.386214e+00   1.053923e+01   2.667970e-01
  1.391361e+00   1.093577e+01   2.623683e-01
  1.396508e+00   1.016722e+01   2.620673e-01
  1.401654e+00   1.019971e+01   2.625489e-01
  1.406801e+00   1.018399e+01   2.633630e-01
  1.411947e+00   9.864655e+00   2.583461e-01
  1.417094e+00   9.475679e+00   2.606919e-01
  1.422240e+00   9.448828e+00   2.578376e-01
  1.427387e+00   9.236303e+00   2.571591e-01
  1.432534e+00   9.082278e+00   2.575977e-01
  1.437680e+00   8.726252e+00   2.565857e-01
  1.442827e+00   8.566628e+00   2.548060e-01
  1.447973e+00   9.242737e+00   2.582594e-01
  1.453120e+00   8.831726e+00   2.547388e-01
  1.458266e+00   8.215219e+00   2.523763e-01
  1.463413e+00   8.195767e+00   2.536895e-01
  1.468560e+00   7.813115e+00   2.512012e-01
  1.473706e+00   7.885217e+00   2.504845e-01
  1.478853e+00   7.745583e+00   2.522011e-01
  1.483999e+00   7.510455e+00   2.506367e-01
  1.489146e+00   8.423595e+00   2.508789e-01
  1.494292e+00   7.448176e+00   2.496099e-01
  1.499439e+00   7.437901e+00   2.492235e-01
  1.504586e+00   7.433815e+00   2.480450e-01
  1.509732e+00   7.031343e+00   2.486848e-01
  1.514879e+00   6.860737e+00   2.468559e-01
  1.520025e+00   6.661197e+00   2.461685e-01
  1.525172e+00   6.995347e+00   2.485564e-01
  1.530318e+00   6.344973e+00   2.456376e-01
  1.535465e+00   6.584787e+00   2.469003e-01
  1.540612e+00   6.418674e+00   2.459548e-01
  1.545758e+00   6.062419e+00   2.441651e-01
  1.550905e+00   5.971764e+00   2.443465e-01
  1.556051e+00   6.026199e+00   2.436370e-01
  1.561198e+00   6.621370e+00   2.441576e-01
  1.566344e+00   5.600063e+00   2.426372e-01
  1.571491e+00   5.353782e+00   2.422524e-01
  1.576638e+00   5.401755e+00   2.433837e-01
  1.581784e+00   5.389659e+00   2.409986e-01
  1.586931e+00   5.419062e+00   2.410133e-01
  1.592077e+00   5.995428e+00   2.412941e-01
  1.597224e+00   5.198728e+00   2.406341e-01
  1.602370e+00   5.044786e+00   2.397036e-01
  1.607517e+00   4.800285e+00   2.414688e-01
  1.612664e+00   4.550668e+00   2.385808e-01
  1.617810e+00   4.523200e+00   2.386681e-01
  1.622957e+00   4.630250e+00   2.383533e-01
  1.628103e+00   5.017230e+00   2.367560e-01
  1.633250e+00   4.643589e+00   2.380494e-01
  1.638396e+00   4.827906e+00   2.381725e-01
  1.643543e+00   4.188343e+00   2.349865e-01
  1.648690e+00   4.317785e+00   2.362637e-01
  1.653836e+00   3.824710e+00   2.371182e-01
  1.658983e+00   4.397028e+00   2.348200e-01
  1.664129e+00   4.406134e+00   2.372086e-01
  1.669276e+00   4.145166e+00   2.361016e-01
  1.674422e+00   4.093009e+00   2.344923e-01
  1.679569e+00   4.098570e+00   2.348107e-01
  1.684716e+00   3.333289e+00   2.350392e-01
  1.689862e+00   3.670211e+00   2.328627e-01
  1.695009e+00   3.514293e+00   2.335837e-01
  1.700155e+00   3.469658e+00   2.337896e-01
  1.705302e+00   3.345729e+00   2.324879e-01
  1.710448e+00   3.678812e+00   2.342801e-01
  1.715595e+00   3.431082e+00   2.328847e-01
  1.720741e+00   3.232457e+00   2.311790e-01
  1.725888e+00   3.245023e+00   2.321941e-01
  1.731035e+00   3.338717e+00   2.319016e-01
  1.736181e+00   3.026389e+00   2.303264e-01
  1.741328e+00   3.248228e+00   2.300337e-01
  1.746474e+00   2.988646e+00   2.311081e-01
  1.751621e+00   3.027508e+00   2.296797e-01
  1.756767e+00   3.192749e+00   2.275207e-01
  1.761914e+00   3.302908e+00   2.294471e-01
  1.767061e+00   2.835829e+00   2.264220e-01
  1.772207e+00   3.050758e+00   2.268190e-01
  1.777354e+00   2.737555e+00   2.284326e-01
  1.782500e+00   2.685549e+00   2.273340e-01
  1.787647e+00   2.630502e+00   2.256135e-01
  1.792793e+00   2.610575e+00   2.277897e-01
  1.797940e+00   2.491298e+00   2.259069e-01
  1.803087e+00   2.700956e+00   2.262601e-01
  1.808233e+00   2.634630e+00   2.263656e-01
  1.813380e+00   2.456539e+00   2.255470e-01
  1.818526e+00   2.747334e+00   2.232466e-01
  1.823673e+00   2.502494e+00   2.255167e-01
  1.828819e+00   2.263028e+00   2.242537e-01
  1.833966e+00   2.114349e+00   2.241422e-01
  1.839113e+00   2.006871e+00   2.252866e-01
  1.844259e+00   2.384903e+00   2.243600e-01
  1.849406e+00   2.070747e+00   2.218363e-01
  1.854552e+00   1.936977e+00   2.252380e-01
  1.859699e+00   2.206010e+00   2.244154e-01
  1.864845e+00   2.332311e+00   2.236087e-01
  1.869992e+00   2.380592e+00   2.244714e-01
  1.875139e+00   1.834505e+00   2.232783e-01
  1.880285e+00   2.159878e+00   2.231800e-01
  1.885432e+00   1.956918e+00   2.233149e-01
  1.890578e+00   2.050838e+00   2.224031e-01
  1.895725e+00   1.750997e+00   2.214227e-01
  1.900871e+00   2.019509e+00   2.237502e-01
  1.906018e+00   1.629942e+00   2.219126e-01
  1.911165e+00   1.532512e+00   2.214452e-01
  1.916311e+00   1.872065e+00   2.229209e-01
  1.921458e+00   1.904611e+00   2.223604e-01
  1.926604e+00   1.712609e+00   2.209062e-01
  1.931751e+00   1.789017e+00   2.231353e-01
  1.936897e+00   1.833738e+00   2.212866e-01
  1.942044e+00   1.628953e+00   2.204652e-01
  1.947191e+00   1.754382e+00   2.216558e-01
  1.952337e+00   1.437401e+00   2.208452e-01
  1.957484e+00   1.407163e+00   2.194120e-01
  1.962630e+00   1.421913e+00   2.217027e-01
  1.967777e+00   1.662903e+00   2.208000e-01
  1.972923e+00   1.358248e+00   2.196944e-01
  1.978070e+00   1.398016e+00   2.208015e-01
  1.983217e+00   1.229418e+00   2.196921e-01
  1.988363e+00   1.262159e+00   2.189656e-01
  1.993510e+00   1.263961e+00   2.204947e-01
  1.998656e+00   1.321733e+00   2.200717e-01
  2.003803e+00   1.345492e+00   2.196820e-01
  2.008949e+00   1.433589e+00   2.206880e-01
  2.014096e+00   1.167805e+00   2.190714e-01
  2.019243e+00   8.582131e-01   2.180753e-01
  2.024389e+00   1.383876e+00   2.191653e-01
  2.029536e+00   1.424925e+00   2.188419e-01
  2.034682e+00   1.085726e+00   2.172804e-01
  2.039829e+00   1.192771e+00   2.195671e-01
  2.044975e+00   1.325577e+00   2.183226e-01
  2.050122e+00   1.285734e+00   2.189364e-01
  2.055269e+00   1.183892e+00   2.192654e-01
  2.060415e+00   1.021544e+00   2.187429e-01
  2.065562e+00   1.427799e+00   2.168598e-01
  2.070708e+00   1.107630e+00   2.178254e-01
  2.075855e+00   9.147546e-01   2.175538e-01
  2.081001e+00   1.210638e+00   2.171936e-01
  2.086148e+00   1.511710e+00   2.184267e-01
  2.091295e+00   1.147808e+00   2.175766e-01
  2.096441e+00   1.238891e+00   2.183530e-01
  2.101588e+00   1.082772e+00   2.166006e-01
  2.106734e+00   1.623571e+00   2.176264e-01
  2.111881e+00   1.457642e+00   2.213391e-01
  2.117027e+00   1.005430e+00   2.242982e-01
  2.122174e+00   1.474587e+00   2.256050e-01
  2.127321e+00   1.180260e+00   2.272225e-01
  2.132467e+00   1.238167e+00   2.299210e-01
  2.137614e+00   1.099031e+00   2.299290e-01
  2.142760e+00   6.590551e-01   2.310323e-01
  2.147907e+00   1.319040e+00   2.320096e-01
  2.153053e+00   1.248240e+00   2.328070e-01
  2.158200e+00   8.975365e-01   2.337358e-01
  2.163347e+00   8.705066e-01   2.353758e-01
  2.168493e+00   1.033023e+00   2.348688e-01
  2.173640e+00   7.717744e-01   2.344645e-01
  2.178786e+00   9.839997e-01   2.312293e-01
  2.183933e+00   8.861496e-01   2.304535e-01
  2.189079e+00   1.066282e+00   2.280408e-01
  2.194226e+00   9.380381e-01   2.258838e-01
  2.199373e+00   1.259051e+00   2.259363e-01
  2.204519e+00   1.274719e+00   2.253318e-01
  2.209666e+00   1.068771e+00   2.245920e-01
  2.214812e+00   1.366915e+00   2.245867e-01
  2.219959e+00   7.788984e-01   2.218131e-01
  2.225105e+00   1.253869e+00   2.235055e-01
  2.230252e+00   1.196873e+00   2.236825e-01
  2.235399e+00   1.074342e+00   2.213784e-01
  2.240545e+00   9.052519e-01   2.213768e-01
  2.245692e+00   9.205189e-01   2.219610e-01
  2.250838e+00   7.192035e-01   2.200603e-01
  2.255985e+00   1.534297e+00   2.206292e-01
  2.261131e+00   8.375437e-01   2.210833e-01
  2.266278e+00   1.330811e+00   2.197933e-01
  2.271425e+00   9.822955e-01   2.204859e-01
  2.276571e+00   1.077132e+00   2.202760e-01
  2.281718e+00   9.504099e-01   2.192495e-01
  2.286864e+00   1.171653e+00   2.198234e-01
  2.292011e+00   1.233605e+00   2.198391e-01
  2.297157e+00   1.126973e+00   2.175663e-01
  2.302304e+00   9.503748e-01   2.183529e-01
  2.307451e+00   8.669686e-01   2.199136e-01
  2.312597e+00   1.292709e+00   2.190521e-01
  2.317744e+00   8.191170e-01   2.168444e-01
  2.322890e+00   1.347483e+00   2.187357e-01
  2.328037e+00   1.096153e+00   2.169999e-01
  2.333183e+00   8.790505e-01   2.167820e-01
  2.338330e+00   9.552307e-01   2.178703e-01
  2.343477e+00   1.285376e+00   2.173791e-01
  2.348623e+00   1.115241e+00   2.160461e-01
  2.353770e+00   1.121964e+00   2.176747e-01
  2.358916e+00   1.232814e+00   2.171951e-01
  2.364063e+00   9.477707e-01   2.157455e-01
  2.369209e+00   1.272457e+00   2.166700e-01
  2.374356e+00   8.518020e-01   2.169092e-01
  2.379503e+00   1.178335e+00   2.152864e-01
  2.384649e+00   9.853685e-01   2.169843e-01
  2.389796e+00   6.503950e-01   2.148545e-01
  2.394942e+00   1.250699e+00   2.152381e-01
  2.400089e+00   8.774673e-01   2.175450e-01
  2.405235e+00   1.422168e+00   2.156637e-01
  2.410382e+00   1.476058e+00   2.147198e-01
  2.415529e+00   1.417007e+00   2.150715e-01
  2.420675e+00   1.001650e+00   2.146420e-01
  2.425822e+00   1.170054e+00   2.138947e-01
  2.430968e+00   1.039038e+00   2.151764e-01
  2.436115e+00   1.143205e+00   2.144587e-01
  2.441261e+00   1.014926e+00   2.131551e-01
  2.446408e+00   1.171985e+00   2.150358e-01
  2.451555e+00   1.394481e+00   2.132468e-01
  2.456701e+00   1.158858e+00   2.123899e-01
  2.461848e+00   1.164272e+00   2.140336e-01
  2.466994e+00   1.288936e+00   2.126148e-01
  2.472141e+00   9.914069e-01   2.113460e-01
  2.477287e+00   1.345648e+00   2.130458e-01
  2.482434e+00   1.293093e+00   2.114567e-01
  2.487581e+00   1.407097e+00   2.106400e-01
  2.492727e+00   8.819507e-01   2.123529e-01
  2.497874e+00   1.163069e+00   2.102088e-01
  2.503020e+00   9.913273e-01   2.097367e-01
  2.508167e+00   1.153326e+00   2.101959e-01
  2.513313e+00   8.400791e-01   2.107704e-01
  2.518460e+00   1.447922e+00   2.089303e-01
  2.523606e+00   1.281330e+00   2.115817e-01
  2.528753e+00   1.499323e+00   2.098109e-01
  2.533900e+00   1.310913e+00   2.089704e-01
  2.539046e+00   1.216719e+00   2.100600e-01
  2.544193e+00   1.351885e+00   2.100297e-01
  2.549339e+00   1.376174e+00   2.090014e-01
  2.554486e+00   1.307486e+00   2.107073e-01
  2.559632e+00   1.310971e+00   2.091068e-01
  2.564779e+00   1.320295e+00   2.080750e-01
  2.569926e+00   1.728475e+00   2.099875e-01
  2.575072e+00   1.446902e+00   2.141258e-01
  2.580219e+00   1.533536e+00   2.153735e-01
  2.585365e+00   1.353063e+00   2.178450e-01
  2.590512e+00   1.530301e+00   2.196621e-01
  2.595658e+00   1.547582e+00   2.181247e-01
  2.600805e+00   1.511320e+00   2.169914e-01
  2.605952e+00   1.203938e+00   2.142572e-01
  2.611098e+00   1.698471e+00   2.128985e-01
  2.616245e+00   1.235131e+00   2.136531e-01
  2.621391e+00   1.539904e+00   2.126815e-01
  2.626538e+00   1.443788e+00   2.109676e-01
  2.631684e+00   1.639162e+00   2.120412e-01
  2.636831e+00   1.326073e+00   2.103506e-01
  2.641978e+00   1.199076e+00   2.097482e-01
  2.647124e+00   1.187733e+00   2.118587e-01
  2.652271e+00   1.386192e+00   2.112609e-01
  2.657417e+00   1.557611e+00   2.101470e-01
  2.662564e+00   1.517626e+00   2.114840e-01
  2.667710e+00   1.575438e+00   2.120319e-01
  2.672857e+00   1.329592e+00   2.100472e-01
  2.678004e+00   1.620741e+00   2.105305e-01
  2.683150e+00   1.407576e+00   2.096133e-01
  2.688297e+00   1.550691e+00   2.089582e-01
  2.693443e+00   1.676568e+00   2.104371e-01
  2.698590e+00   1.095368e+00   2.095079e-01
  2.703736e+00   1.384216e+00   2.091508e-01
  2.708883e+00   1.340268e+00   2.099466e-01
  2.714030e+00   1.272434e+00   2.081347e-01
  2.719176e+00   1.773489e+00   2.078673e-01
  2.724323e+00   1.637635e+00   2.096139e-01
  2.729469e+00   1.657407e+00   2.083697e-01
  2.734616e+00   1.585754e+00   2.083385e-01
  2.739762e+00   1.095660e+00   2.077398e-01
  2.744909e+00   1.327142e+00   2.085209e-01
  2.750056e+00   1.565937e+00   2.067301e-01
  2.755202e+00   1.237964e+00   2.082030e-01
  2.760349e+00   1.645916e+00   2.068787e-01
  2.765495e+00   1.608997e+00   2.065277e-01
  2.770642e+00   1.786893e+00   2.076273e-01
  2.775788e+00   1.520062e+00   2.079725e-01
  2.780935e+00   1.264846e+00   2.059884e-01
  2.786082e+00   1.545122e+00   2.078279e-01
  2.791228e+00   1.275438e+00   2.071688e-01
  2.796375e+00   1.254699e+00   2.068059e-01
  2.801521e+00   1.682150e+00   2.069367e-01
  2.806668e+00   1.476877e+00   2.055794e-01
  2.811814e+00   1.639543e+00   2.050416e-01
  2.816961e+00   1.226742e+00   2.092729e-01
  2.822108e+00   1.494655e+00   2.104946e-01
  2.827254e+00   1.270973e+00   2.111840e-01
  2.832401e+00   1.606766e+00   2.125084e-01
  2.837547e+00   1.561324e+00   2.137882e-01
  2.842694e+00   1.494780e+00   2.123255e-01
  2.847840e+00   1.463963e+00   2.122105e-01
  2.852987e+00   1.469851e+00   2.128187e-01
  2.858134e+00   1.398840e+00   2.111308e-01
  2.863280e+00   1.554443e+00   2.122622e-01
  2.868427e+00   1.622747e+00   2.122324e-01
  2.873573e+00   1.633696e+00   2.116605e-01
  2.878720e+00   1.669204e+00   2.120737e-01
  2.883866e+00   1.304418e+00   2.121331e-01
  2.889013e+00   1.596333e+00   2.101445e-01
  2.894160e+00   1.720016e+00   2.104859e-01
  2.899306e+00   1.698527e+00   2.109312e-01
  2.904453e+00   1.194764e+00   2.090204e-01
  2.909599e+00   1.722128e+00   2.106904e-01
  2.914746e+00   1.687629e+00   2.114454e-01
  2.919892e+00   1.401590e+00   2.097532e-01
  2.925039e+00   1.665434e+00   2.115778e-01
  2.930186e+00   1.046846e+00   2.140991e-01
  2.935332e+00   1.820638e+00   2.173672e-01
  2.940479e+00   1.824931e+00   2.202791e-01
  2.945625e+00   1.696055e+00   2.216897e-01
  2.950772e+00   1.886398e+00   2.232514e-01
  2.955918e+00   1.343534e+00   2.247663e-01
  2.961065e+00   1.527797e+00   2.259075e-01
  2.966212e+00   1.880882e+00   2.273938e-01
  2.971358e+00   1.399231e+00   2.295383e-01
  2.976505e+00   1.058058e+00   2.295322e-01
  2.981651e+00   1.459805e+00   2.295575e-01
  2.986798e+00   1.500928e+00   2.338902e-01
  2.991944e+00   1.734494e+00   2.332051e-01
  2.997091e+00   1.537359e+00   2.282239e-01
  3.002238e+00   1.535222e+00   2.270811e-01
  3.007384e+00   1.690076e+00   2.245098e-01
  3.012531e+00   1.401735e+00   2.225171e-01
  3.017677e+00   1.066840e+00   2.224247e-01
  3.022824e+00   1.304494e+00   2.225333e-01
  3.027970e+00   1.713422e+00   2.204759e-01
  3.033117e+00   1.387586e+00   2.216140e-01
  3.038264e+00   1.522425e+00   2.216872e-01
  3.043410e+00   1.214833e+00   2.195744e-01
  3.048557e+00   1.628407e+00   2.208415e-01
  3.053703e+00   1.501814e+00   2.216462e-01
  3.058850e+00   1.696606e+00   2.210505e-01
  3.063996e+00   1.632270e+00   2.212610e-01
  3.069143e+00   1.633208e+00   2.209748e-01
  3.074290e+00   1.463456e+00   2.192327e-01
  3.079436e+00   1.337431e+00   2.200532e-01
  3.084583e+00   1.624393e+00   2.200135e-01
  3.089729e+00   1.497544e+00   2.192803e-01
  3.094876e+00   1.880045e+00   2.200632e-01
  3.100022e+00   1.664240e+00   2.198368e-01
  3.105169e+00   1.658548e+00   2.184808e-01
  3.110316e+00   1.511316e+00   2.195753e-01
  3.115462e+00   1.521203e+00   2.184804e-01
  3.120609e+00   1.835932e+00   2.170769e-01
  3.125755e+00   1.872240e+00   2.170290e-01
  3.130902e+00   1.553314e+00   2.180875e-01
  3.136048e+00   1.210848e+00   2.143365e-01
  3.141195e+00   1.892635e+00   2.160162e-01
  3.146342e+00   1.623039e+00   2.160248e-01
  3.151488e+00   1.128219e+00   2.134999e-01
  3.156635e+00   1.269958e+00   2.144314e-01
  3.161781e+00   1.086829e+00   2.156734e-01
  3.166928e+00   1.459293e+00   2.131690e-01
  3.172074e+00   1.715887e+00   2.147441e-01
  3.177221e+00   1.637282e+00   2.144613e-01
  3.182368e+00   1.086689e+00   2.135001e-01
  3.187514e+00   1.682080e+00   2.139198e-01
  3.192661e+00   1.541528e+00   2.160015e-01
  3.197807e+00   1.420390e+00   2.127735e-01
  3.202954e+00   9.608940e-01   2.138503e-01
  3.208100e+00   1.236042e+00   2.137163e-01
  3.213247e+00   1.333830e+00   2.128504e-01
  3.218394e+00   1.484234e+00   2.140649e-01
  3.223540e+00   1.137491e+00   2.146109e-01
  3.228687e+00   1.460129e+00   2.113998e-01
  3.233833e+00   1.310660e+00   2.127335e-01
  3.238980e+00   1.686068e+00   2.154615e-01
  3.244126e+00   1.296575e+00   2.118811e-01
  3.249273e+00   1.416348e+00   2.112331e-01
  3.254420e+00   1.577336e+00   2.136405e-01
  3.259566e+00   1.618921e+00   2.113227e-01
  3.264713e+00   1.265195e+00   2.126517e-01
  3.269859e+00   1.249760e+00   2.139158e-01
  3.275006e+00   1.331672e+00   2.112190e-01
  3.280152e+00   1.008711e+00   2.118320e-01
  3.285299e+00   8.827549e-01   2.138036e-01
  3.290446e+00   1.121938e+00   2.106749e-01
  3.295592e+00   1.591354e+00   2.117335e-01
  3.300739e+00   1.834085e+00   2.130467e-01
  3.305885e+00   1.631340e+00   2.103708e-01
  3.311032e+00   1.470596e+00   2.119803e-01
  3.316178e+00   1.144019e+00   2.122753e-01
  3.321325e+00   1.203760e+00   2.108539e-01
  3.326471e+00   1.301838e+00   2.109857e-01
  3.331618e+00   1.054459e+00   2.118963e-01
  3.336765e+00   1.207696e+00   2.096024e-01
  3.341911e+00   1.600667e+00   2.107401e-01
  3.347058e+00   1.402968e+00   2.112305e-01
  3.352204e+00   1.380908e+00   2.094467e-01
  3.357351e+00   1.389957e+00   2.101988e-01
  3.362497e+00   1.219126e+00   2.117520e-01
  3.367644e+00   1.790027e+00   2.093837e-01
  3.372791e+00   1.468985e+00   2.107697e-01
  3.377937e+00   1.278234e+00   2.104011e-01
  3.383084e+00   1.514713e+00   2.102197e-01
  3.388230e+00   1.333486e+00   2.099235e-01
  3.393377e+00   9.308826e-01   2.111437e-01
  3.398523e+00   1.065149e+00   2.087671e-01
  3.403670e+00   1.014090e+00   2.094337e-01
  3.408817e+00   1.294638e+00   2.108930e-01
  3.413963e+00   1.699711e+00   2.093465e-01
  3.419110e+00   1.045532e+00   2.087517e-01
  3.424256e+00   1.203653e+00   2.102732e-01
  3.429403e+00   1.091238e+00   2.079871e-01
  3.434549e+00   9.464642e-01   2.101002e-01
  3.439696e+00   7.832872e-01   2.096792e-01
  3.444843e+00   1.154247e+00   2.086957e-01
  3.449989e+00   1.211581e+00   2.088182e-01
  3.455136e+00   1.245821e+00   2.103293e-01
  3.460282e+00   1.240324e+00   2.088388e-01
  3.465429e+00   9.921077e-01   2.090617e-01
  3.470575e+00   1.021147e+00   2.091890e-01
  3.475722e+00   1.367288e+00   2.081196e-01
  3.480869e+00   1.512280e+00   2.084429e-01
  3.486015e+00   1.119542e+00   2.098924e-01
  3.491162e+00   1.249216e+00   2.076774e-01
  3.496308e+00   1.245053e+00   2.086233e-01
  3.501455e+00   6.086078e-01   2.091566e-01
  3.506601e+00   1.057394e+00   2.085205e-01
  3.511748e+00   1.015609e+00   2.078097e-01
  3.516895e+00   1.046726e+00   2.089749e-01
  3.522041e+00   1.342613e+00   2.079525e-01
  3.527188e+00   1.408121e+00   2.080877e-01
  3.532334e+00   1.217766e+00   2.084196e-01
  3.537481e+00   9.363233e-01   2.081575e-01
  3.542627e+00   1.144022e+00   2.078427e-01
  3.547774e+00   1.349148e+00   2.096757e-01
  3.552921e+00   1.396723e+00   2.086083e-01
  3.558067e+00   1.272358e+00   2.081416e-01
  3.563214e+00   8.054303e-01   2.088054e-01
  3.568360e+00   1.176263e+00   2.083144e-01
  3.573507e+00   9.993936e-01   2.076294e-01
  3.578653e+00   1.178089e+00   2.089123e-01
  3.583800e+00   1.236940e+00   2.078968e-01
  3.588947e+00   1.360624e+00   2.085342e-01
  3.594093e+00   1.064270e+00   2.087470e-01
  3.599240e+00   9.103566e-01   2.084727e-01
  3.604386e+00   1.447059e+00   2.071268e-01
  3.609533e+00   9.207306e-01   2.100260e-01
  3.614679e+00   1.314590e+00   2.076880e-01
  3.619826e+00   1.192812e+00   2.086924e-01
  3.624973e+00   1.317757e+00   2.087416e-01
  3.630119e+00   9.938998e-01   2.082872e-01
  3.635266e+00   8.715523e-01   2.073232e-01
  3.640412e+00   9.668500e-01   2.097330e-01
  3.645559e+00   9.034913e-01   2.072357e-01
  3.650705e+00   1.208915e+00   2.072615e-01
  3.655852e+00   1.057268e+00   2.083883e-01
  3.660999e+00   7.369291e-01   2.069997e-01
  3.666145e+00   8.420944e-01   2.067190e-01
  3.671292e+00   1.255533e+00   2.100277e-01
  3.676438e+00   1.203131e+00   2.065840e-01
  3.681585e+00   1.050841e+00   2.079782e-01
  3.686731e+00   1.348293e+00   2.089434e-01
  3.691878e+00   1.265331e+00   2.079664e-01
  3.697025e+00   1.273285e+00   2.062547e-01
  3.702171e+00   9.336631e-01   2.096888e-01
  3.707318e+00   1.190704e+00   2.068451e-01
  3.712464e+00   7.610721e-01   2.072154e-01
  3.717611e+00   1.429088e+00   2.092469e-01
  3.722757e+00   1.013177e+00   2.068773e-01
  3.727904e+00   1.223552e+00   2.079187e-01
  3.733051e+00   6.342984e-01   2.098575e-01
  3.738197e+00   1.258108e+00   2.071121e-01
  3.743344e+00   7.718530e-01   2.081981e-01
  3.748490e+00   1.127106e+00   2.124937e-01
  3.753637e+00   6.757679e-01   2.152347e-01
  3.758783e+00   1.112841e+00   2.180550e-01
  3.763930e+00   9.342445e-01   2.209332e-01
  3.769077e+00   5.299267e-01   2.215739e-01
  3.774223e+00   1.089942e+00   2.243228e-01
  3.779370e+00   1.294346e+00   2.256555e-01
  3.784516e+00   9.482175e-01   2.238323e-01
  3.789663e+00   7.519451e-01   2.252084e-01
  3.794809e+00   1.149711e+00   2.281716e-01
  3.799956e+00   1.036107e+00   2.260172e-01
  3.805103e+00   9.163110e-01   2.275839e-01
  3.810249e+00   8.975457e-01   2.280747e-01
  3.815396e+00   1.043258e+00   2.205897e-01
  3.820542e+00   9.009428e-01   2.194420e-01
  3.825689e+00   9.388987e-01   2.198142e-01
  3.830835e+00   1.550488e+00   2.159661e-01
  3.835982e+00   7.298639e-01   2.165935e-01
  3.841129e+00   9.428753e-01   2.174832e-01
  3.846275e+00   5.236666e-01   2.163261e-01
  3.851422e+00   1.038707e+00   2.164545e-01
  3.856568e+00   9.825969e-01   2.189261e-01
  3.861715e+00   1.018136e+00   2.149637e-01
  3.866861e+00   1.015979e+00   2.173098e-01
  3.872008e+00   1.042721e+00   2.177523e-01
  3.877155e+00   1.232416e+00   2.165169e-01
  3.882301e+00   6.870943e-01   2.160688e-01
  3.887448e+00   1.052517e+00   2.179673e-01
  3.892594e+00   1.264765e+00   2.158577e-01
  3.897741e+00   9.395239e-01   2.163018e-01
  3.902887e+00   9.052539e-01   2.180771e-01
  3.908034e+00   6.713810e-01   2.153989e-01
  3.913181e+00   1.113543e+00   2.167846e-01
  3.918327e+00   8.402022e-01   2.181046e-01
  3.923474e+00   1.205640e+00   2.161090e-01
  3.928620e+00   7.966673e-01   2.170563e-01
  3.933767e+00   9.300867e-01   2.174767e-01
  3.938913e+00   9.057574e-01   2.163513e-01
  3.944060e+00   5.528224e-01   2.168743e-01
  3.949207e+00   1.120550e+00   2.187976e-01
  3.954353e+00   8.516088e-01   2.164753e-01
  3.959500e+00   9.458882e-01   2.191015e-01
  3.964646e+00   9.187543e-01   2.193100e-01
  3.969793e+00   8.200514e-01   2.173905e-01
  3.974939e+00   7.615060e-01   2.184340e-01
  3.980086e+00   7.548852e-01   2.192034e-01
  3.985233e+00   7.799769e-01   2.174791e-01
  3.990379e+00   1.214664e+00   2.197152e-01
  3.995526e+00   1.033187e+00   2.198035e-01
  4.000672e+00   1.301162e+00   2.193705e-01
  4.005819e+00   9.597722e-01   2.204115e-01
  4.010965e+00   8.329642e-01   2.197784e-01
  4.016112e+00   1.012401e+00   2.195273e-01
  4.021259e+00   9.217700e-01   2.201726e-01
  4.026405e+00   5.972359e-01   2.197345e-01
  4.031552e+00   7.705559e-01   2.199695e-01
  4.036698e+00   1.086593e+00   2.206114e-01
  4.041845e+00   6.923117e-01   2.205943e-01
  4.046991e+00   9.426969e-01   2.200987e-01
  4.052138e+00   7.707289e-01   2.223864e-01
  4.057285e+00   8.896919e-01   2.205036e-01
  4.062431e+00   1.012775e+00   2.204191e-01
  4.067578e+00   9.980666e-01   2.217364e-01
  4.072724e+00   8.632720e-01   2.216116e-01
  4.077871e+00   7.991929e-01   2.202409e-01
  4.083017e+00   1.001402e+00   2.226939e-01
  4.088164e+00   8.220766e-01   2.212950e-01
  4.093311e+00   1.010875e+00   2.221347e-01
  4.098457e+00   9.483283e-01   2.229253e-01
  4.103604e+00   9.385011e-01   2.223990e-01
  4.108750e+00   8.474793e-01   2.222203e-01
  4.113897e+00   8.429095e-01   2.238674e-01
  4.119043e+00   1.058747e+00   2.227487e-01
  4.124190e+00   9.163219e-01   2.219579e-01
  4.129336e+00   1.149234e+00   2.235223e-01
  4.134483e+00   7.563326e-01   2.231813e-01
  4.139630e+00   8.022224e-01   2.229405e-01
  4.144776e+00   1.414135e+00   2.245538e-01
  4.149923e+00   8.180353e-01   2.234713e-01
  4.155069e+00   9.063181e-01   2.224690e-01
  4.160216e+00   6.707796e-01   2.245480e-01
  4.165362e+00   8.942441e-01   2.239339e-01
  4.170509e+00   1.005255e+00   2.238757e-01
  4.175656e+00   1.234547e+00   2.249370e-01
  4.180802e+00   7.921472e-01   2.245623e-01
  4.185949e+00   1.027793e+00   2.259577e-01
  4.191095e+00   1.121736e+00   2.278268e-01
  4.196242e+00   1.008458e+00   2.279168e-01
  4.201388e+00   1.167826e+00   2.289806e-01
  4.206535e+00   9.542817e-01   2.297355e-01
  4.211682e+00   5.646943e-01   2.300592e-01
  4.216828e+00   6.535158e-01   2.313715e-01
  4.221975e+00   1.134921e+00   2.318378e-01
  4.227121e+00   1.291201e+00   2.325661e-01
  4.232268e+00   8.652934e-01   2.332024e-01
  4.237414e+00   9.146210e-01   2.339561e-01
  4.242561e+00   8.150248e-01   2.351972e-01
  4.247708e+00   4.850825e-01   2.347473e-01
  4.252854e+00   6.199678e-01   2.356541e-01
  4.258001e+00   8.157176e-01   2.349298e-01
  4.263147e+00   8.013337e-01   2.367579e-01
  4.268294e+00   1.037758e+00   2.371763e-01
  4.273440e+00   8.255122e-01   2.388491e-01
  4.278587e+00   1.144858e+00   2.390166e-01
  4.283734e+00   1.363671e+00   2.398369e-01
  4.288880e+00   9.717177e-01   2.392572e-01
  4.294027e+00   1.053835e+00   2.395937e-01
  4.299173e+00   1.043864e+00   2.410389e-01
  4.304320e+00   1.199957e+00   2.408521e-01
  4.309466e+00   6.175407e-01   2.404535e-01
  4.314613e+00   9.552140e-01   2.409434e-01
  4.319760e+00   1.056905e+00   2.399313e-01
  4.324906e+00   1.097113e+00   2.412912e-01
  4.330053e+00   1.326874e+00   2.418928e-01
  4.335199e+00   1.260922e+00   2.420479e-01
  4.340346e+00   9.072829e-01   2.406878e-01
  4.345492e+00   5.948420e-01   2.412928e-01
  4.350639e+00   3.438858e-01   2.407675e-01
  4.355786e+00   8.398215e-01   2.436908e-01
  4.360932e+00   1.405968e+00   2.443022e-01
  4.366079e+00   1.119008e+00   2.440187e-01
  4.371225e+00   1.104419e+00   2.443538e-01
  4.376372e+00   1.160449e+00   2.462106e-01
  4.381518e+00   1.126114e+00   2.450349e-01
  4.386665e+00   9.559880e-01   2.457785e-01
  4.391812e+00   9.507546e-01   2.439462e-01
  4.396958e+00   7.823215e-01   2.451402e-01
  4.402105e+00   8.294044e-01   2.450492e-01
  4.407251e+00   1.125644e+00   2.467091e-01
  4.412398e+00   8.758312e-01   2.458112e-01
  4.417544e+00   9.544122e-01   2.473384e-01
  4.422691e+00   1.163307e+00   2.482296e-01
  4.427838e+00   1.373973e+00   2.491057e-01
  4.432984e+00   1.231784e+00   2.498381e-01
  4.438131e+00   7.759083e-01   2.514347e-01
  4.443277e+00   1.188470e+00   2.509758e-01
  4.448424e+00   1.170019e+00   2.522252e-01
  4.453570e+00   1.068995e+00   2.522455e-01
  4.458717e+00   6.450766e-01   2.546286e-01
  4.463864e+00   5.624861e-01   2.546849e-01
  4.469010e+00   1.211231e+00   2.576573e-01
  4.474157e+00   1.066116e+00   2.561275e-01
  4.479303e+00   1.102160e+00   2.565524e-01
  4.484450e+00   1.321423e+00   2.581823e-01
  4.489596e+00   8.974444e-01   2.585426e-01
  4.494743e+00   1.237114e+00   2.597203e-01
  4.499890e+00   5.490807e-01   2.601858e-01
  4.505036e+00   8.898542e-01   2.612770e-01
  4.510183e+00   1.305429e+00   2.626743e-01
  4.515329e+00   1.178117e+00   2.639225e-01
  4.520476e+00   1.299429e+00   2.636649e-01
  4.525622e+00   1.160552e+00   2.629577e-01
  4.530769e+00   3.015622e-01   2.644422e-01
  4.535916e+00   1.149636e+00   2.654186e-01
  4.541062e+00   1.269584e+00   2.662045e-01
  4.546209e+00   1.064403e+00   2.672237e-01
  4.551355e+00   1.000038e+00   2.663918e-01
  4.556502e+00   9.668050e-01   2.665972e-01
  4.561648e+00   1.209010e+00   2.684763e-01
  4.566795e+00   1.281625e+00   2.695394e-01
  4.571942e+00   1.146919e+00   2.687517e-01
  4.577088e+00   1.315525e+00   2.700623e-01
  4.582235e+00   8.357319e-01   2.728131e-01
  4.587381e+00   1.061936e+00   2.732440e-01
  4.592528e+00   1.326312e+00   2.725575e-01
  4.597674e+00   1.259446e+00   2.760894e-01
  4.602821e+00   1.239170e+00   2.763041e-01
  4.607968e+00   8.092231e-01   2.783653e-01
  4.613114e+00   1.405272e+00   2.786402e-01
  4.618261e+00   8.910897e-01   2.780257e-01
  4.623407e+00   1.381696e+00   2.788002e-01
  4.628554e+00   1.068606e+00   2.783853e-01
  4.633700e+00   1.086094e+00   2.799952e-01
  4.638847e+00   1.070062e+00   2.797264e-01
  4.643994e+00   9.349386e-01   2.798990e-01
  4.649140e+00   1.133604e+00   2.804006e-01
  4.654287e+00   1.021544e+00   2.810847e-01
  4.659433e+00   1.340812e+00   2.817708e-01
  4.664580e+00   1.020275e+00   2.802626e-01
  4.669726e+00   1.135845e+00   2.816919e-01
  4.674873e+00   4.423466e-01   2.813648e-01
  4.680020e+00   5.532950e-01   2.815446e-01
  4.685166e+00   6.013042e-01   2.840537e-01
  4.690313e+00   9.660267e-01   2.846103e-01
  4.695459e+00   1.005406e+00   2.861352e-01
  4.700606e+00   9.042490e-01   2.866966e-01
  4.705752e+00   1.369103e+00   2.875992e-01
  4.710899e+00   6.926525e-01   2.873277e-01
  4.716046e+00   1.011227e+00   2.895928e-01
  4.721192e+00   1.361970e+00   2.910550e-01
  4.726339e+00   1.235802e+00   2.911398e-01
  4.731485e+00   1.364748e+00   2.930118e-01
  4.736632e+00   9.672780e-01   2.930032e-01
  4.741778e+00   1.214190e-01   2.939506e-01
  4.746925e+00   8.726219e-01   2.950341e-01
  4.752072e+00   1.363802e+00   2.978894e-01
  4.757218e+00   1.219589e+00   2.970066e-01
  4.762365e+00   1.087154e+00   2.983884e-01
  4.767511e+00   6.449015e-01   2.970230e-01
  4.772658e+00   9.701692e-01   2.995599e-01
  4.777804e+00   6.674350e-01   3.002385e-01
  4.782951e+00   7.835286e-01   3.014956e-01
  4.788098e+00   1.174811e+00   3.023951e-01
  4.793244e+00   6.518607e-01   3.038255e-01
  4.798391e+00   7.809002e-01   3.058985e-01
  4.803537e+00   1.246585e+00   3.039640e-01
  4.808684e+00   1.234993e+00   3.070113e-01
  4.813830e+00   7.813331e-01   3.075472e-01
  4.818977e+00   8.724630e-01   3.074626e-01
  4.824124e+00   8.817770e-01   3.096955e-01
  4.829270e+00   1.028341e+00   3.104965e-01
  4.834417e+00   9.265813e-01   3.131571e-01
  4.839563e+00   1.396764e+00   3.146969e-01
  4.844710e+00   7.665464e-01   3.155182e-01
  4.849856e+00   1.089682e+00   3.125986e-01
  4.855003e+00   1.191761e+00   3.152520e-01
  4.860150e+00   1.453722e+00   3.174789e-01
  4.865296e+00   7.531750e-01   3.169293e-01
  4.870443e+00   1.142663e+00   3.190355e-01
  4.875589e+00   8.984419e-01   3.194318e-01
  4.880736e+00   8.300024e-01   3.216564e-01
  4.885882e+00   8.873845e-01   3.218779e-01
  4.891029e+00   9.658255e-01   3.246146e-01
  4.896176e+00   1.742318e+00   3.240575e-01
  4.901322e+00   1.050186e+00   3.242443e-01
  4.906469e+00   1.025633e+00   3.249500e-01
  4.911615e+00   6.745711e-01   3.266451e-01
  4.916762e+00   1.534888e+00   3.279506e-01
  4.921908e+00   8.419263e-01   3.302920e-01
  4.927055e+00   1.162113e+00   3.294748e-01
  4.932201e+00   5.146760e-01   3.325032e-01
  4.937348e+00   1.145439e+00   3.324100e-01
  4.942495e+00   4.333801e-01   3.335970e-01
  4.947641e+00   1.194338e+00   3.338420e-01
  4.952788e+00   1.098003e+00   3.336287e-01
  4.957934e+00   1.075469e+00   3.341262e-01
  4.963081e+00   5.650548e-01   3.343994e-01
  4.968227e+00   1.025347e+00   3.344089e-01
  4.973374e+00   1.291443e+00   3.367488e-01
  4.978521e+00   1.040528e+00   3.375405e-01
  4.983667e+00   8.454331e-01   3.381784e-01
  4.988814e+00   1.061535e+00   3.430478e-01
  4.993960e+00   6.893243e-01   3.391056e-01
  4.999107e+00   1.003144e+00   3.400759e-01
  5.004253e+00   8.381183e-01   3.421845e-01
  5.009400e+00   1.014305e+00   3.472544e-01
  5.014547e+00   4.713330e-01   3.480223e-01
  5.019693e+00   7.153959e-01   3.501481e-01
  5.024840e+00   4.518560e-01   3.572964e-01
  5.029986e+00   6.795154e-01   3.579765e-01
  5.035133e+00   1.669337e+00   3.690097e-01
  5.040279e+00   5.650186e-01   3.684606e-01
  5.045426e+00   6.464867e-01   3.714098e-01
  5.050573e+00   7.015466e-01   3.746319e-01
  5.055719e+00   1.507587e+00   3.792276e-01
  5.060866e+00   1.469351e+00   3.854611e-01
  5.066012e+00   6.839958e-01   3.874694e-01
  5.071159e+00   9.219338e-01   3.931285e-01
  5.076305e+00   7.144639e-01   3.986384e-01
  5.081452e+00   1.191451e+00   4.070772e-01
  5.086599e+00   1.113077e+00   4.077671e-01
  5.091745e+00   1.266114e+00   4.211923e-01
  5.096892e+00   1.331447e+00   4.357609e-01
  5.102038e+00   8.926702e-01   4.488206e-01
  5.107185e+00   9.953156e-01   4.603945e-01
  5.112331e+00   1.353933e+00   4.713707e-01
  5.117478e+00   6.394436e-01   4.771022e-01
  5.122625e+00   1.018912e+00   4.863309e-01
  5.127771e+00   6.067323e-01   4.998913e-01
  5.132918e+00   7.793878e-01   5.164500e-01
  5.138064e+00   1.004614e+00   5.065022e-01
  5.143211e+00   1.211028e+00   5.065342e-01
  5.148357e+00   1.629899e+00   5.151054e-01
  5.153504e+00   5.285342e-01   5.162473e-01
  5.158651e+00   1.012924e+00   5.280224e-01
  5.163797e+00   7.989737e-01   6.076641e-01
  5.168944e+00   1.105695e+00   7.753050e-01
  5.174090e+00   4.696261e-01   8.789122e-01
  5.179237e+00   1.086880e+00   1.529198e+00
