Sample description: 
Sample:   c= 0 mg/ml  Code: 
  1.561841e-01   2.320186e+01   8.713769e-01
  1.613306e-01   2.164363e+01   8.252816e-01
  1.664772e-01   2.229676e+01   7.941225e-01
  1.716238e-01   2.163324e+01   7.580025e-01
  1.767703e-01   2.276201e+01   7.138942e-01
  1.819169e-01   2.129759e+01   6.976339e-01
  1.870635e-01   2.296538e+01   6.785152e-01
  1.922101e-01   2.210797e+01   6.423332e-01
  1.973566e-01   2.174737e+01   6.290740e-01
  2.025032e-01   2.167164e+01   6.084191e-01
  2.076498e-01   2.107588e+01   5.868444e-01
  2.127963e-01   2.098036e+01   5.780026e-01
  2.179429e-01   2.182481e+01   5.537013e-01
  2.230895e-01   2.093072e+01   5.355659e-01
  2.282360e-01   2.163437e+01   5.306249e-01
  2.333826e-01   2.160900e+01   5.180418e-01
  2.385292e-01   2.127635e+01   5.023673e-01
  2.436758e-01   2.153124e+01   4.935701e-01
  2.488223e-01   2.100181e+01   4.832745e-01
  2.539689e-01   2.134730e+01   4.715747e-01
  2.591155e-01   2.111289e+01   4.682178e-01
  2.642620e-01   2.054261e+01   4.563379e-01
  2.694086e-01   1.987261e+01   4.484146e-01
  2.745552e-01   2.054739e+01   4.412752e-01
  2.797018e-01   2.101130e+01   4.343389e-01
  2.848483e-01   2.053662e+01   4.263665e-01
  2.899949e-01   2.033759e+01   4.260879e-01
  2.951415e-01   2.046050e+01   4.269027e-01
  3.002880e-01   1.986540e+01   4.275758e-01
  3.054346e-01   1.921606e+01   4.270341e-01
  3.105812e-01   1.953957e+01   4.233671e-01
  3.157277e-01   1.979186e+01   4.202759e-01
  3.208743e-01   1.943886e+01   4.140928e-01
  3.260209e-01   1.968045e+01   4.158610e-01
  3.311675e-01   1.977744e+01   4.120862e-01
  3.363140e-01   1.961611e+01   4.124948e-01
  3.414606e-01   1.993824e+01   4.108240e-01
  3.466072e-01   1.863256e+01   4.055991e-01
  3.517537e-01   1.838775e+01   4.022129e-01
  3.569003e-01   1.879117e+01   3.923407e-01
  3.620469e-01   1.940053e+01   3.798706e-01
  3.671934e-01   1.910203e+01   3.740299e-01
  3.723400e-01   1.881206e+01   3.728748e-01
  3.774866e-01   1.892566e+01   3.663552e-01
  3.826332e-01   1.835888e+01   3.597061e-01
  3.877797e-01   1.812094e+01   3.602064e-01
  3.929263e-01   1.858755e+01   3.519955e-01
  3.980729e-01   1.840622e+01   3.492502e-01
  4.032194e-01   1.853853e+01   3.448268e-01
  4.083660e-01   1.794814e+01   3.374205e-01
  4.135126e-01   1.844009e+01   3.359917e-01
  4.186592e-01   1.788150e+01   3.352882e-01
  4.238057e-01   1.742575e+01   3.285042e-01
  4.289523e-01   1.806528e+01   3.261434e-01
  4.340989e-01   1.778693e+01   3.252989e-01
  4.392454e-01   1.715063e+01   3.222051e-01
  4.443920e-01   1.723147e+01   3.181771e-01
  4.495386e-01   1.723102e+01   3.158196e-01
  4.546851e-01   1.689794e+01   3.120481e-01
  4.598317e-01   1.719997e+01   3.107818e-01
  4.649783e-01   1.695873e+01   3.109699e-01
  4.701249e-01   1.654162e+01   3.137291e-01
  4.752714e-01   1.666163e+01   3.137684e-01
  4.804180e-01   1.664205e+01   3.164736e-01
  4.855646e-01   1.610864e+01   3.148627e-01
  4.907111e-01   1.659615e+01   3.160509e-01
  4.958577e-01   1.640649e+01   3.157456e-01
  5.010043e-01   1.579179e+01   3.142923e-01
  5.061509e-01   1.617993e+01   3.145385e-01
  5.112974e-01   1.595698e+01   3.182496e-01
  5.164440e-01   1.607354e+01   3.127745e-01
  5.215906e-01   1.580106e+01   3.124927e-01
  5.267371e-01   1.553264e+01   3.127122e-01
  5.318837e-01   1.532254e+01   3.119377e-01
  5.370303e-01   1.585927e+01   3.011687e-01
  5.421768e-01   1.563200e+01   2.991858e-01
  5.473234e-01   1.472409e+01   2.972132e-01
  5.524700e-01   1.471524e+01   2.912322e-01
  5.576166e-01   1.509115e+01   2.913616e-01
  5.627631e-01   1.530343e+01   2.876704e-01
  5.679097e-01   1.496627e+01   2.840561e-01
  5.730563e-01   1.465049e+01   2.823727e-01
  5.782028e-01   1.437992e+01   2.804237e-01
  5.833494e-01   1.493723e+01   2.765933e-01
  5.884960e-01   1.499477e+01   2.763357e-01
  5.936426e-01   1.423099e+01   2.773509e-01
  5.987891e-01   1.364933e+01   2.706212e-01
  6.039357e-01   1.424339e+01   2.715090e-01
  6.090823e-01   1.396928e+01   2.697504e-01
  6.142288e-01   1.418238e+01   2.666133e-01
  6.193754e-01   1.361469e+01   2.658043e-01
  6.245220e-01   1.400088e+01   2.646746e-01
  6.296685e-01   1.280768e+01   2.621463e-01
  6.348151e-01   1.342525e+01   2.614381e-01
  6.399617e-01   1.312775e+01   2.616591e-01
  6.451083e-01   1.320524e+01   2.578786e-01
  6.502548e-01   1.279078e+01   2.559638e-01
  6.554014e-01   1.284220e+01   2.553908e-01
  6.605480e-01   1.298879e+01   2.553316e-01
  6.656945e-01   1.282434e+01   2.590155e-01
  6.708411e-01   1.230078e+01   2.614662e-01
  6.759877e-01   1.256006e+01   2.606507e-01
  6.811343e-01   1.231698e+01   2.598132e-01
  6.862808e-01   1.175748e+01   2.605731e-01
  6.914274e-01   1.194005e+01   2.537333e-01
  6.965740e-01   1.158456e+01   2.514343e-01
  7.017205e-01   1.216811e+01   2.516603e-01
  7.068671e-01   1.223044e+01   2.476630e-01
  7.120137e-01   1.193572e+01   2.456402e-01
  7.171602e-01   1.167625e+01   2.452034e-01
  7.223068e-01   1.142861e+01   2.429496e-01
  7.274534e-01   1.154006e+01   2.407999e-01
  7.326000e-01   1.141691e+01   2.410620e-01
  7.377465e-01   1.108870e+01   2.376214e-01
  7.428931e-01   1.101524e+01   2.362859e-01
  7.480397e-01   1.136530e+01   2.360702e-01
  7.531862e-01   1.101775e+01   2.336711e-01
  7.583328e-01   1.086514e+01   2.333668e-01
  7.634794e-01   1.072101e+01   2.341784e-01
  7.686259e-01   1.054886e+01   2.315733e-01
  7.737725e-01   1.040087e+01   2.303239e-01
  7.789191e-01   1.029112e+01   2.304602e-01
  7.840657e-01   1.055393e+01   2.279270e-01
  7.892122e-01   1.012870e+01   2.268616e-01
  7.943588e-01   9.801799e+00   2.273649e-01
  7.995054e-01   9.808526e+00   2.251105e-01
  8.046519e-01   1.011508e+01   2.246589e-01
  8.097985e-01   9.506011e+00   2.247062e-01
  8.149451e-01   9.996957e+00   2.216542e-01
  8.200917e-01   9.920880e+00   2.214422e-01
  8.252382e-01   9.221169e+00   2.216188e-01
  8.303848e-01   9.098621e+00   2.184051e-01
  8.355314e-01   9.003923e+00   2.178638e-01
  8.406779e-01   8.839862e+00   2.173073e-01
  8.458245e-01   9.388325e+00   2.164726e-01
  8.509711e-01   9.092245e+00   2.156673e-01
  8.561176e-01   8.896852e+00   2.152384e-01
  8.612642e-01   9.276134e+00   2.142140e-01
  8.664108e-01   8.609204e+00   2.132898e-01
  8.715574e-01   8.975919e+00   2.134780e-01
  8.767039e-01   8.284539e+00   2.119942e-01
  8.818505e-01   8.403793e+00   2.113033e-01
  8.869971e-01   8.389508e+00   2.097654e-01
  8.921436e-01   7.879230e+00   2.115653e-01
  8.972902e-01   8.303659e+00   2.084226e-01
  9.024368e-01   8.065523e+00   2.096363e-01
  9.075834e-01   8.170688e+00   2.081580e-01
  9.127299e-01   8.016545e+00   2.061370e-01
  9.178765e-01   8.052144e+00   2.071144e-01
  9.230231e-01   7.706957e+00   2.100399e-01
  9.281696e-01   7.503647e+00   2.080959e-01
  9.333162e-01   7.591491e+00   2.100375e-01
  9.384628e-01   7.351589e+00   2.100221e-01
  9.436093e-01   7.317252e+00   2.080229e-01
  9.487559e-01   7.635965e+00   2.098745e-01
  9.539025e-01   7.317508e+00   2.104079e-01
  9.590491e-01   7.124698e+00   2.072491e-01
  9.641956e-01   7.025265e+00   2.092294e-01
  9.693422e-01   7.264582e+00   2.097174e-01
  9.744888e-01   7.278062e+00   2.074142e-01
  9.796353e-01   6.744644e+00   2.077114e-01
  9.847819e-01   6.880764e+00   2.088282e-01
  9.899285e-01   6.534930e+00   2.070425e-01
  9.950751e-01   6.652272e+00   2.081308e-01
  1.000222e+00   6.550012e+00   2.079431e-01
  1.005368e+00   6.451635e+00   2.076221e-01
  1.010515e+00   6.446910e+00   2.101688e-01
  1.015661e+00   6.449960e+00   2.114545e-01
  1.020808e+00   6.437074e+00   2.108849e-01
  1.025954e+00   5.890923e+00   2.118107e-01
  1.031101e+00   6.214041e+00   2.116030e-01
  1.036248e+00   5.688770e+00   2.117226e-01
  1.041394e+00   6.076296e+00   2.119756e-01
  1.046541e+00   5.895040e+00   2.123236e-01
  1.051687e+00   5.824375e+00   2.109257e-01
  1.056834e+00   5.699360e+00   2.109542e-01
  1.061980e+00   5.861754e+00   2.117632e-01
  1.067127e+00   5.222017e+00   2.103845e-01
  1.072274e+00   5.400232e+00   2.092395e-01
  1.077420e+00   4.965731e+00   2.100965e-01
  1.082567e+00   5.489263e+00   2.090990e-01
  1.087713e+00   5.627856e+00   2.089742e-01
  1.092860e+00   5.604007e+00   2.088688e-01
  1.098006e+00   5.260468e+00   2.077168e-01
  1.103153e+00   5.286787e+00   2.084254e-01
  1.108300e+00   5.126926e+00   2.077796e-01
  1.113446e+00   4.991315e+00   2.100338e-01
  1.118593e+00   5.104619e+00   2.099030e-01
  1.123739e+00   4.768210e+00   2.120399e-01
  1.128886e+00   5.155238e+00   2.110745e-01
  1.134032e+00   4.731511e+00   2.104823e-01
  1.139179e+00   4.766998e+00   2.112512e-01
  1.144326e+00   4.704307e+00   2.102536e-01
  1.149472e+00   4.592484e+00   2.120931e-01
  1.154619e+00   4.196992e+00   2.102260e-01
  1.159765e+00   4.512930e+00   2.110132e-01
  1.164912e+00   4.134614e+00   2.093983e-01
  1.170058e+00   4.436591e+00   2.093543e-01
  1.175205e+00   4.314785e+00   2.084029e-01
  1.180352e+00   4.432321e+00   2.061003e-01
  1.185498e+00   3.950258e+00   2.060659e-01
  1.190645e+00   4.227027e+00   2.048346e-01
  1.195791e+00   3.875615e+00   2.032210e-01
  1.200938e+00   3.740735e+00   2.034590e-01
  1.206084e+00   4.190895e+00   2.020953e-01
  1.211231e+00   3.682400e+00   2.004718e-01
  1.216378e+00   3.925873e+00   2.011972e-01
  1.221524e+00   3.748013e+00   1.998591e-01
  1.226671e+00   3.782681e+00   2.006698e-01
  1.231817e+00   3.696525e+00   2.049175e-01
  1.236964e+00   3.452126e+00   2.043139e-01
  1.242110e+00   3.770068e+00   2.035270e-01
  1.247257e+00   3.356823e+00   2.052478e-01
  1.252404e+00   4.083891e+00   2.046474e-01
  1.257550e+00   3.582424e+00   2.050672e-01
  1.262697e+00   3.321349e+00   2.046860e-01
  1.267843e+00   3.466553e+00   2.046207e-01
  1.272990e+00   2.670548e+00   2.042937e-01
  1.278136e+00   2.887614e+00   2.070745e-01
  1.283283e+00   3.246339e+00   2.040538e-01
  1.288430e+00   3.228069e+00   2.058400e-01
  1.293576e+00   2.907155e+00   2.099594e-01
  1.298723e+00   2.844591e+00   2.100528e-01
  1.303869e+00   2.876830e+00   2.122544e-01
  1.309016e+00   3.211580e+00   2.140297e-01
  1.314162e+00   2.773921e+00   2.137216e-01
  1.319309e+00   2.892599e+00   2.161450e-01
  1.324456e+00   2.591826e+00   2.161805e-01
  1.329602e+00   2.401159e+00   2.139817e-01
  1.334749e+00   2.963917e+00   2.178254e-01
  1.339895e+00   2.507761e+00   2.170714e-01
  1.345042e+00   2.213968e+00   2.170866e-01
  1.350188e+00   2.622395e+00   2.179343e-01
  1.355335e+00   2.629983e+00   2.170310e-01
  1.360482e+00   2.490558e+00   2.142281e-01
  1.365628e+00   2.461114e+00   2.117050e-01
  1.370775e+00   2.608938e+00   2.123457e-01
  1.375921e+00   2.378894e+00   2.100022e-01
  1.381068e+00   2.469155e+00   2.088212e-01
  1.386214e+00   2.454873e+00   2.102845e-01
  1.391361e+00   2.494217e+00   2.065808e-01
  1.396508e+00   2.184671e+00   2.081278e-01
  1.401654e+00   2.023803e+00   2.084810e-01
  1.406801e+00   1.778593e+00   2.081527e-01
  1.411947e+00   2.188725e+00   2.056123e-01
  1.417094e+00   1.759036e+00   2.070876e-01
  1.422240e+00   2.513321e+00   2.053943e-01
  1.427387e+00   1.875571e+00   2.046644e-01
  1.432534e+00   1.666832e+00   2.053510e-01
  1.437680e+00   2.123199e+00   2.045470e-01
  1.442827e+00   2.034101e+00   2.030966e-01
  1.447973e+00   1.525917e+00   2.056354e-01
  1.453120e+00   2.086050e+00   2.031819e-01
  1.458266e+00   1.629907e+00   2.018717e-01
  1.463413e+00   1.481455e+00   2.027285e-01
  1.468560e+00   1.699150e+00   2.011196e-01
  1.473706e+00   1.552302e+00   2.006460e-01
  1.478853e+00   1.970947e+00   2.022071e-01
  1.483999e+00   1.487560e+00   2.015486e-01
  1.489146e+00   1.835737e+00   2.010476e-01
  1.494292e+00   1.301958e+00   2.011864e-01
  1.499439e+00   1.723142e+00   2.000082e-01
  1.504586e+00   1.899141e+00   1.991079e-01
  1.509732e+00   1.390579e+00   2.002969e-01
  1.514879e+00   1.614589e+00   1.992475e-01
  1.520025e+00   1.808033e+00   1.987124e-01
  1.525172e+00   1.321290e+00   2.005178e-01
  1.530318e+00   1.339716e+00   1.983294e-01
  1.535465e+00   1.162124e+00   1.992970e-01
  1.540612e+00   1.285676e+00   1.987650e-01
  1.545758e+00   1.209163e+00   1.983908e-01
  1.550905e+00   1.217560e+00   1.979934e-01
  1.556051e+00   1.468866e+00   1.976194e-01
  1.561198e+00   7.890725e-01   1.973591e-01
  1.566344e+00   1.051342e+00   1.965326e-01
  1.571491e+00   1.121389e+00   1.974531e-01
  1.576638e+00   1.176936e+00   1.980168e-01
  1.581784e+00   1.318440e+00   1.956649e-01
  1.586931e+00   1.152430e+00   1.959822e-01
  1.592077e+00   1.118952e+00   1.965287e-01
  1.597224e+00   1.013888e+00   1.957123e-01
  1.602370e+00   1.037664e+00   1.955637e-01
  1.607517e+00   1.020985e+00   1.961830e-01
  1.612664e+00   8.136051e-01   1.949852e-01
  1.617810e+00   1.215148e+00   1.954195e-01
  1.622957e+00   1.082055e+00   1.948332e-01
  1.628103e+00   1.051022e+00   1.937010e-01
  1.633250e+00   1.022503e+00   1.949180e-01
  1.638396e+00   9.669206e-01   1.943644e-01
  1.643543e+00   7.508646e-01   1.934548e-01
  1.648690e+00   6.921679e-01   1.940536e-01
  1.653836e+00   9.081154e-01   1.943566e-01
  1.658983e+00   1.041935e+00   1.921812e-01
  1.664129e+00   1.149510e+00   1.944329e-01
  1.669276e+00   7.748158e-01   1.936367e-01
  1.674422e+00   8.832895e-01   1.917463e-01
  1.679569e+00   9.777232e-01   1.930826e-01
  1.684716e+00   7.278636e-01   1.930979e-01
  1.689862e+00   7.327459e-01   1.914748e-01
  1.695009e+00   9.286202e-01   1.919234e-01
  1.700155e+00   5.501402e-01   1.925790e-01
  1.705302e+00   1.189742e+00   1.915563e-01
  1.710448e+00   6.281765e-01   1.924516e-01
  1.715595e+00   9.118428e-01   1.915663e-01
  1.720741e+00   5.940663e-01   1.900883e-01
  1.725888e+00   8.366041e-01   1.907912e-01
  1.731035e+00   8.194292e-01   1.907984e-01
  1.736181e+00   4.895172e-01   1.896115e-01
  1.741328e+00   5.337484e-01   1.898638e-01
  1.746474e+00   1.001212e+00   1.906022e-01
  1.751621e+00   5.000983e-01   1.895387e-01
  1.756767e+00   5.468301e-01   1.883326e-01
  1.761914e+00   4.726908e-01   1.891929e-01
  1.767061e+00   3.529379e-01   1.872608e-01
  1.772207e+00   8.417501e-01   1.874776e-01
  1.777354e+00   1.267964e+00   1.887632e-01
  1.782500e+00   5.895348e-01   1.877380e-01
  1.787647e+00   5.528452e-01   1.866195e-01
  1.792793e+00   6.041589e-01   1.890160e-01
  1.797940e+00   4.621001e-01   1.864765e-01
  1.803087e+00   6.984710e-01   1.871375e-01
  1.808233e+00   6.243585e-01   1.873331e-01
  1.813380e+00   2.743413e-01   1.867045e-01
  1.818526e+00   3.289453e-01   1.847224e-01
  1.823673e+00   5.001531e-01   1.866577e-01
  1.828819e+00   3.922253e-01   1.856861e-01
  1.833966e+00   6.170486e-01   1.858727e-01
  1.839113e+00   1.023434e+00   1.865020e-01
  1.844259e+00   3.079125e-01   1.859166e-01
  1.849406e+00   5.086647e-01   1.843143e-01
  1.854552e+00   4.628262e-01   1.865916e-01
  1.859699e+00  -1.416536e-01   1.859355e-01
  1.864845e+00   4.005644e-02   1.852116e-01
  1.869992e+00   5.820242e-01   1.862368e-01
  1.875139e+00   4.193841e-01   1.853100e-01
  1.880285e+00   3.531237e-01   1.852539e-01
  1.885432e+00   4.383689e-01   1.860595e-01
  1.890578e+00   3.727310e-01   1.843864e-01
  1.895725e+00   2.541413e-01   1.846864e-01
  1.900871e+00   1.922121e-01   1.861961e-01
  1.906018e+00   2.822369e-01   1.846590e-01
  1.911165e+00   3.627852e-01   1.841299e-01
  1.916311e+00   6.008235e-02   1.852114e-01
  1.921458e+00   2.820469e-01   1.846284e-01
  1.926604e+00   3.791436e-01   1.847145e-01
  1.931751e+00   5.224866e-01   1.850248e-01
  1.936897e+00   2.570793e-01   1.838455e-01
  1.942044e+00   6.300020e-01   1.830042e-01
  1.947191e+00   2.240326e-01   1.847217e-01
  1.952337e+00   3.398400e-01   1.838415e-01
  1.957484e+00   1.643911e-01   1.832039e-01
  1.962630e+00   3.385185e-01   1.852897e-01
  1.967777e+00   3.701932e-01   1.847007e-01
  1.972923e+00   3.440512e-01   1.829049e-01
  1.978070e+00   2.263511e-01   1.841646e-01
  1.983217e+00   3.237536e-01   1.833578e-01
  1.988363e+00   6.565960e-01   1.827053e-01
  1.993510e+00   2.673224e-01   1.840317e-01
  1.998656e+00   7.682358e-02   1.835404e-01
  2.003803e+00   2.682702e-01   1.826556e-01
  2.008949e+00   3.868496e-01   1.838344e-01
  2.014096e+00   6.301084e-01   1.830609e-01
  2.019243e+00   3.236594e-01   1.821480e-01
  2.024389e+00   2.257958e-01   1.825333e-01
  2.029536e+00   2.064993e-01   1.827144e-01
  2.034682e+00   5.541698e-01   1.816348e-01
  2.039829e+00   4.888313e-01   1.829898e-01
  2.044975e+00  -1.740888e-02   1.820640e-01
  2.050122e+00   5.898190e-01   1.822602e-01
  2.055269e+00   1.490346e-01   1.831556e-01
  2.060415e+00  -4.167840e-02   1.825543e-01
  2.065562e+00   2.839228e-01   1.812360e-01
  2.070708e+00   2.679634e-01   1.820247e-01
  2.075855e+00  -6.614005e-02   1.812791e-01
  2.081001e+00  -1.048404e-01   1.811398e-01
  2.086148e+00   2.947925e-01   1.823842e-01
  2.091295e+00   2.108726e-01   1.816895e-01
  2.096441e+00   3.734769e-02   1.816097e-01
  2.101588e+00   3.605896e-01   1.809164e-01
  2.106734e+00   1.301447e-02   1.811084e-01
  2.111881e+00  -3.651639e-02   1.842522e-01
  2.117027e+00   3.831932e-01   1.872478e-01
  2.122174e+00   2.286713e-02   1.882433e-01
  2.127321e+00   1.330232e-01   1.899093e-01
  2.132467e+00   1.933783e-01   1.920906e-01
  2.137614e+00   2.205941e-01   1.917121e-01
  2.142760e+00   3.696015e-01   1.927971e-01
  2.147907e+00   3.719411e-01   1.938737e-01
  2.153053e+00   2.387305e-01   1.944689e-01
  2.158200e+00  -8.009950e-02   1.950639e-01
  2.163347e+00   1.395795e-02   1.971640e-01
  2.168493e+00  -2.554124e-01   1.963347e-01
  2.173640e+00   4.886053e-02   1.961009e-01
  2.178786e+00   2.088284e-01   1.939241e-01
  2.183933e+00   3.152051e-01   1.929306e-01
  2.189079e+00   3.593251e-01   1.906566e-01
  2.194226e+00   4.273925e-01   1.881521e-01
  2.199373e+00   2.190171e-01   1.881350e-01
  2.204519e+00   1.336040e-01   1.879237e-01
  2.209666e+00   1.610108e-01   1.878327e-01
  2.214812e+00   1.091371e-01   1.876820e-01
  2.219959e+00   3.276703e-01   1.850926e-01
  2.225105e+00   1.430496e-01   1.863630e-01
  2.230252e+00  -4.406131e-03   1.869367e-01
  2.235399e+00   1.145850e-01   1.843688e-01
  2.240545e+00  -8.807241e-02   1.849938e-01
  2.245692e+00  -1.167412e-01   1.853462e-01
  2.250838e+00   1.978922e-01   1.836751e-01
  2.255985e+00  -8.690208e-03   1.839756e-01
  2.261131e+00   2.160635e-01   1.850243e-01
  2.266278e+00   1.084252e-01   1.834911e-01
  2.271425e+00   9.619313e-02   1.837542e-01
  2.276571e+00   1.956534e-01   1.840542e-01
  2.281718e+00  -8.650927e-02   1.831412e-01
  2.286864e+00   1.361912e-02   1.837870e-01
  2.292011e+00   2.177778e-01   1.842520e-01
  2.297157e+00   3.113085e-01   1.815938e-01
  2.302304e+00   1.636713e-01   1.827862e-01
  2.307451e+00  -3.304142e-02   1.839086e-01
  2.312597e+00   3.271973e-01   1.822027e-01
  2.317744e+00   9.557160e-02   1.817056e-01
  2.322890e+00   2.647452e-02   1.827796e-01
  2.328037e+00   3.317640e-01   1.815743e-01
  2.333183e+00   1.923258e-01   1.814637e-01
  2.338330e+00   7.220604e-03   1.824764e-01
  2.343477e+00   1.938375e-01   1.812515e-01
  2.348623e+00   2.720568e-01   1.804397e-01
  2.353770e+00   5.047805e-01   1.818444e-01
  2.358916e+00   1.984067e-01   1.814418e-01
  2.364063e+00   5.021909e-01   1.800753e-01
  2.369209e+00   1.507494e-01   1.812200e-01
  2.374356e+00   8.432579e-01   1.814000e-01
  2.379503e+00   2.129023e-01   1.793878e-01
  2.384649e+00  -2.135926e-01   1.811011e-01
  2.389796e+00   4.113050e-01   1.799511e-01
  2.394942e+00   3.114023e-01   1.790181e-01
  2.400089e+00  -4.632611e-02   1.809505e-01
  2.405235e+00   1.059271e-01   1.800079e-01
  2.410382e+00   3.070309e-01   1.787761e-01
  2.415529e+00   2.873762e-01   1.797621e-01
  2.420675e+00   4.706633e-01   1.789296e-01
  2.425822e+00   2.458049e-01   1.787109e-01
  2.430968e+00   1.373124e-01   1.799472e-01
  2.436115e+00   7.151590e-02   1.791390e-01
  2.441261e+00   2.538889e-01   1.776854e-01
  2.446408e+00   1.690684e-01   1.796016e-01
  2.451555e+00   3.285691e-01   1.778527e-01
  2.456701e+00   7.263587e-03   1.771545e-01
  2.461848e+00   2.015135e-01   1.783016e-01
  2.466994e+00   7.553584e-02   1.771281e-01
  2.472141e+00   9.943238e-02   1.767346e-01
  2.477287e+00   3.190718e-02   1.778741e-01
  2.482434e+00   3.977882e-01   1.765985e-01
  2.487581e+00   1.322035e-01   1.753888e-01
  2.492727e+00   1.405374e-02   1.773488e-01
  2.497874e+00   4.130560e-01   1.754626e-01
  2.503020e+00   1.198876e-02   1.752663e-01
  2.508167e+00   2.528963e-01   1.753838e-01
  2.513313e+00   1.804741e-01   1.757991e-01
  2.518460e+00  -2.083931e-01   1.745529e-01
  2.523606e+00   2.969483e-01   1.762959e-01
  2.528753e+00   9.793466e-02   1.749582e-01
  2.533900e+00   2.587526e-01   1.746425e-01
  2.539046e+00  -1.215581e-01   1.750824e-01
  2.544193e+00   3.860282e-01   1.752983e-01
  2.549339e+00   7.080306e-02   1.741583e-01
  2.554486e+00   6.532700e-02   1.756344e-01
  2.559632e+00   5.075834e-01   1.743725e-01
  2.564779e+00   3.554171e-01   1.736479e-01
  2.569926e+00  -5.926188e-02   1.750919e-01
  2.575072e+00   1.066822e-01   1.789646e-01
  2.580219e+00   4.052641e-01   1.788451e-01
  2.585365e+00   3.036380e-01   1.817539e-01
  2.590512e+00   3.166298e-01   1.827421e-01
  2.595658e+00   4.131865e-01   1.824172e-01
  2.600805e+00   2.669812e-02   1.805774e-01
  2.605952e+00   2.917863e-01   1.789621e-01
  2.611098e+00   4.472586e-01   1.777643e-01
  2.616245e+00   5.251986e-01   1.782400e-01
  2.621391e+00   1.839024e-01   1.769786e-01
  2.626538e+00   3.277300e-01   1.760739e-01
  2.631684e+00   2.961111e-01   1.771255e-01
  2.636831e+00  -2.187299e-02   1.757284e-01
  2.641978e+00  -7.452152e-02   1.747009e-01
  2.647124e+00  -6.880774e-03   1.767865e-01
  2.652271e+00   4.865345e-01   1.755022e-01
  2.657417e+00  -3.899941e-03   1.748517e-01
  2.662564e+00   1.805052e-01   1.765001e-01
  2.667710e+00   9.416710e-02   1.761146e-01
  2.672857e+00   4.241381e-01   1.749854e-01
  2.678004e+00   1.176312e-01   1.752423e-01
  2.683150e+00   3.369785e-01   1.747644e-01
  2.688297e+00   4.105549e-01   1.739589e-01
  2.693443e+00  -5.133916e-02   1.753042e-01
  2.698590e+00   3.428797e-01   1.750699e-01
  2.703736e+00   4.945265e-01   1.741726e-01
  2.708883e+00   2.515560e-01   1.746029e-01
  2.714030e+00   2.220153e-01   1.738413e-01
  2.719176e+00   3.320099e-01   1.735162e-01
  2.724323e+00   2.523299e-01   1.742187e-01
  2.729469e+00   2.064877e-01   1.730764e-01
  2.734616e+00   8.156918e-02   1.731620e-01
  2.739762e+00   4.097891e-01   1.729358e-01
  2.744909e+00   1.789542e-01   1.737804e-01
  2.750056e+00   1.175247e-01   1.724517e-01
  2.755202e+00   1.867982e-01   1.735292e-01
  2.760349e+00   3.117260e-01   1.721089e-01
  2.765495e+00   5.663913e-01   1.722293e-01
  2.770642e+00   3.807605e-01   1.726336e-01
  2.775788e+00   1.411517e-01   1.728729e-01
  2.780935e+00   5.073467e-01   1.714673e-01
  2.786082e+00   2.423152e-01   1.725528e-01
  2.791228e+00   1.070030e-01   1.725826e-01
  2.796375e+00   3.933975e-01   1.722559e-01
  2.801521e+00  -7.910212e-02   1.720146e-01
  2.806668e+00   3.032345e-01   1.715693e-01
  2.811814e+00   4.058343e-01   1.711438e-01
  2.816961e+00   3.283549e-01   1.745261e-01
  2.822108e+00   3.622968e-01   1.751879e-01
  2.827254e+00   3.274353e-01   1.759053e-01
  2.832401e+00   3.004617e-01   1.766364e-01
  2.837547e+00   4.719766e-01   1.778493e-01
  2.842694e+00  -1.715260e-01   1.767599e-01
  2.847840e+00   2.050214e-01   1.771281e-01
  2.852987e+00   2.461591e-01   1.773707e-01
  2.858134e+00  -4.735433e-02   1.763801e-01
  2.863280e+00   3.579565e-01   1.770614e-01
  2.868427e+00   3.858755e-01   1.768729e-01
  2.873573e+00   1.238023e-01   1.764985e-01
  2.878720e+00   4.910518e-01   1.768281e-01
  2.883866e+00   3.713218e-01   1.758561e-01
  2.889013e+00   7.419370e-01   1.753408e-01
  2.894160e+00   4.311586e-01   1.756235e-01
  2.899306e+00   2.141367e-01   1.754167e-01
  2.904453e+00   2.795617e-02   1.742925e-01
  2.909599e+00   6.679203e-02   1.752729e-01
  2.914746e+00   5.041599e-01   1.757975e-01
  2.919892e+00   9.473751e-02   1.747672e-01
  2.925039e+00   2.243441e-01   1.760519e-01
  2.930186e+00   2.417292e-01   1.781954e-01
  2.935332e+00   1.787608e-01   1.807806e-01
  2.940479e+00   1.701837e-01   1.836981e-01
  2.945625e+00   2.204813e-02   1.847739e-01
  2.950772e+00   3.235655e-01   1.856235e-01
  2.955918e+00   2.766224e-01   1.875745e-01
  2.961065e+00  -2.779605e-01   1.882495e-01
  2.966212e+00   1.184298e-01   1.891674e-01
  2.971358e+00   6.036207e-01   1.913225e-01
  2.976505e+00   2.596422e-01   1.914531e-01
  2.981651e+00   3.918198e-01   1.919258e-01
  2.986798e+00   3.530708e-01   1.941015e-01
  2.991944e+00   2.590314e-01   1.940036e-01
  2.997091e+00   2.937527e-01   1.897815e-01
  3.002238e+00   2.149112e-01   1.890027e-01
  3.007384e+00   2.842989e-01   1.874136e-01
  3.012531e+00   3.994396e-01   1.856194e-01
  3.017677e+00   3.221022e-01   1.855996e-01
  3.022824e+00   5.117164e-01   1.857870e-01
  3.027970e+00   9.718976e-02   1.837585e-01
  3.033117e+00   3.061562e-01   1.845695e-01
  3.038264e+00   4.583931e-01   1.850408e-01
  3.043410e+00   3.254000e-01   1.830440e-01
  3.048557e+00   1.713806e-01   1.841647e-01
  3.053703e+00   4.150602e-02   1.842596e-01
  3.058850e+00   2.394621e-01   1.844320e-01
  3.063996e+00   3.842566e-01   1.843421e-01
  3.069143e+00   4.077568e-01   1.839062e-01
  3.074290e+00   2.268301e-01   1.823002e-01
  3.079436e+00   4.848754e-01   1.838611e-01
  3.084583e+00   1.813612e-01   1.836501e-01
  3.089729e+00   2.192813e-01   1.826769e-01
  3.094876e+00   5.711311e-02   1.832402e-01
  3.100022e+00   2.750871e-01   1.831565e-01
  3.105169e+00   2.170817e-01   1.819623e-01
  3.110316e+00   2.280914e-01   1.822286e-01
  3.115462e+00   2.083431e-01   1.822262e-01
  3.120609e+00   2.634546e-02   1.803090e-01
  3.125755e+00   4.256755e-01   1.805174e-01
  3.130902e+00   5.469613e-01   1.813020e-01
  3.136048e+00   5.569940e-01   1.788744e-01
  3.141195e+00   3.062265e-01   1.800614e-01
  3.146342e+00   3.153301e-01   1.792713e-01
  3.151488e+00   2.766950e-01   1.780403e-01
  3.156635e+00  -1.027085e-01   1.791555e-01
  3.161781e+00   2.603579e-01   1.795603e-01
  3.166928e+00   2.938640e-01   1.779556e-01
  3.172074e+00   4.081338e-01   1.788568e-01
  3.177221e+00   5.034047e-01   1.789168e-01
  3.182368e+00   4.988059e-01   1.782835e-01
  3.187514e+00   3.609870e-01   1.783413e-01
  3.192661e+00  -9.481834e-02   1.795851e-01
  3.197807e+00   3.751790e-01   1.771059e-01
  3.202954e+00   4.245162e-02   1.779981e-01
  3.208100e+00   9.975607e-02   1.788294e-01
  3.213247e+00   2.673097e-01   1.769381e-01
  3.218394e+00   3.565975e-01   1.781853e-01
  3.223540e+00  -6.008158e-03   1.787600e-01
  3.228687e+00   3.463969e-01   1.765924e-01
  3.233833e+00   4.370371e-01   1.774401e-01
  3.238980e+00   2.803242e-01   1.796566e-01
  3.244126e+00   2.460643e-01   1.764620e-01
  3.249273e+00   8.089452e-02   1.764207e-01
  3.254420e+00   4.537275e-01   1.782009e-01
  3.259566e+00   1.315908e-01   1.759571e-01
  3.264713e+00   2.905793e-01   1.772064e-01
  3.269859e+00   3.428178e-01   1.781092e-01
  3.275006e+00   2.817557e-01   1.766018e-01
  3.280152e+00   3.607321e-01   1.765256e-01
  3.285299e+00   1.094914e-01   1.787738e-01
  3.290446e+00   3.503546e-01   1.756341e-01
  3.295592e+00   3.350227e-01   1.768821e-01
  3.300739e+00   5.383725e-01   1.772892e-01
  3.305885e+00   1.807971e-01   1.752242e-01
  3.311032e+00   4.641176e-01   1.766970e-01
  3.316178e+00   2.469985e-01   1.774713e-01
  3.321325e+00   1.765621e-02   1.753698e-01
  3.326471e+00  -2.307584e-03   1.763734e-01
  3.331618e+00   2.977233e-01   1.764842e-01
  3.336765e+00   1.155347e-01   1.746386e-01
  3.341911e+00   1.510939e-01   1.753183e-01
  3.347058e+00   8.177807e-02   1.761817e-01
  3.352204e+00   2.480027e-01   1.746801e-01
  3.357351e+00   3.422735e-01   1.748503e-01
  3.362497e+00   2.632813e-01   1.762983e-01
  3.367644e+00   2.672173e-01   1.742134e-01
  3.372791e+00   2.649122e-01   1.761380e-01
  3.377937e+00   2.302180e-01   1.754135e-01
  3.383084e+00   4.688642e-01   1.751664e-01
  3.388230e+00   4.726917e-01   1.751303e-01
  3.393377e+00   3.566027e-01   1.757255e-01
  3.398523e+00   8.228093e-02   1.746717e-01
  3.403670e+00   1.881043e-01   1.749437e-01
  3.408817e+00   2.392290e-01   1.758273e-01
  3.413963e+00   1.746892e-01   1.751655e-01
  3.419110e+00   1.217022e-01   1.749818e-01
  3.424256e+00   4.731045e-01   1.758050e-01
  3.429403e+00   4.114106e-01   1.737546e-01
  3.434549e+00   2.170829e-01   1.750926e-01
  3.439696e+00  -5.133577e-02   1.755518e-01
  3.444843e+00   9.777497e-02   1.748184e-01
  3.449989e+00  -4.415741e-02   1.742087e-01
  3.455136e+00   2.551870e-01   1.752192e-01
  3.460282e+00  -1.793303e-01   1.742261e-01
  3.465429e+00  -1.053201e-01   1.742976e-01
  3.470575e+00   8.425707e-02   1.745899e-01
  3.475722e+00   1.707671e-01   1.736433e-01
  3.480869e+00   1.385788e-01   1.732817e-01
  3.486015e+00   3.241329e-01   1.753002e-01
  3.491162e+00   2.964663e-01   1.732762e-01
  3.496308e+00  -1.045313e-01   1.738823e-01
  3.501455e+00  -3.873583e-02   1.746144e-01
  3.506601e+00   2.781591e-02   1.743296e-01
  3.511748e+00   2.085235e-01   1.729448e-01
  3.516895e+00   2.037966e-01   1.746421e-01
  3.522041e+00   3.898228e-01   1.733829e-01
  3.527188e+00   2.801832e-01   1.736415e-01
  3.532334e+00   4.335405e-01   1.742427e-01
  3.537481e+00   1.351758e-01   1.739112e-01
  3.542627e+00   1.768004e-01   1.734091e-01
  3.547774e+00   2.640116e-01   1.752063e-01
  3.552921e+00  -5.019505e-02   1.735591e-01
  3.558067e+00  -6.794789e-02   1.737226e-01
  3.563214e+00   4.828522e-01   1.741606e-01
  3.568360e+00   1.730074e-01   1.737348e-01
  3.573507e+00   1.442769e-01   1.734025e-01
  3.578653e+00  -1.041863e-01   1.745700e-01
  3.583800e+00   7.074497e-03   1.738880e-01
  3.588947e+00   2.969874e-01   1.736957e-01
  3.594093e+00   3.275995e-01   1.750085e-01
  3.599240e+00   4.557852e-03   1.742734e-01
  3.604386e+00   1.130153e-01   1.725849e-01
  3.609533e+00   3.190889e-01   1.752328e-01
  3.614679e+00   3.413436e-01   1.730880e-01
  3.619826e+00   4.907322e-02   1.740058e-01
  3.624973e+00   1.179736e-01   1.741918e-01
  3.630119e+00   1.413514e-01   1.740498e-01
  3.635266e+00   1.678071e-01   1.732223e-01
  3.640412e+00   1.241676e-01   1.754367e-01
  3.645559e+00   1.118408e-01   1.733337e-01
  3.650705e+00   1.687093e-01   1.737240e-01
  3.655852e+00   3.574283e-01   1.742644e-01
  3.660999e+00   8.871879e-03   1.733923e-01
  3.666145e+00   1.248593e-01   1.730065e-01
  3.671292e+00   4.523126e-02   1.753379e-01
  3.676438e+00   1.910665e-02   1.725179e-01
  3.681585e+00   4.551806e-01   1.732064e-01
  3.686731e+00  -1.244132e-02   1.743603e-01
  3.691878e+00   1.760028e-01   1.734680e-01
  3.697025e+00  -7.040741e-02   1.726412e-01
  3.702171e+00   1.983052e-01   1.749972e-01
  3.707318e+00   2.879744e-01   1.730022e-01
  3.712464e+00   1.768433e-01   1.732943e-01
  3.717611e+00   2.444768e-01   1.744300e-01
  3.722757e+00   1.514606e-03   1.736742e-01
  3.727904e+00   6.101359e-01   1.734859e-01
  3.733051e+00   2.404867e-02   1.756968e-01
  3.738197e+00  -1.536308e-01   1.729668e-01
  3.743344e+00  -2.446265e-02   1.741794e-01
  3.748490e+00   3.290982e-01   1.780356e-01
  3.753637e+00   3.495420e-01   1.801308e-01
  3.758783e+00   3.907880e-01   1.821076e-01
  3.763930e+00  -9.873491e-02   1.845992e-01
  3.769077e+00   4.672181e-01   1.851841e-01
  3.774223e+00   1.030504e-02   1.878579e-01
  3.779370e+00   2.058497e-01   1.881796e-01
  3.784516e+00   2.536907e-01   1.875333e-01
  3.789663e+00   5.883703e-02   1.890523e-01
  3.794809e+00  -9.924908e-02   1.905159e-01
  3.799956e+00   3.265393e-01   1.886541e-01
  3.805103e+00   3.937662e-02   1.900668e-01
  3.810249e+00   2.075677e-01   1.903135e-01
  3.815396e+00   5.786623e-02   1.847472e-01
  3.820542e+00   4.799395e-01   1.835242e-01
  3.825689e+00   2.161884e-01   1.837158e-01
  3.830835e+00   2.722716e-01   1.805078e-01
  3.835982e+00   1.378125e-01   1.812976e-01
  3.841129e+00   2.463728e-01   1.815454e-01
  3.846275e+00   2.460403e-01   1.810405e-01
  3.851422e+00   1.055197e-01   1.807727e-01
  3.856568e+00   5.987834e-01   1.827354e-01
  3.861715e+00   2.037817e-01   1.795043e-01
  3.866861e+00   4.583527e-01   1.815700e-01
  3.872008e+00   3.604365e-01   1.822168e-01
  3.877155e+00   3.234860e-02   1.804526e-01
  3.882301e+00   1.648721e-01   1.811474e-01
  3.887448e+00   2.237925e-01   1.823978e-01
  3.892594e+00   1.155198e-01   1.797523e-01
  3.897741e+00   3.412555e-01   1.813415e-01
  3.902887e+00   4.294668e-01   1.820714e-01
  3.908034e+00  -2.760046e-01   1.803465e-01
  3.913181e+00   4.111954e-01   1.815599e-01
  3.918327e+00   1.061078e-01   1.821442e-01
  3.923474e+00   4.183058e-01   1.803206e-01
  3.928620e+00   6.420241e-02   1.814498e-01
  3.933767e+00   4.207102e-01   1.818306e-01
  3.938913e+00   7.716873e-02   1.811258e-01
  3.944060e+00  -1.181216e-01   1.814801e-01
  3.949207e+00   6.356359e-01   1.828671e-01
  3.954353e+00   5.100397e-01   1.810055e-01
  3.959500e+00   1.272051e-01   1.832263e-01
  3.964646e+00   3.322994e-01   1.832206e-01
  3.969793e+00   1.371760e-01   1.818439e-01
  3.974939e+00   1.648670e-01   1.829111e-01
  3.980086e+00  -3.177315e-02   1.838270e-01
  3.985233e+00   1.441503e-01   1.821830e-01
  3.990379e+00   2.611100e-01   1.834079e-01
  3.995526e+00   2.624621e-02   1.836360e-01
  4.000672e+00   3.378965e-01   1.831068e-01
  4.005819e+00   4.790978e-02   1.847224e-01
  4.010965e+00   2.936106e-01   1.836267e-01
  4.016112e+00  -1.057596e-01   1.831798e-01
  4.021259e+00   1.945461e-01   1.841591e-01
  4.026405e+00   9.084444e-02   1.842600e-01
  4.031552e+00   2.220490e-01   1.845413e-01
  4.036698e+00   1.098735e-01   1.846283e-01
  4.041845e+00   2.566876e-01   1.844217e-01
  4.046991e+00   3.997338e-01   1.841337e-01
  4.052138e+00   3.084314e-01   1.862095e-01
  4.057285e+00  -3.891109e-02   1.845152e-01
  4.062431e+00   1.817753e-01   1.845144e-01
  4.067578e+00   2.379820e-01   1.855901e-01
  4.072724e+00   1.722845e-01   1.859073e-01
  4.077871e+00   2.191630e-01   1.846564e-01
  4.083017e+00   4.143788e-02   1.860544e-01
  4.088164e+00   4.004821e-01   1.856208e-01
  4.093311e+00   8.183129e-02   1.859064e-01
  4.098457e+00  -6.424617e-02   1.866993e-01
  4.103604e+00   2.597006e-02   1.863357e-01
  4.108750e+00   1.379863e-01   1.861342e-01
  4.113897e+00  -1.268229e-01   1.870377e-01
  4.119043e+00   3.858729e-01   1.865182e-01
  4.124190e+00   2.074576e-04   1.856033e-01
  4.129336e+00   5.903059e-01   1.868450e-01
  4.134483e+00   2.919347e-01   1.860176e-01
  4.139630e+00  -4.243632e-01   1.868218e-01
  4.144776e+00   5.850054e-02   1.870741e-01
  4.149923e+00   1.879295e-01   1.871261e-01
  4.155069e+00   4.279567e-01   1.867562e-01
  4.160216e+00   4.582007e-01   1.874837e-01
  4.165362e+00   3.767527e-01   1.877833e-01
  4.170509e+00   1.406291e-01   1.868197e-01
  4.175656e+00   2.903904e-01   1.880503e-01
  4.180802e+00   2.442613e-02   1.877471e-01
  4.185949e+00  -5.740792e-02   1.891171e-01
  4.191095e+00   2.225176e-01   1.906386e-01
  4.196242e+00   8.167230e-02   1.902555e-01
  4.201388e+00   3.389574e-01   1.911801e-01
  4.206535e+00   3.708581e-01   1.923982e-01
  4.211682e+00   1.134595e-02   1.922894e-01
  4.216828e+00   3.227574e-01   1.933800e-01
  4.221975e+00  -3.835207e-02   1.940139e-01
  4.227121e+00   1.586938e-01   1.942115e-01
  4.232268e+00   2.903427e-02   1.944562e-01
  4.237414e+00   1.681152e-01   1.955837e-01
  4.242561e+00  -2.119094e-01   1.967065e-01
  4.247708e+00   5.748029e-01   1.963367e-01
  4.252854e+00   3.081065e-01   1.970810e-01
  4.258001e+00  -2.342422e-01   1.963890e-01
  4.263147e+00   4.338621e-01   1.980110e-01
  4.268294e+00   7.390255e-02   1.985682e-01
  4.273440e+00  -1.254534e-01   1.993417e-01
  4.278587e+00   5.348453e-02   1.996828e-01
  4.283734e+00   2.784297e-01   2.005385e-01
  4.288880e+00   1.760138e-01   1.997707e-01
  4.294027e+00   2.734289e-01   2.001298e-01
  4.299173e+00   1.004763e-01   2.015671e-01
  4.304320e+00  -1.216097e-02   2.008957e-01
  4.309466e+00   4.013814e-01   2.007574e-01
  4.314613e+00   1.143563e-01   2.011693e-01
  4.319760e+00   1.808063e-01   2.012256e-01
  4.324906e+00   1.494995e-01   2.021989e-01
  4.330053e+00  -1.150425e-03   2.016448e-01
  4.335199e+00  -3.222511e-02   2.025318e-01
  4.340346e+00   2.149973e-01   2.018160e-01
  4.345492e+00   4.904528e-01   2.016112e-01
  4.350639e+00   2.547955e-01   2.021803e-01
  4.355786e+00  -6.787076e-02   2.047232e-01
  4.360932e+00   3.369681e-02   2.037777e-01
  4.366079e+00  -4.169396e-02   2.039732e-01
  4.371225e+00   1.965364e-01   2.038329e-01
  4.376372e+00   5.152731e-02   2.055766e-01
  4.381518e+00   8.428946e-02   2.048348e-01
  4.386665e+00  -9.164119e-02   2.051153e-01
  4.391812e+00   3.784383e-01   2.043308e-01
  4.396958e+00   3.496599e-01   2.050674e-01
  4.402105e+00   4.304167e-01   2.053463e-01
  4.407251e+00   2.408705e-01   2.062924e-01
  4.412398e+00   7.828835e-02   2.057303e-01
  4.417544e+00  -5.133398e-02   2.070840e-01
  4.422691e+00   2.565087e-01   2.077878e-01
  4.427838e+00   1.062007e-01   2.078299e-01
  4.432984e+00   1.648175e-01   2.079180e-01
  4.438131e+00   5.242540e-02   2.108990e-01
  4.443277e+00   3.524949e-01   2.099087e-01
  4.448424e+00   3.858534e-01   2.112905e-01
  4.453570e+00   2.266051e-01   2.106998e-01
  4.458717e+00   3.222969e-01   2.128695e-01
  4.463864e+00   2.276106e-01   2.135022e-01
  4.469010e+00  -3.093324e-02   2.148961e-01
  4.474157e+00  -3.338040e-02   2.143278e-01
  4.479303e+00   3.331608e-01   2.139366e-01
  4.484450e+00   1.426646e-01   2.158226e-01
  4.489596e+00   3.165087e-01   2.156866e-01
  4.494743e+00   5.440155e-02   2.171391e-01
  4.499890e+00   1.964287e-01   2.176717e-01
  4.505036e+00  -2.198224e-01   2.175822e-01
  4.510183e+00  -5.097776e-03   2.185075e-01
  4.515329e+00  -4.437797e-01   2.203916e-01
  4.520476e+00  -1.421758e-02   2.200637e-01
  4.525622e+00   3.459415e-01   2.197496e-01
  4.530769e+00   2.860039e-01   2.213244e-01
  4.535916e+00  -2.342477e-01   2.217041e-01
  4.541062e+00   9.548269e-02   2.224630e-01
  4.546209e+00   1.770686e-01   2.229158e-01
  4.551355e+00   1.227064e-01   2.225545e-01
  4.556502e+00  -2.554180e-01   2.234529e-01
  4.561648e+00   1.981713e-01   2.242231e-01
  4.566795e+00   3.416465e-01   2.250022e-01
  4.571942e+00   1.056956e-01   2.250902e-01
  4.577088e+00  -3.225808e-02   2.260843e-01
  4.582235e+00  -1.050096e-01   2.272802e-01
  4.587381e+00   1.922488e-01   2.287136e-01
  4.592528e+00  -8.239554e-02   2.278195e-01
  4.597674e+00  -1.306834e-01   2.305281e-01
  4.602821e+00   2.284105e-01   2.300361e-01
  4.607968e+00   4.108578e-01   2.337637e-01
  4.613114e+00   5.595220e-01   2.327403e-01
  4.618261e+00  -1.548097e-01   2.331096e-01
  4.623407e+00   6.140729e-01   2.332104e-01
  4.628554e+00   3.974221e-01   2.324791e-01
  4.633700e+00   1.643882e-01   2.337993e-01
  4.638847e+00  -5.743970e-02   2.340575e-01
  4.643994e+00   1.126911e-01   2.340258e-01
  4.649140e+00   2.368729e-01   2.343501e-01
  4.654287e+00   1.606533e-02   2.341219e-01
  4.659433e+00  -4.341929e-02   2.358259e-01
  4.664580e+00  -3.184673e-01   2.349812e-01
  4.669726e+00   1.832926e-01   2.358053e-01
  4.674873e+00   7.349736e-02   2.353092e-01
  4.680020e+00  -2.714263e-01   2.361141e-01
  4.685166e+00   3.362711e-01   2.374162e-01
  4.690313e+00   2.715884e-01   2.378902e-01
  4.695459e+00  -1.203850e-01   2.392054e-01
  4.700606e+00   3.124098e-01   2.407998e-01
  4.705752e+00   1.386229e-01   2.409994e-01
  4.710899e+00  -2.556143e-01   2.402436e-01
  4.716046e+00   3.415795e-01   2.415596e-01
  4.721192e+00   1.824556e-01   2.424982e-01
  4.726339e+00  -1.121063e-01   2.428985e-01
  4.731485e+00   6.398756e-03   2.442957e-01
  4.736632e+00   6.841683e-01   2.451241e-01
  4.741778e+00  -7.768937e-02   2.460008e-01
  4.746925e+00  -3.606348e-01   2.472429e-01
  4.752072e+00   1.872180e-01   2.480801e-01
  4.757218e+00  -1.377016e-01   2.473650e-01
  4.762365e+00   4.416361e-01   2.491418e-01
  4.767511e+00   5.028476e-01   2.487495e-01
  4.772658e+00   1.239932e-01   2.505725e-01
  4.777804e+00   3.010492e-01   2.520054e-01
  4.782951e+00   3.342053e-01   2.532638e-01
  4.788098e+00   7.060639e-01   2.523871e-01
  4.793244e+00   3.372290e-01   2.541502e-01
  4.798391e+00   2.856077e-01   2.563606e-01
  4.803537e+00   8.327737e-01   2.545086e-01
  4.808684e+00  -3.649170e-01   2.566068e-01
  4.813830e+00   1.698424e-02   2.579183e-01
  4.818977e+00   1.245889e-01   2.569869e-01
  4.824124e+00   5.036953e-01   2.593237e-01
  4.829270e+00   8.214858e-02   2.595560e-01
  4.834417e+00   4.569260e-01   2.610111e-01
  4.839563e+00   4.535968e-01   2.628082e-01
  4.844710e+00  -3.609698e-01   2.633648e-01
  4.849856e+00   7.391029e-02   2.618804e-01
  4.855003e+00   6.075516e-01   2.635097e-01
  4.860150e+00   2.146979e-01   2.648884e-01
  4.865296e+00   3.887776e-01   2.648361e-01
  4.870443e+00  -1.273566e-01   2.672059e-01
  4.875589e+00   2.515549e-02   2.670827e-01
  4.880736e+00   3.281144e-02   2.676363e-01
  4.885882e+00   6.694000e-01   2.685356e-01
  4.891029e+00   9.472267e-03   2.709148e-01
  4.896176e+00   4.007065e-01   2.708226e-01
  4.901322e+00   5.777789e-01   2.716870e-01
  4.906469e+00  -7.367250e-02   2.718369e-01
  4.911615e+00   2.590874e-01   2.729072e-01
  4.916762e+00   1.972744e-01   2.738483e-01
  4.921908e+00   2.085935e-01   2.748783e-01
  4.927055e+00   6.117442e-01   2.755938e-01
  4.932201e+00   2.191737e-01   2.779125e-01
  4.937348e+00   2.832530e-01   2.776779e-01
  4.942495e+00  -1.489915e-01   2.793904e-01
  4.947641e+00  -2.002860e-01   2.792230e-01
  4.952788e+00  -4.829258e-01   2.786779e-01
  4.957934e+00   4.644008e-01   2.797049e-01
  4.963081e+00   8.959450e-02   2.803082e-01
  4.968227e+00   6.307887e-01   2.790603e-01
  4.973374e+00   3.037726e-01   2.815499e-01
  4.978521e+00   1.053106e-01   2.819445e-01
  4.983667e+00   4.452123e-02   2.821803e-01
  4.988814e+00   2.881014e-01   2.854598e-01
  4.993960e+00   7.573615e-02   2.841236e-01
  4.999107e+00   3.012242e-01   2.840674e-01
  5.004253e+00   1.444922e-01   2.863964e-01
  5.009400e+00  -2.284635e-01   2.900797e-01
  5.014547e+00   1.842187e-01   2.919280e-01
  5.019693e+00  -3.712012e-01   2.925111e-01
  5.024840e+00   2.165759e-01   2.985253e-01
  5.029986e+00   4.076310e-01   2.995223e-01
  5.035133e+00  -1.603262e-01   3.078267e-01
  5.040279e+00   4.862432e-01   3.081900e-01
  5.045426e+00   1.648908e-01   3.101410e-01
  5.050573e+00   1.130440e-01   3.133890e-01
  5.055719e+00   4.254852e-01   3.174063e-01
  5.060866e+00   6.276190e-01   3.221800e-01
  5.066012e+00   4.287067e-01   3.242177e-01
  5.071159e+00   3.700529e-01   3.302698e-01
  5.076305e+00   1.442789e-01   3.329196e-01
  5.081452e+00   5.060529e-01   3.390602e-01
  5.086599e+00   4.354278e-01   3.406467e-01
  5.091745e+00  -3.384295e-01   3.503045e-01
  5.096892e+00   1.362066e-01   3.623146e-01
  5.102038e+00   3.362798e-01   3.721166e-01
  5.107185e+00  -2.021191e-01   3.834412e-01
  5.112331e+00   5.818692e-01   3.931543e-01
  5.117478e+00  -4.953854e-01   3.984894e-01
  5.122625e+00  -3.750025e-01   4.099940e-01
  5.127771e+00   9.577222e-01   4.180751e-01
  5.132918e+00   7.582610e-01   4.328048e-01
  5.138064e+00  -6.159350e-01   4.234320e-01
  5.143211e+00   6.548969e-01   4.252668e-01
  5.148357e+00   5.948326e-01   4.299244e-01
  5.153504e+00  -5.038952e-01   4.333394e-01
  5.158651e+00  -4.843395e-01   4.424412e-01
  5.163797e+00   3.843667e-01   5.099208e-01
  5.168944e+00   7.845839e-01   6.479475e-01
  5.174090e+00  -1.986607e+00   7.327587e-01
  5.179237e+00   4.740281e-01   1.295411e+00
