Sample description: 
Sample:   c= 0 mg/ml  Code: 
  1.304512e-01   5.385833e+00   8.780004e-01
  1.355978e-01   4.404364e+00   8.332397e-01
  1.407443e-01   5.625082e+00   7.827158e-01
  1.458909e-01   5.636211e+00   7.356251e-01
  1.510375e-01   5.176859e+00   6.900734e-01
  1.561841e-01   5.434883e+00   6.578989e-01
  1.613306e-01   4.515431e+00   6.227173e-01
  1.664772e-01   5.048897e+00   5.987916e-01
  1.716238e-01   6.044572e+00   5.707895e-01
  1.767703e-01   4.973706e+00   5.346838e-01
  1.819169e-01   4.964593e+00   5.239417e-01
  1.870635e-01   4.977749e+00   5.067616e-01
  1.922101e-01   4.394653e+00   4.779307e-01
  1.973566e-01   6.289926e+00   4.687389e-01
  2.025032e-01   4.347532e+00   4.504675e-01
  2.076498e-01   5.023770e+00   4.353507e-01
  2.127963e-01   4.612611e+00   4.294401e-01
  2.179429e-01   4.867362e+00   4.096846e-01
  2.230895e-01   4.910038e+00   3.969644e-01
  2.282360e-01   5.849012e+00   3.917794e-01
  2.333826e-01   5.171134e+00   3.820920e-01
  2.385292e-01   4.723373e+00   3.728140e-01
  2.436758e-01   4.773841e+00   3.637886e-01
  2.488223e-01   5.382885e+00   3.561090e-01
  2.539689e-01   4.723030e+00   3.470083e-01
  2.591155e-01   4.497737e+00   3.439846e-01
  2.642620e-01   5.130423e+00   3.358575e-01
  2.694086e-01   4.200029e+00   3.289908e-01
  2.745552e-01   5.036988e+00   3.235053e-01
  2.797018e-01   4.720742e+00   3.193834e-01
  2.848483e-01   5.130620e+00   3.135805e-01
  2.899949e-01   4.805411e+00   3.118994e-01
  2.951415e-01   4.944582e+00   3.143863e-01
  3.002880e-01   4.724423e+00   3.136568e-01
  3.054346e-01   4.847880e+00   3.116235e-01
  3.105812e-01   3.948317e+00   3.093607e-01
  3.157277e-01   4.671034e+00   3.079801e-01
  3.208743e-01   4.365882e+00   3.033226e-01
  3.260209e-01   5.391692e+00   3.044372e-01
  3.311675e-01   4.170698e+00   3.011784e-01
  3.363140e-01   5.140960e+00   3.022676e-01
  3.414606e-01   4.209898e+00   2.995084e-01
  3.466072e-01   4.815235e+00   2.960841e-01
  3.517537e-01   4.607727e+00   2.938305e-01
  3.569003e-01   4.689905e+00   2.878322e-01
  3.620469e-01   4.588092e+00   2.785729e-01
  3.671934e-01   4.124863e+00   2.737691e-01
  3.723400e-01   4.714615e+00   2.732015e-01
  3.774866e-01   4.397596e+00   2.670183e-01
  3.826332e-01   4.854336e+00   2.633215e-01
  3.877797e-01   4.366488e+00   2.629293e-01
  3.929263e-01   3.842041e+00   2.576252e-01
  3.980729e-01   4.376936e+00   2.552936e-01
  4.032194e-01   4.529005e+00   2.522890e-01
  4.083660e-01   4.301242e+00   2.465214e-01
  4.135126e-01   4.147473e+00   2.464779e-01
  4.186592e-01   4.186088e+00   2.453565e-01
  4.238057e-01   4.069742e+00   2.415674e-01
  4.289523e-01   4.541018e+00   2.388024e-01
  4.340989e-01   4.340622e+00   2.376277e-01
  4.392454e-01   4.276800e+00   2.365674e-01
  4.443920e-01   3.955038e+00   2.337058e-01
  4.495386e-01   4.201517e+00   2.325523e-01
  4.546851e-01   4.102344e+00   2.288147e-01
  4.598317e-01   3.700469e+00   2.277253e-01
  4.649783e-01   3.940815e+00   2.288131e-01
  4.701249e-01   4.155399e+00   2.309682e-01
  4.752714e-01   3.908767e+00   2.298957e-01
  4.804180e-01   3.572864e+00   2.326791e-01
  4.855646e-01   4.159086e+00   2.315977e-01
  4.907111e-01   4.135834e+00   2.323467e-01
  4.958577e-01   3.815470e+00   2.326145e-01
  5.010043e-01   4.003751e+00   2.321765e-01
  5.061509e-01   3.911312e+00   2.323874e-01
  5.112974e-01   3.974237e+00   2.350030e-01
  5.164440e-01   4.009759e+00   2.309182e-01
  5.215906e-01   3.803812e+00   2.309218e-01
  5.267371e-01   3.668495e+00   2.307856e-01
  5.318837e-01   3.935910e+00   2.303071e-01
  5.370303e-01   3.614542e+00   2.223606e-01
  5.421768e-01   3.751495e+00   2.212061e-01
  5.473234e-01   4.190361e+00   2.198303e-01
  5.524700e-01   3.955221e+00   2.149082e-01
  5.576166e-01   3.647441e+00   2.146914e-01
  5.627631e-01   3.533414e+00   2.129452e-01
  5.679097e-01   3.342178e+00   2.103035e-01
  5.730563e-01   3.550244e+00   2.092515e-01
  5.782028e-01   3.792870e+00   2.085481e-01
  5.833494e-01   3.750643e+00   2.051754e-01
  5.884960e-01   3.582323e+00   2.048516e-01
  5.936426e-01   3.573454e+00   2.049441e-01
  5.987891e-01   3.446138e+00   2.009957e-01
  6.039357e-01   3.781014e+00   2.016432e-01
  6.090823e-01   3.235971e+00   2.003964e-01
  6.142288e-01   3.469030e+00   1.982347e-01
  6.193754e-01   3.534468e+00   1.969096e-01
  6.245220e-01   3.535327e+00   1.968391e-01
  6.296685e-01   3.378601e+00   1.953272e-01
  6.348151e-01   3.735074e+00   1.952753e-01
  6.399617e-01   3.348492e+00   1.946620e-01
  6.451083e-01   3.036855e+00   1.917924e-01
  6.502548e-01   3.357199e+00   1.914779e-01
  6.554014e-01   3.387988e+00   1.905539e-01
  6.605480e-01   3.032830e+00   1.900169e-01
  6.656945e-01   3.261487e+00   1.925001e-01
  6.708411e-01   3.311044e+00   1.951584e-01
  6.759877e-01   3.128128e+00   1.945991e-01
  6.811343e-01   2.991134e+00   1.942523e-01
  6.862808e-01   3.026913e+00   1.946830e-01
  6.914274e-01   3.043768e+00   1.899158e-01
  6.965740e-01   2.993938e+00   1.879509e-01
  7.017205e-01   2.806744e+00   1.876520e-01
  7.068671e-01   2.874016e+00   1.851301e-01
  7.120137e-01   2.663289e+00   1.839522e-01
  7.171602e-01   2.778239e+00   1.841713e-01
  7.223068e-01   3.054220e+00   1.821656e-01
  7.274534e-01   3.116407e+00   1.804687e-01
  7.326000e-01   3.200430e+00   1.810285e-01
  7.377465e-01   3.032229e+00   1.783534e-01
  7.428931e-01   2.723798e+00   1.775993e-01
  7.480397e-01   2.504500e+00   1.769927e-01
  7.531862e-01   2.692807e+00   1.753341e-01
  7.583328e-01   2.972753e+00   1.757525e-01
  7.634794e-01   2.714528e+00   1.764693e-01
  7.686259e-01   2.529448e+00   1.743098e-01
  7.737725e-01   2.977840e+00   1.734322e-01
  7.789191e-01   2.640724e+00   1.739472e-01
  7.840657e-01   2.855747e+00   1.716092e-01
  7.892122e-01   2.510222e+00   1.712201e-01
  7.943588e-01   2.613609e+00   1.716094e-01
  7.995054e-01   2.319347e+00   1.699958e-01
  8.046519e-01   2.679766e+00   1.696143e-01
  8.097985e-01   2.513511e+00   1.694948e-01
  8.149451e-01   2.523885e+00   1.675193e-01
  8.200917e-01   2.338005e+00   1.666468e-01
  8.252382e-01   2.390975e+00   1.672062e-01
  8.303848e-01   2.396160e+00   1.650672e-01
  8.355314e-01   2.486864e+00   1.645948e-01
  8.406779e-01   2.321023e+00   1.644243e-01
  8.458245e-01   2.475288e+00   1.639622e-01
  8.509711e-01   2.250909e+00   1.633959e-01
  8.561176e-01   2.222418e+00   1.631228e-01
  8.612642e-01   2.698191e+00   1.626606e-01
  8.664108e-01   2.116439e+00   1.615839e-01
  8.715574e-01   2.333098e+00   1.620169e-01
  8.767039e-01   2.198819e+00   1.604705e-01
  8.818505e-01   1.885978e+00   1.599500e-01
  8.869971e-01   2.276047e+00   1.594696e-01
  8.921436e-01   2.431048e+00   1.604800e-01
  8.972902e-01   1.861927e+00   1.578834e-01
  9.024368e-01   2.235616e+00   1.591849e-01
  9.075834e-01   2.098367e+00   1.581173e-01
  9.127299e-01   1.917776e+00   1.566257e-01
  9.178765e-01   2.028959e+00   1.574352e-01
  9.230231e-01   2.198395e+00   1.598657e-01
  9.281696e-01   2.232209e+00   1.586178e-01
  9.333162e-01   2.063493e+00   1.600243e-01
  9.384628e-01   2.204520e+00   1.605044e-01
  9.436093e-01   2.130343e+00   1.586151e-01
  9.487559e-01   2.186108e+00   1.599254e-01
  9.539025e-01   1.845368e+00   1.604957e-01
  9.590491e-01   1.991844e+00   1.587979e-01
  9.641956e-01   2.008738e+00   1.595619e-01
  9.693422e-01   2.275746e+00   1.597653e-01
  9.744888e-01   1.804673e+00   1.584900e-01
  9.796353e-01   2.014131e+00   1.592747e-01
  9.847819e-01   1.750964e+00   1.592052e-01
  9.899285e-01   1.809258e+00   1.584614e-01
  9.950751e-01   1.711050e+00   1.589860e-01
  1.000222e+00   2.043725e+00   1.592889e-01
  1.005368e+00   1.755804e+00   1.587952e-01
  1.010515e+00   2.199132e+00   1.609133e-01
  1.015661e+00   1.958179e+00   1.620671e-01
  1.020808e+00   1.913336e+00   1.615354e-01
  1.025954e+00   1.725216e+00   1.621860e-01
  1.031101e+00   1.576059e+00   1.624706e-01
  1.036248e+00   1.741711e+00   1.623564e-01
  1.041394e+00   1.709297e+00   1.626139e-01
  1.046541e+00   1.492000e+00   1.628049e-01
  1.051687e+00   1.614195e+00   1.616919e-01
  1.056834e+00   1.646416e+00   1.626276e-01
  1.061980e+00   1.516630e+00   1.624138e-01
  1.067127e+00   1.513365e+00   1.618315e-01
  1.072274e+00   1.487331e+00   1.605813e-01
  1.077420e+00   1.662827e+00   1.613487e-01
  1.082567e+00   1.574786e+00   1.606700e-01
  1.087713e+00   1.629332e+00   1.606165e-01
  1.092860e+00   1.558981e+00   1.605930e-01
  1.098006e+00   1.532806e+00   1.602811e-01
  1.103153e+00   1.552845e+00   1.601416e-01
  1.108300e+00   1.450974e+00   1.601027e-01
  1.113446e+00   1.335160e+00   1.619470e-01
  1.118593e+00   1.568638e+00   1.620741e-01
  1.123739e+00   1.759963e+00   1.637433e-01
  1.128886e+00   1.241009e+00   1.627193e-01
  1.134032e+00   1.179692e+00   1.624627e-01
  1.139179e+00   1.291946e+00   1.625206e-01
  1.144326e+00   1.484817e+00   1.620773e-01
  1.149472e+00   1.368917e+00   1.637209e-01
  1.154619e+00   1.274102e+00   1.623721e-01
  1.159765e+00   1.149654e+00   1.625998e-01
  1.164912e+00   1.108432e+00   1.620016e-01
  1.170058e+00   1.284828e+00   1.623583e-01
  1.175205e+00   1.254352e+00   1.611688e-01
  1.180352e+00   1.333840e+00   1.594410e-01
  1.185498e+00   1.163086e+00   1.593218e-01
  1.190645e+00   1.180432e+00   1.587856e-01
  1.195791e+00   1.406174e+00   1.578277e-01
  1.200938e+00   1.015818e+00   1.572397e-01
  1.206084e+00   1.176428e+00   1.561067e-01
  1.211231e+00   1.054296e+00   1.555170e-01
  1.216378e+00   1.194386e+00   1.556243e-01
  1.221524e+00   1.007207e+00   1.546435e-01
  1.226671e+00   1.115923e+00   1.556670e-01
  1.231817e+00   1.007694e+00   1.592135e-01
  1.236964e+00   8.783862e-01   1.579296e-01
  1.242110e+00   9.206742e-01   1.579849e-01
  1.247257e+00   1.001234e+00   1.592673e-01
  1.252404e+00   9.767655e-01   1.586455e-01
  1.257550e+00   1.188518e+00   1.589887e-01
  1.262697e+00   7.539065e-01   1.588037e-01
  1.267843e+00   9.287448e-01   1.588444e-01
  1.272990e+00   7.488748e-01   1.586768e-01
  1.278136e+00   1.049624e+00   1.606576e-01
  1.283283e+00   9.075744e-01   1.579648e-01
  1.288430e+00   1.090875e+00   1.601101e-01
  1.293576e+00   1.088835e+00   1.633932e-01
  1.298723e+00   7.815431e-01   1.633382e-01
  1.303869e+00   8.759302e-01   1.646442e-01
  1.309016e+00   1.039855e+00   1.662080e-01
  1.314162e+00   9.823436e-01   1.661047e-01
  1.319309e+00   7.823771e-01   1.677428e-01
  1.324456e+00   9.640312e-01   1.679835e-01
  1.329602e+00   7.171423e-01   1.671236e-01
  1.334749e+00   7.577308e-01   1.688989e-01
  1.339895e+00   9.695153e-01   1.690154e-01
  1.345042e+00   9.475359e-01   1.690607e-01
  1.350188e+00   7.213351e-01   1.695666e-01
  1.355335e+00   1.057516e+00   1.691585e-01
  1.360482e+00   9.253519e-01   1.667881e-01
  1.365628e+00   7.513173e-01   1.648581e-01
  1.370775e+00   8.591228e-01   1.652633e-01
  1.375921e+00   6.632079e-01   1.641814e-01
  1.381068e+00   5.837346e-01   1.627962e-01
  1.386214e+00   7.681053e-01   1.640681e-01
  1.391361e+00   6.877974e-01   1.613513e-01
  1.396508e+00   8.505889e-01   1.619242e-01
  1.401654e+00   8.072020e-01   1.621842e-01
  1.406801e+00   6.919656e-01   1.621365e-01
  1.411947e+00   6.426817e-01   1.600934e-01
  1.417094e+00   7.377960e-01   1.616838e-01
  1.422240e+00   4.863412e-01   1.599554e-01
  1.427387e+00   7.750782e-01   1.593942e-01
  1.432534e+00   7.805011e-01   1.604706e-01
  1.437680e+00   6.131778e-01   1.594212e-01
  1.442827e+00   5.471444e-01   1.585468e-01
  1.447973e+00   2.222334e-01   1.603062e-01
  1.453120e+00   7.588763e-01   1.590799e-01
  1.458266e+00   7.166364e-01   1.576277e-01
  1.463413e+00   6.279846e-01   1.584778e-01
  1.468560e+00   6.960975e-01   1.575640e-01
  1.473706e+00   8.631207e-01   1.569330e-01
  1.478853e+00   6.476668e-01   1.579740e-01
  1.483999e+00   4.189231e-01   1.574226e-01
  1.489146e+00   5.416678e-01   1.567586e-01
  1.494292e+00   5.124336e-01   1.569138e-01
  1.499439e+00   6.872028e-01   1.565402e-01
  1.504586e+00   6.544994e-01   1.559804e-01
  1.509732e+00   6.472936e-01   1.568085e-01
  1.514879e+00   4.926625e-01   1.560708e-01
  1.520025e+00   4.045283e-01   1.550604e-01
  1.525172e+00   6.422555e-01   1.566358e-01
  1.530318e+00   4.483611e-01   1.552199e-01
  1.535465e+00   5.443373e-01   1.563737e-01
  1.540612e+00   2.729599e-01   1.553452e-01
  1.545758e+00   4.793241e-01   1.552211e-01
  1.550905e+00   5.940853e-01   1.550358e-01
  1.556051e+00   3.465657e-01   1.546959e-01
  1.561198e+00   3.738858e-01   1.545217e-01
  1.566344e+00   5.216222e-01   1.539494e-01
  1.571491e+00   3.739452e-01   1.544651e-01
  1.576638e+00   7.143481e-01   1.551739e-01
  1.581784e+00   5.830860e-01   1.535541e-01
  1.586931e+00   7.674113e-01   1.535058e-01
  1.592077e+00   5.111356e-01   1.541019e-01
  1.597224e+00   2.258313e-01   1.534531e-01
  1.602370e+00   5.689545e-01   1.530939e-01
  1.607517e+00   3.665974e-01   1.538050e-01
  1.612664e+00   5.478054e-01   1.526315e-01
  1.617810e+00   4.288054e-01   1.531856e-01
  1.622957e+00   4.227569e-01   1.524289e-01
  1.628103e+00   6.665883e-01   1.519234e-01
  1.633250e+00   4.620043e-01   1.528209e-01
  1.638396e+00   3.288626e-01   1.528143e-01
  1.643543e+00   3.077374e-01   1.516846e-01
  1.648690e+00   4.364118e-01   1.516923e-01
  1.653836e+00   3.405153e-01   1.523839e-01
  1.658983e+00   5.219138e-01   1.510244e-01
  1.664129e+00   4.560261e-01   1.528059e-01
  1.669276e+00   4.652868e-01   1.517584e-01
  1.674422e+00   4.123103e-01   1.505717e-01
  1.679569e+00   4.743309e-01   1.510462e-01
  1.684716e+00   8.918613e-02   1.521801e-01
  1.689862e+00   5.026570e-01   1.502695e-01
  1.695009e+00   3.485565e-01   1.510482e-01
  1.700155e+00   4.332486e-01   1.511548e-01
  1.705302e+00   3.944902e-01   1.501715e-01
  1.710448e+00   1.920687e-01   1.511068e-01
  1.715595e+00   4.183042e-01   1.504289e-01
  1.720741e+00   6.034302e-01   1.493362e-01
  1.725888e+00   4.097824e-01   1.501208e-01
  1.731035e+00   3.219810e-01   1.498377e-01
  1.736181e+00   2.730469e-01   1.490817e-01
  1.741328e+00   2.271602e-01   1.490490e-01
  1.746474e+00   2.894736e-01   1.497963e-01
  1.751621e+00   1.487382e-01   1.489544e-01
  1.756767e+00   2.294667e-01   1.475600e-01
  1.761914e+00   4.215868e-01   1.488115e-01
  1.767061e+00   3.060473e-01   1.468498e-01
  1.772207e+00   2.288086e-01   1.472175e-01
  1.777354e+00   5.500411e-01   1.480976e-01
  1.782500e+00   6.308312e-01   1.475641e-01
  1.787647e+00   4.069491e-01   1.465690e-01
  1.792793e+00   5.160421e-01   1.479915e-01
  1.797940e+00   2.104968e-01   1.467413e-01
  1.803087e+00   1.579676e-01   1.468157e-01
  1.808233e+00   4.908163e-01   1.471034e-01
  1.813380e+00   1.498813e-01   1.468628e-01
  1.818526e+00   5.876445e-03   1.452136e-01
  1.823673e+00   2.821741e-01   1.469211e-01
  1.828819e+00   6.671452e-02   1.459516e-01
  1.833966e+00   1.039222e-01   1.462857e-01
  1.839113e+00   1.260516e-01   1.467916e-01
  1.844259e+00   4.225990e-01   1.464637e-01
  1.849406e+00   3.368648e-01   1.445926e-01
  1.854552e+00   5.010421e-01   1.466591e-01
  1.859699e+00   2.936742e-01   1.458218e-01
  1.864845e+00   1.166800e-01   1.456822e-01
  1.869992e+00   2.057851e-01   1.463027e-01
  1.875139e+00   2.423749e-01   1.456112e-01
  1.880285e+00   4.075635e-01   1.454520e-01
  1.885432e+00   4.360983e-01   1.458985e-01
  1.890578e+00   3.635723e-01   1.451696e-01
  1.895725e+00   3.191642e-01   1.446978e-01
  1.900871e+00   4.662406e-01   1.460702e-01
  1.906018e+00   2.066679e-01   1.450528e-01
  1.911165e+00   5.485669e-01   1.446475e-01
  1.916311e+00   3.367828e-01   1.458690e-01
  1.921458e+00   7.890796e-02   1.452857e-01
  1.926604e+00   2.181181e-01   1.450333e-01
  1.931751e+00   2.451474e-01   1.454934e-01
  1.936897e+00   5.289379e-01   1.448314e-01
  1.942044e+00   1.470282e-01   1.439476e-01
  1.947191e+00   3.510883e-01   1.451821e-01
  1.952337e+00   9.908577e-02   1.445039e-01
  1.957484e+00   2.709208e-01   1.439653e-01
  1.962630e+00   4.471338e-01   1.454268e-01
  1.967777e+00   3.451608e-01   1.449686e-01
  1.972923e+00   1.260497e-01   1.439672e-01
  1.978070e+00   3.436399e-01   1.447352e-01
  1.983217e+00   2.004901e-01   1.437393e-01
  1.988363e+00   2.816125e-01   1.438986e-01
  1.993510e+00   1.670139e-01   1.443270e-01
  1.998656e+00   3.759262e-01   1.445135e-01
  2.003803e+00   4.599433e-01   1.436696e-01
  2.008949e+00   5.346449e-02   1.444491e-01
  2.014096e+00   1.719034e-01   1.438859e-01
  2.019243e+00   2.342984e-01   1.436366e-01
  2.024389e+00   1.810144e-01   1.438625e-01
  2.029536e+00   4.249993e-02   1.435730e-01
  2.034682e+00   1.608047e-01   1.431423e-01
  2.039829e+00   3.888505e-01   1.438398e-01
  2.044975e+00   1.726230e-01   1.431951e-01
  2.050122e+00   7.078845e-02   1.437749e-01
  2.055269e+00   1.487434e-01   1.435962e-01
  2.060415e+00   1.679324e-01   1.435036e-01
  2.065562e+00   4.976834e-01   1.425506e-01
  2.070708e+00   1.145392e-01   1.431064e-01
  2.075855e+00   1.703601e-01   1.427978e-01
  2.081001e+00  -7.347199e-02   1.425143e-01
  2.086148e+00   4.169070e-01   1.432782e-01
  2.091295e+00   2.359600e-01   1.426994e-01
  2.096441e+00   1.586374e-01   1.428413e-01
  2.101588e+00   2.051349e-01   1.426911e-01
  2.106734e+00   2.007965e-01   1.426308e-01
  2.111881e+00   2.204446e-01   1.451437e-01
  2.117027e+00   3.060056e-01   1.474984e-01
  2.122174e+00   2.013525e-01   1.477708e-01
  2.127321e+00   2.186009e-01   1.495492e-01
  2.132467e+00   1.257841e-01   1.510060e-01
  2.137614e+00   2.228912e-02   1.514069e-01
  2.142760e+00   1.331604e-01   1.521093e-01
  2.147907e+00   1.740249e-01   1.523127e-01
  2.153053e+00   2.869645e-01   1.532708e-01
  2.158200e+00   2.337847e-01   1.533428e-01
  2.163347e+00   2.473096e-01   1.547459e-01
  2.168493e+00  -9.852016e-02   1.544155e-01
  2.173640e+00   3.547182e-01   1.541084e-01
  2.178786e+00   1.166633e-01   1.525324e-01
  2.183933e+00   2.452446e-01   1.517750e-01
  2.189079e+00   2.007978e-01   1.499333e-01
  2.194226e+00   9.073989e-02   1.480867e-01
  2.199373e+00   3.147554e-01   1.483577e-01
  2.204519e+00  -4.583144e-02   1.479469e-01
  2.209666e+00   1.391445e-01   1.474701e-01
  2.214812e+00   2.158454e-01   1.478384e-01
  2.219959e+00   2.216671e-01   1.462931e-01
  2.225105e+00   1.295624e-01   1.465548e-01
  2.230252e+00   2.404512e-01   1.468120e-01
  2.235399e+00   6.077822e-02   1.452414e-01
  2.240545e+00  -1.951060e-01   1.453210e-01
  2.245692e+00   2.207492e-01   1.456177e-01
  2.250838e+00   2.558239e-01   1.447033e-01
  2.255985e+00   2.262388e-01   1.449714e-01
  2.261131e+00   5.070655e-02   1.456866e-01
  2.266278e+00   5.851135e-01   1.445562e-01
  2.271425e+00   1.574371e-01   1.451015e-01
  2.276571e+00   3.462290e-01   1.448936e-01
  2.281718e+00   2.735529e-01   1.440261e-01
  2.286864e+00   2.970355e-01   1.443838e-01
  2.292011e+00   1.047265e-01   1.447178e-01
  2.297157e+00   7.502359e-02   1.428790e-01
  2.302304e+00   9.142350e-02   1.437697e-01
  2.307451e+00   3.491422e-01   1.445645e-01
  2.312597e+00   1.722607e-01   1.435381e-01
  2.317744e+00   2.157009e-01   1.425816e-01
  2.322890e+00   1.248196e-01   1.437401e-01
  2.328037e+00   3.077967e-01   1.425103e-01
  2.333183e+00   2.473511e-01   1.429895e-01
  2.338330e+00   4.418118e-01   1.435753e-01
  2.343477e+00   2.503853e-01   1.427764e-01
  2.348623e+00   8.200517e-02   1.418697e-01
  2.353770e+00  -5.603622e-02   1.432826e-01
  2.358916e+00   3.712919e-01   1.427141e-01
  2.364063e+00   2.938663e-01   1.418333e-01
  2.369209e+00   1.910852e-01   1.426756e-01
  2.374356e+00   2.351054e-01   1.426428e-01
  2.379503e+00   1.147355e-01   1.416059e-01
  2.384649e+00   2.505496e-01   1.425828e-01
  2.389796e+00   1.023947e-01   1.411216e-01
  2.394942e+00   3.677615e-01   1.413265e-01
  2.400089e+00   5.772562e-02   1.424169e-01
  2.405235e+00   2.141306e-01   1.416934e-01
  2.410382e+00   3.762268e-01   1.409145e-01
  2.415529e+00   2.595048e-01   1.414697e-01
  2.420675e+00   4.746292e-01   1.410563e-01
  2.425822e+00   1.300827e-01   1.406370e-01
  2.430968e+00  -7.454938e-02   1.416203e-01
  2.436115e+00   1.468068e-01   1.411596e-01
  2.441261e+00   2.020452e-01   1.399897e-01
  2.446408e+00   7.257400e-02   1.413138e-01
  2.451555e+00  -6.854618e-02   1.398117e-01
  2.456701e+00   4.904888e-03   1.391211e-01
  2.461848e+00   2.029801e-01   1.404991e-01
  2.466994e+00   1.637801e-01   1.391487e-01
  2.472141e+00   2.988759e-01   1.390772e-01
  2.477287e+00   2.876567e-01   1.397696e-01
  2.482434e+00   1.186037e-01   1.390914e-01
  2.487581e+00   4.046072e-02   1.379719e-01
  2.492727e+00   3.744569e-02   1.394546e-01
  2.497874e+00   3.906054e-01   1.378911e-01
  2.503020e+00   2.164163e-01   1.376391e-01
  2.508167e+00   4.856216e-01   1.378220e-01
  2.513313e+00   1.801498e-01   1.384223e-01
  2.518460e+00   7.973693e-02   1.370986e-01
  2.523606e+00   1.638519e-01   1.386685e-01
  2.528753e+00   3.991637e-01   1.378264e-01
  2.533900e+00   2.743995e-01   1.374965e-01
  2.539046e+00   1.628853e-01   1.375036e-01
  2.544193e+00   3.958499e-01   1.373914e-01
  2.549339e+00   2.383448e-01   1.368894e-01
  2.554486e+00   1.760921e-01   1.381088e-01
  2.559632e+00   1.145674e-01   1.371570e-01
  2.564779e+00   7.916030e-02   1.366376e-01
  2.569926e+00   3.561735e-01   1.379172e-01
  2.575072e+00   6.599730e-02   1.400808e-01
  2.580219e+00   1.574921e-01   1.410353e-01
  2.585365e+00   2.784946e-01   1.430460e-01
  2.590512e+00   3.630504e-01   1.437987e-01
  2.595658e+00  -1.211885e-02   1.433862e-01
  2.600805e+00   4.846574e-01   1.420932e-01
  2.605952e+00   3.318679e-01   1.403257e-01
  2.611098e+00   4.415901e-02   1.396502e-01
  2.616245e+00   2.860001e-01   1.406149e-01
  2.621391e+00   2.600980e-01   1.394836e-01
  2.626538e+00   7.609417e-02   1.383074e-01
  2.631684e+00   1.036699e-01   1.388406e-01
  2.636831e+00   4.427689e-02   1.378968e-01
  2.641978e+00   2.532096e-01   1.373143e-01
  2.647124e+00   2.426690e-01   1.392332e-01
  2.652271e+00   2.920851e-01   1.385836e-01
  2.657417e+00   4.720028e-01   1.377039e-01
  2.662564e+00   7.036107e-02   1.383981e-01
  2.667710e+00   2.333790e-01   1.384211e-01
  2.672857e+00   2.679513e-01   1.377155e-01
  2.678004e+00   1.216051e-01   1.377341e-01
  2.683150e+00   1.864447e-01   1.374626e-01
  2.688297e+00   5.380256e-01   1.369871e-01
  2.693443e+00   2.697756e-01   1.378139e-01
  2.698590e+00   1.471110e-01   1.374949e-01
  2.703736e+00   3.779351e-01   1.371101e-01
  2.708883e+00   1.921216e-01   1.377974e-01
  2.714030e+00   2.467142e-01   1.367629e-01
  2.719176e+00   2.038509e-01   1.359597e-01
  2.724323e+00   2.502927e-01   1.371946e-01
  2.729469e+00   2.334021e-02   1.361621e-01
  2.734616e+00   5.286565e-01   1.365047e-01
  2.739762e+00   1.617712e-01   1.364821e-01
  2.744909e+00   1.119675e-01   1.370269e-01
  2.750056e+00   3.383593e-01   1.354196e-01
  2.755202e+00   1.142353e-01   1.365464e-01
  2.760349e+00   3.702534e-01   1.358164e-01
  2.765495e+00   5.086629e-02   1.354400e-01
  2.770642e+00   1.933660e-01   1.361524e-01
  2.775788e+00   5.455573e-02   1.359769e-01
  2.780935e+00   1.900540e-01   1.351555e-01
  2.786082e+00   2.438572e-01   1.359317e-01
  2.791228e+00   2.381027e-01   1.356450e-01
  2.796375e+00   4.683812e-01   1.358645e-01
  2.801521e+00   5.464519e-01   1.355525e-01
  2.806668e+00   1.262236e-01   1.348850e-01
  2.811814e+00   2.365525e-01   1.342967e-01
  2.816961e+00   2.659849e-01   1.370484e-01
  2.822108e+00   5.046256e-01   1.380789e-01
  2.827254e+00   3.092554e-01   1.381607e-01
  2.832401e+00   4.081926e-02   1.391055e-01
  2.837547e+00   3.553028e-01   1.396264e-01
  2.842694e+00   1.418841e-01   1.390587e-01
  2.847840e+00   3.070709e-01   1.394811e-01
  2.852987e+00   2.805164e-01   1.393711e-01
  2.858134e+00   4.763054e-01   1.387700e-01
  2.863280e+00  -1.175246e-01   1.391452e-01
  2.868427e+00   3.480338e-01   1.394342e-01
  2.873573e+00  -1.311203e-01   1.385733e-01
  2.878720e+00   4.017093e-01   1.390129e-01
  2.883866e+00   3.598192e-02   1.387729e-01
  2.889013e+00   9.153961e-02   1.378976e-01
  2.894160e+00   3.976478e-01   1.380581e-01
  2.899306e+00   4.887297e-01   1.376719e-01
  2.904453e+00   3.536249e-01   1.373061e-01
  2.909599e+00   4.114608e-01   1.377361e-01
  2.914746e+00   2.640492e-01   1.384407e-01
  2.919892e+00   1.448008e-01   1.373215e-01
  2.925039e+00  -1.194165e-02   1.383673e-01
  2.930186e+00   1.106444e-01   1.401062e-01
  2.935332e+00   4.052845e-01   1.420566e-01
  2.940479e+00   3.122599e-01   1.444752e-01
  2.945625e+00   3.950783e-01   1.455112e-01
  2.950772e+00   4.028635e-02   1.459107e-01
  2.955918e+00  -8.057220e-02   1.472287e-01
  2.961065e+00   1.392416e-01   1.477755e-01
  2.966212e+00   3.099316e-01   1.488537e-01
  2.971358e+00   1.032870e-02   1.499351e-01
  2.976505e+00  -1.876132e-02   1.503692e-01
  2.981651e+00   5.248979e-01   1.508472e-01
  2.986798e+00   3.015643e-01   1.525799e-01
  2.991944e+00   2.955415e-01   1.528663e-01
  2.997091e+00   3.505609e-01   1.495407e-01
  3.002238e+00   5.716943e-01   1.488019e-01
  3.007384e+00   4.970725e-02   1.472732e-01
  3.012531e+00   1.082293e-02   1.460254e-01
  3.017677e+00   1.865851e-01   1.458060e-01
  3.022824e+00   2.283176e-01   1.457713e-01
  3.027970e+00   3.516156e-01   1.444584e-01
  3.033117e+00   2.923723e-01   1.447606e-01
  3.038264e+00   1.525914e-01   1.453861e-01
  3.043410e+00   1.784078e-01   1.439301e-01
  3.048557e+00   3.002241e-01   1.443614e-01
  3.053703e+00   1.868808e-01   1.448324e-01
  3.058850e+00   2.247024e-01   1.447627e-01
  3.063996e+00   3.892851e-01   1.449304e-01
  3.069143e+00   4.599771e-01   1.443788e-01
  3.074290e+00  -2.454578e-02   1.432433e-01
  3.079436e+00   1.439493e-01   1.446319e-01
  3.084583e+00  -1.517198e-01   1.447922e-01
  3.089729e+00   1.410338e-01   1.437536e-01
  3.094876e+00   3.573057e-01   1.436653e-01
  3.100022e+00   3.598308e-01   1.442046e-01
  3.105169e+00  -3.029121e-02   1.434443e-01
  3.110316e+00   3.381980e-01   1.438471e-01
  3.115462e+00   2.977953e-01   1.431846e-01
  3.120609e+00   7.263779e-02   1.421797e-01
  3.125755e+00   1.401660e-01   1.420655e-01
  3.130902e+00   1.455709e-02   1.428373e-01
  3.136048e+00   4.366933e-01   1.408521e-01
  3.141195e+00   2.983995e-01   1.418916e-01
  3.146342e+00   1.330017e-01   1.411786e-01
  3.151488e+00   1.459869e-01   1.401809e-01
  3.156635e+00   5.690525e-02   1.408177e-01
  3.161781e+00   3.404218e-01   1.411518e-01
  3.166928e+00   2.334289e-01   1.399043e-01
  3.172074e+00   3.170787e-01   1.404101e-01
  3.177221e+00   3.726119e-01   1.411646e-01
  3.182368e+00   3.112687e-01   1.402469e-01
  3.187514e+00   6.681413e-02   1.402170e-01
  3.192661e+00   6.586251e-02   1.410576e-01
  3.197807e+00   4.875410e-01   1.392326e-01
  3.202954e+00   1.822194e-01   1.399521e-01
  3.208100e+00  -1.321185e-02   1.404944e-01
  3.213247e+00  -1.004238e-01   1.392581e-01
  3.218394e+00   3.448395e-01   1.402695e-01
  3.223540e+00   3.636453e-01   1.404552e-01
  3.228687e+00   6.882793e-02   1.389334e-01
  3.233833e+00   8.667412e-02   1.395968e-01
  3.238980e+00   4.910865e-01   1.414330e-01
  3.244126e+00   2.447809e-01   1.393021e-01
  3.249273e+00   4.284087e-01   1.386630e-01
  3.254420e+00   5.236278e-01   1.402029e-01
  3.259566e+00   3.834243e-01   1.384652e-01
  3.264713e+00   4.119409e-01   1.393758e-01
  3.269859e+00   3.351930e-01   1.399727e-01
  3.275006e+00   1.075732e-01   1.385995e-01
  3.280152e+00   2.942723e-01   1.391769e-01
  3.285299e+00   2.369137e-01   1.403381e-01
  3.290446e+00   2.555687e-01   1.382621e-01
  3.295592e+00   2.285278e-01   1.388190e-01
  3.300739e+00  -3.279778e-03   1.395571e-01
  3.305885e+00   2.878849e-01   1.380626e-01
  3.311032e+00   3.136814e-01   1.386818e-01
  3.316178e+00   2.820926e-01   1.395517e-01
  3.321325e+00   4.750683e-01   1.383497e-01
  3.326471e+00   2.861647e-01   1.385422e-01
  3.331618e+00   8.447982e-02   1.389405e-01
  3.336765e+00  -8.659557e-02   1.373869e-01
  3.341911e+00   5.693740e-01   1.382252e-01
  3.347058e+00   2.476227e-01   1.384488e-01
  3.352204e+00   4.996794e-01   1.375837e-01
  3.357351e+00   3.586973e-01   1.377568e-01
  3.362497e+00   1.991770e-01   1.388880e-01
  3.367644e+00   5.468023e-01   1.370812e-01
  3.372791e+00   2.813024e-01   1.383471e-01
  3.377937e+00  -4.947319e-02   1.381254e-01
  3.383084e+00   1.760296e-01   1.377635e-01
  3.388230e+00   2.407920e-01   1.376498e-01
  3.393377e+00   7.837337e-02   1.384301e-01
  3.398523e+00   1.234656e-01   1.373920e-01
  3.403670e+00   1.486767e-01   1.374706e-01
  3.408817e+00   8.704877e-02   1.385169e-01
  3.413963e+00   4.152549e-01   1.379649e-01
  3.419110e+00   2.105447e-02   1.374177e-01
  3.424256e+00   8.019064e-02   1.382266e-01
  3.429403e+00   3.789864e-01   1.366610e-01
  3.434549e+00   1.000330e-01   1.377783e-01
  3.439696e+00   2.867074e-01   1.378421e-01
  3.444843e+00  -1.751196e-02   1.372349e-01
  3.449989e+00   3.742467e-01   1.367603e-01
  3.455136e+00   2.725200e-01   1.377767e-01
  3.460282e+00   8.013975e-02   1.368997e-01
  3.465429e+00   4.097970e-01   1.374904e-01
  3.470575e+00   1.778881e-01   1.375292e-01
  3.475722e+00   6.656253e-02   1.366323e-01
  3.480869e+00   1.228058e-02   1.366726e-01
  3.486015e+00   2.139918e-01   1.381437e-01
  3.491162e+00   1.552045e-01   1.362520e-01
  3.496308e+00   3.915109e-02   1.371916e-01
  3.501455e+00   1.003596e-01   1.372930e-01
  3.506601e+00   1.568223e-01   1.369373e-01
  3.511748e+00  -1.231079e-02   1.364561e-01
  3.516895e+00   3.397654e-01   1.375253e-01
  3.522041e+00   4.012206e-01   1.363429e-01
  3.527188e+00   1.188267e-01   1.367240e-01
  3.532334e+00   2.751600e-02   1.368427e-01
  3.537481e+00   3.062393e-01   1.372925e-01
  3.542627e+00   3.769487e-01   1.364710e-01
  3.547774e+00   2.247610e-01   1.376268e-01
  3.552921e+00   3.670885e-01   1.367806e-01
  3.558067e+00  -1.230848e-01   1.367349e-01
  3.563214e+00   3.310155e-01   1.372613e-01
  3.568360e+00   2.498071e-01   1.367452e-01
  3.573507e+00   2.892738e-01   1.361543e-01
  3.578653e+00   1.248991e-01   1.372324e-01
  3.583800e+00   3.080978e-01   1.364570e-01
  3.588947e+00   4.288046e-01   1.368640e-01
  3.594093e+00   1.733850e-01   1.372883e-01
  3.599240e+00   1.609555e-01   1.371393e-01
  3.604386e+00   2.183420e-01   1.358134e-01
  3.609533e+00   4.252546e-01   1.379353e-01
  3.614679e+00   4.107364e-01   1.361199e-01
  3.619826e+00   1.913180e-01   1.371425e-01
  3.624973e+00   2.127035e-01   1.370399e-01
  3.630119e+00   2.942545e-01   1.369665e-01
  3.635266e+00   1.059643e-01   1.363056e-01
  3.640412e+00   3.032598e-01   1.377406e-01
  3.645559e+00   4.281948e-01   1.366747e-01
  3.650705e+00   1.228190e-01   1.365059e-01
  3.655852e+00   1.339227e-01   1.367464e-01
  3.660999e+00   2.473611e-01   1.361627e-01
  3.666145e+00   2.667327e-01   1.362803e-01
  3.671292e+00   2.078512e-01   1.378121e-01
  3.676438e+00   2.720656e-01   1.357909e-01
  3.681585e+00   2.014709e-01   1.366040e-01
  3.686731e+00   3.435173e-01   1.371171e-01
  3.691878e+00   1.649016e-01   1.366267e-01
  3.697025e+00   3.451065e-01   1.357659e-01
  3.702171e+00   3.943773e-01   1.374238e-01
  3.707318e+00  -1.249007e-01   1.358240e-01
  3.712464e+00  -1.858696e-02   1.365217e-01
  3.717611e+00   1.897870e-01   1.372939e-01
  3.722757e+00   1.345774e-01   1.363155e-01
  3.727904e+00   3.751235e-01   1.366317e-01
  3.733051e+00   3.535001e-01   1.383337e-01
  3.738197e+00   4.440100e-01   1.361462e-01
  3.743344e+00   2.121016e-01   1.369278e-01
  3.748490e+00   3.056716e-01   1.396819e-01
  3.753637e+00   3.379093e-01   1.415983e-01
  3.758783e+00   1.468813e-01   1.434195e-01
  3.763930e+00   1.842369e-01   1.453558e-01
  3.769077e+00  -1.264370e-02   1.454954e-01
  3.774223e+00   1.951932e-01   1.476891e-01
  3.779370e+00   1.520926e-01   1.479477e-01
  3.784516e+00   3.490824e-01   1.471946e-01
  3.789663e+00   1.669206e-01   1.483144e-01
  3.794809e+00   3.426957e-01   1.499782e-01
  3.799956e+00   2.764468e-01   1.487448e-01
  3.805103e+00  -6.831790e-02   1.498497e-01
  3.810249e+00   2.260652e-01   1.498884e-01
  3.815396e+00   1.570045e-01   1.453240e-01
  3.820542e+00  -9.743452e-02   1.441191e-01
  3.825689e+00   1.792571e-01   1.444321e-01
  3.830835e+00   4.160609e-01   1.422534e-01
  3.835982e+00   4.019916e-01   1.426124e-01
  3.841129e+00   1.322682e-01   1.429439e-01
  3.846275e+00  -2.585042e-02   1.421799e-01
  3.851422e+00   2.066276e-01   1.421245e-01
  3.856568e+00  -5.746597e-03   1.436407e-01
  3.861715e+00   2.246001e-01   1.414535e-01
  3.866861e+00   1.362320e-01   1.427578e-01
  3.872008e+00   3.262288e-01   1.431197e-01
  3.877155e+00   3.427093e-01   1.421523e-01
  3.882301e+00   4.359460e-01   1.425595e-01
  3.887448e+00   4.941572e-01   1.433091e-01
  3.892594e+00   2.366194e-01   1.418673e-01
  3.897741e+00   2.147691e-01   1.423464e-01
  3.902887e+00   4.454318e-01   1.434618e-01
  3.908034e+00   1.988165e-01   1.419286e-01
  3.913181e+00   9.606406e-02   1.424835e-01
  3.918327e+00   9.650245e-02   1.432521e-01
  3.923474e+00   1.003428e-01   1.419518e-01
  3.928620e+00   3.042789e-01   1.429207e-01
  3.933767e+00  -2.877189e-02   1.432768e-01
  3.938913e+00   2.522332e-01   1.424490e-01
  3.944060e+00   1.324874e-01   1.424627e-01
  3.949207e+00  -2.586422e-02   1.437427e-01
  3.954353e+00   1.223154e-01   1.424543e-01
  3.959500e+00   1.404922e-01   1.441625e-01
  3.964646e+00   6.127498e-02   1.442083e-01
  3.969793e+00   2.825364e-01   1.433716e-01
  3.974939e+00   3.473405e-01   1.436903e-01
  3.980086e+00   4.303744e-01   1.444341e-01
  3.985233e+00   1.879771e-01   1.434274e-01
  3.990379e+00   2.127338e-01   1.441633e-01
  3.995526e+00   2.251484e-01   1.445226e-01
  4.000672e+00   1.436948e-01   1.438846e-01
  4.005819e+00   4.438950e-01   1.451397e-01
  4.010965e+00   1.726487e-01   1.447620e-01
  4.016112e+00   1.790641e-01   1.441597e-01
  4.021259e+00   1.268634e-01   1.450525e-01
  4.026405e+00   1.556188e-01   1.448171e-01
  4.031552e+00   2.339090e-01   1.449052e-01
  4.036698e+00   5.512609e-01   1.452399e-01
  4.041845e+00   2.212876e-01   1.448877e-01
  4.046991e+00   2.871612e-01   1.447760e-01
  4.052138e+00   2.601960e-01   1.462183e-01
  4.057285e+00   1.438458e-02   1.451381e-01
  4.062431e+00   3.952872e-01   1.451117e-01
  4.067578e+00   2.296350e-01   1.460886e-01
  4.072724e+00   2.176219e-01   1.462439e-01
  4.077871e+00   3.154503e-01   1.451677e-01
  4.083017e+00   2.853624e-01   1.466683e-01
  4.088164e+00   5.064460e-02   1.459092e-01
  4.093311e+00   1.511176e-01   1.460375e-01
  4.098457e+00   2.757441e-01   1.466190e-01
  4.103604e+00   9.744427e-02   1.460698e-01
  4.108750e+00   6.188048e-02   1.461724e-01
  4.113897e+00   3.146050e-01   1.470687e-01
  4.119043e+00   2.836822e-01   1.466696e-01
  4.124190e+00   1.185741e-01   1.462391e-01
  4.129336e+00   3.682494e-01   1.470015e-01
  4.134483e+00   5.465732e-01   1.467188e-01
  4.139630e+00   1.368463e-01   1.470390e-01
  4.144776e+00   3.242069e-02   1.474699e-01
  4.149923e+00   7.518031e-02   1.471926e-01
  4.155069e+00  -3.854264e-02   1.464949e-01
  4.160216e+00  -1.663494e-02   1.477769e-01
  4.165362e+00   1.514026e-01   1.475737e-01
  4.170509e+00   2.285420e-03   1.473135e-01
  4.175656e+00   1.998239e-01   1.478852e-01
  4.180802e+00   2.554042e-01   1.477803e-01
  4.185949e+00   2.692913e-01   1.486496e-01
  4.191095e+00   2.218325e-01   1.498148e-01
  4.196242e+00   7.994138e-02   1.497530e-01
  4.201388e+00   1.956680e-01   1.505516e-01
  4.206535e+00   2.571662e-01   1.514397e-01
  4.211682e+00   1.621828e-01   1.516951e-01
  4.216828e+00   2.263634e-01   1.520009e-01
  4.221975e+00   1.241625e-01   1.526992e-01
  4.227121e+00   5.228116e-02   1.530596e-01
  4.232268e+00   1.017124e-01   1.532477e-01
  4.237414e+00   3.978511e-01   1.537053e-01
  4.242561e+00   1.917895e-01   1.550538e-01
  4.247708e+00   3.171497e-01   1.548205e-01
  4.252854e+00   3.002636e-01   1.551445e-01
  4.258001e+00   1.923649e-01   1.544726e-01
  4.263147e+00   7.560895e-02   1.558076e-01
  4.268294e+00  -3.489017e-03   1.558873e-01
  4.273440e+00   3.051566e-01   1.569343e-01
  4.278587e+00   2.023529e-01   1.568760e-01
  4.283734e+00   1.704731e-01   1.577586e-01
  4.288880e+00   1.043670e-01   1.573231e-01
  4.294027e+00  -2.113797e-01   1.573463e-01
  4.299173e+00   1.567703e-01   1.586066e-01
  4.304320e+00   1.194537e-01   1.578692e-01
  4.309466e+00   1.308252e-01   1.579162e-01
  4.314613e+00   3.774087e-01   1.582985e-01
  4.319760e+00   1.701720e-02   1.583475e-01
  4.324906e+00   2.122085e-01   1.589274e-01
  4.330053e+00   2.263371e-01   1.587696e-01
  4.335199e+00   3.469036e-01   1.591409e-01
  4.340346e+00   3.576087e-01   1.587398e-01
  4.345492e+00  -5.445786e-03   1.590496e-01
  4.350639e+00   3.950142e-01   1.588992e-01
  4.355786e+00  -1.181342e-01   1.606520e-01
  4.360932e+00   2.488313e-01   1.601454e-01
  4.366079e+00   2.667985e-02   1.607832e-01
  4.371225e+00  -4.121180e-02   1.602721e-01
  4.376372e+00   2.392768e-01   1.614205e-01
  4.381518e+00   2.957489e-01   1.610536e-01
  4.386665e+00   3.563143e-01   1.617906e-01
  4.391812e+00   2.115713e-01   1.605989e-01
  4.396958e+00   2.965299e-02   1.611251e-01
  4.402105e+00  -1.282056e-01   1.611378e-01
  4.407251e+00  -2.050696e-02   1.618590e-01
  4.412398e+00   1.598046e-01   1.618952e-01
  4.417544e+00   2.594572e-01   1.632052e-01
  4.422691e+00   5.413101e-01   1.632645e-01
  4.427838e+00   1.954879e-01   1.631644e-01
  4.432984e+00   6.061278e-02   1.636727e-01
  4.438131e+00   3.536007e-01   1.653187e-01
  4.443277e+00   2.161450e-01   1.648923e-01
  4.448424e+00   2.915810e-01   1.660244e-01
  4.453570e+00   4.247576e-01   1.659074e-01
  4.458717e+00   3.705687e-01   1.677524e-01
  4.463864e+00   1.990293e-01   1.677148e-01
  4.469010e+00   2.200814e-01   1.692496e-01
  4.474157e+00   3.666672e-01   1.684979e-01
  4.479303e+00   2.541882e-01   1.685767e-01
  4.484450e+00   4.794924e-01   1.696311e-01
  4.489596e+00   2.303010e-01   1.698109e-01
  4.494743e+00  -1.519415e-01   1.703148e-01
  4.499890e+00   1.852349e-01   1.712566e-01
  4.505036e+00   1.183651e-01   1.712639e-01
  4.510183e+00   9.314121e-02   1.720954e-01
  4.515329e+00   8.624454e-02   1.735482e-01
  4.520476e+00   3.427311e-01   1.736078e-01
  4.525622e+00   2.651143e-01   1.727273e-01
  4.530769e+00   2.825591e-01   1.737411e-01
  4.535916e+00   2.364561e-01   1.747638e-01
  4.541062e+00   1.863151e-01   1.749880e-01
  4.546209e+00   1.709540e-01   1.753444e-01
  4.551355e+00   1.426532e-01   1.752086e-01
  4.556502e+00   7.705447e-02   1.763076e-01
  4.561648e+00  -1.762908e-01   1.771222e-01
  4.566795e+00   6.250014e-02   1.768714e-01
  4.571942e+00   1.754445e-01   1.773499e-01
  4.577088e+00   3.298979e-01   1.773335e-01
  4.582235e+00  -2.626947e-01   1.790961e-01
  4.587381e+00   1.762966e-01   1.799124e-01
  4.592528e+00   9.835795e-02   1.796622e-01
  4.597674e+00   1.973638e-01   1.814532e-01
  4.602821e+00   2.422360e-01   1.815227e-01
  4.607968e+00   4.127978e-01   1.832359e-01
  4.613114e+00   1.716824e-01   1.835850e-01
  4.618261e+00   9.983007e-02   1.831013e-01
  4.623407e+00   2.744910e-01   1.827548e-01
  4.628554e+00   4.297290e-01   1.825783e-01
  4.633700e+00   2.073181e-01   1.839515e-01
  4.638847e+00   2.344639e-01   1.839608e-01
  4.643994e+00   2.103956e-01   1.845951e-01
  4.649140e+00  -1.046523e-01   1.847167e-01
  4.654287e+00  -8.419360e-03   1.846219e-01
  4.659433e+00   3.119193e-01   1.852657e-01
  4.664580e+00   9.671178e-02   1.844406e-01
  4.669726e+00   2.767693e-01   1.849993e-01
  4.674873e+00  -2.307723e-03   1.848845e-01
  4.680020e+00  -8.307274e-03   1.855794e-01
  4.685166e+00   5.454792e-01   1.870303e-01
  4.690313e+00   2.240374e-01   1.872898e-01
  4.695459e+00   2.579072e-01   1.875501e-01
  4.700606e+00   3.709732e-01   1.893711e-01
  4.705752e+00   3.239838e-01   1.893787e-01
  4.710899e+00   1.573552e-01   1.892722e-01
  4.716046e+00   2.799649e-01   1.905512e-01
  4.721192e+00   1.930534e-01   1.904137e-01
  4.726339e+00   3.131033e-02   1.909165e-01
  4.731485e+00  -4.765977e-02   1.922234e-01
  4.736632e+00   1.709865e-01   1.924282e-01
  4.741778e+00   5.301572e-01   1.942509e-01
  4.746925e+00   2.392452e-01   1.952437e-01
  4.752072e+00   3.412025e-01   1.955913e-01
  4.757218e+00   1.520258e-01   1.945437e-01
  4.762365e+00   3.347348e-01   1.963955e-01
  4.767511e+00   3.100820e-01   1.958562e-01
  4.772658e+00  -3.141668e-01   1.965934e-01
  4.777804e+00   1.495673e-01   1.981960e-01
  4.782951e+00   1.916724e-01   1.985545e-01
  4.788098e+00   1.655343e-01   1.988681e-01
  4.793244e+00   2.433670e-01   1.996946e-01
  4.798391e+00   4.791913e-01   2.018403e-01
  4.803537e+00   1.858741e-01   2.007974e-01
  4.808684e+00   3.150098e-01   2.011848e-01
  4.813830e+00   4.891375e-03   2.031389e-01
  4.818977e+00   4.823869e-01   2.024064e-01
  4.824124e+00  -2.436795e-01   2.033076e-01
  4.829270e+00   1.605927e-01   2.038218e-01
  4.834417e+00   9.548196e-02   2.054559e-01
  4.839563e+00   3.002003e-01   2.059623e-01
  4.844710e+00   2.709199e-01   2.068428e-01
  4.849856e+00   1.582782e-01   2.059553e-01
  4.855003e+00   3.016280e-01   2.069739e-01
  4.860150e+00   5.070153e-01   2.081320e-01
  4.865296e+00   1.745877e-01   2.087316e-01
  4.870443e+00   1.367987e-01   2.098969e-01
  4.875589e+00   4.012817e-01   2.103410e-01
  4.880736e+00   3.016164e-01   2.108106e-01
  4.885882e+00   2.173987e-01   2.123173e-01
  4.891029e+00   1.091263e-01   2.133736e-01
  4.896176e+00   2.207897e-01   2.128431e-01
  4.901322e+00   6.646771e-02   2.130017e-01
  4.906469e+00   4.925688e-01   2.140755e-01
  4.911615e+00   2.080145e-01   2.149883e-01
  4.916762e+00   3.705574e-01   2.147584e-01
  4.921908e+00   5.423104e-01   2.168639e-01
  4.927055e+00   3.469906e-01   2.169570e-01
  4.932201e+00   2.647587e-01   2.184767e-01
  4.937348e+00   4.256197e-01   2.193118e-01
  4.942495e+00   1.995328e-01   2.199077e-01
  4.947641e+00  -1.759768e-01   2.188363e-01
  4.952788e+00   1.368188e-01   2.195079e-01
  4.957934e+00   1.748549e-01   2.203907e-01
  4.963081e+00   4.036560e-01   2.209539e-01
  4.968227e+00  -5.176646e-02   2.197943e-01
  4.973374e+00   5.330775e-02   2.211199e-01
  4.978521e+00  -1.379943e-01   2.215198e-01
  4.983667e+00   1.967268e-01   2.210809e-01
  4.988814e+00   3.243011e-01   2.247460e-01
  4.993960e+00   5.212843e-01   2.231923e-01
  4.999107e+00   2.193610e-01   2.231163e-01
  5.004253e+00   4.278139e-01   2.248541e-01
  5.009400e+00  -9.577020e-02   2.283519e-01
  5.014547e+00   2.546804e-01   2.298476e-01
  5.019693e+00   1.081832e-01   2.300559e-01
  5.024840e+00   4.753929e-01   2.353761e-01
  5.029986e+00   7.742869e-02   2.357025e-01
  5.035133e+00   4.756238e-01   2.426739e-01
  5.040279e+00   2.959479e-01   2.421821e-01
  5.045426e+00   3.630467e-01   2.449666e-01
  5.050573e+00  -2.240561e-01   2.461335e-01
  5.055719e+00   3.251888e-01   2.504116e-01
  5.060866e+00   6.020259e-01   2.535921e-01
  5.066012e+00   4.117332e-01   2.549635e-01
  5.071159e+00   2.379947e-01   2.598248e-01
  5.076305e+00   6.313466e-02   2.613376e-01
  5.081452e+00   2.728950e-01   2.673719e-01
  5.086599e+00   6.871503e-01   2.688336e-01
  5.091745e+00   1.812568e-01   2.757878e-01
  5.096892e+00   3.881207e-01   2.857376e-01
  5.102038e+00   1.518598e-01   2.935762e-01
  5.107185e+00   3.233784e-01   3.022733e-01
  5.112331e+00   5.685829e-02   3.085826e-01
  5.117478e+00  -6.939224e-03   3.130836e-01
  5.122625e+00   5.108029e-01   3.200979e-01
  5.127771e+00   3.458989e-01   3.282180e-01
  5.132918e+00   2.606209e-02   3.397954e-01
  5.138064e+00   4.709615e-01   3.331805e-01
  5.143211e+00   1.432700e-01   3.354374e-01
  5.148357e+00  -2.661727e-01   3.378539e-01
  5.153504e+00   3.626279e-01   3.405212e-01
  5.158651e+00   2.696518e-01   3.475386e-01
  5.163797e+00  -1.246289e-01   4.003275e-01
  5.168944e+00  -3.360434e-01   5.059475e-01
  5.174090e+00   1.740850e+00   5.825136e-01
  5.179237e+00  -7.810739e-01   1.019359e+00
