Sample description: 
Sample:   c= 0 mg/ml  Code: 
  1.613306e-01   9.777235e+01   9.982553e-01
  1.664772e-01   9.813412e+01   9.788985e-01
  1.716238e-01   9.811016e+01   9.395493e-01
  1.767703e-01   9.778722e+01   8.922521e-01
  1.819169e-01   9.767060e+01   8.820055e-01
  1.870635e-01   9.750847e+01   8.608880e-01
  1.922101e-01   9.689220e+01   8.165210e-01
  1.973566e-01   9.654647e+01   8.086780e-01
  2.025032e-01   9.680231e+01   7.879184e-01
  2.076498e-01   9.572205e+01   7.642431e-01
  2.127963e-01   9.585869e+01   7.598331e-01
  2.179429e-01   9.524556e+01   7.306322e-01
  2.230895e-01   9.542249e+01   7.085507e-01
  2.282360e-01   9.547379e+01   7.055079e-01
  2.333826e-01   9.446531e+01   6.919736e-01
  2.385292e-01   9.448338e+01   6.780084e-01
  2.436758e-01   9.398917e+01   6.668866e-01
  2.488223e-01   9.164023e+01   6.523699e-01
  2.539689e-01   9.126568e+01   6.402863e-01
  2.591155e-01   9.237945e+01   6.387139e-01
  2.642620e-01   9.090646e+01   6.204285e-01
  2.694086e-01   9.153372e+01   6.127394e-01
  2.745552e-01   9.075620e+01   6.036978e-01
  2.797018e-01   9.175981e+01   5.987929e-01
  2.848483e-01   9.117445e+01   5.879347e-01
  2.899949e-01   9.095291e+01   5.897309e-01
  2.951415e-01   9.016578e+01   5.939589e-01
  3.002880e-01   8.857892e+01   5.914700e-01
  3.054346e-01   8.824686e+01   5.916736e-01
  3.105812e-01   8.809321e+01   5.879945e-01
  3.157277e-01   8.762878e+01   5.851591e-01
  3.208743e-01   8.714633e+01   5.794935e-01
  3.260209e-01   8.679625e+01   5.814505e-01
  3.311675e-01   8.634321e+01   5.767034e-01
  3.363140e-01   8.684425e+01   5.792485e-01
  3.414606e-01   8.582973e+01   5.729265e-01
  3.466072e-01   8.554277e+01   5.652737e-01
  3.517537e-01   8.563857e+01   5.622300e-01
  3.569003e-01   8.453042e+01   5.491858e-01
  3.620469e-01   8.321948e+01   5.304605e-01
  3.671934e-01   8.297628e+01   5.230254e-01
  3.723400e-01   8.277214e+01   5.204033e-01
  3.774866e-01   8.236327e+01   5.105157e-01
  3.826332e-01   8.145783e+01   5.020071e-01
  3.877797e-01   8.091859e+01   4.993297e-01
  3.929263e-01   8.145513e+01   4.902393e-01
  3.980729e-01   8.137872e+01   4.863140e-01
  4.032194e-01   8.090678e+01   4.821496e-01
  4.083660e-01   7.846070e+01   4.684930e-01
  4.135126e-01   7.903848e+01   4.681306e-01
  4.186592e-01   7.876657e+01   4.656689e-01
  4.238057e-01   7.785511e+01   4.561563e-01
  4.289523e-01   7.760619e+01   4.528950e-01
  4.340989e-01   7.754420e+01   4.509481e-01
  4.392454e-01   7.673488e+01   4.467927e-01
  4.443920e-01   7.622718e+01   4.412293e-01
  4.495386e-01   7.630796e+01   4.379837e-01
  4.546851e-01   7.519285e+01   4.296818e-01
  4.598317e-01   7.574718e+01   4.301347e-01
  4.649783e-01   7.452177e+01   4.284609e-01
  4.701249e-01   7.378979e+01   4.317997e-01
  4.752714e-01   7.278133e+01   4.320098e-01
  4.804180e-01   7.281565e+01   4.359916e-01
  4.855646e-01   7.148154e+01   4.316545e-01
  4.907111e-01   7.193044e+01   4.343863e-01
  4.958577e-01   7.073521e+01   4.316787e-01
  5.010043e-01   7.025527e+01   4.308745e-01
  5.061509e-01   6.927026e+01   4.298808e-01
  5.112974e-01   6.922125e+01   4.337302e-01
  5.164440e-01   6.952385e+01   4.277404e-01
  5.215906e-01   6.811591e+01   4.254062e-01
  5.267371e-01   6.744441e+01   4.251485e-01
  5.318837e-01   6.788810e+01   4.234778e-01
  5.370303e-01   6.731072e+01   4.102688e-01
  5.421768e-01   6.571089e+01   4.054077e-01
  5.473234e-01   6.558373e+01   4.017396e-01
  5.524700e-01   6.517713e+01   3.934633e-01
  5.576166e-01   6.385473e+01   3.914057e-01
  5.627631e-01   6.471633e+01   3.876439e-01
  5.679097e-01   6.395196e+01   3.822811e-01
  5.730563e-01   6.327870e+01   3.798850e-01
  5.782028e-01   6.319857e+01   3.771596e-01
  5.833494e-01   6.165197e+01   3.704694e-01
  5.884960e-01   6.127224e+01   3.703228e-01
  5.936426e-01   6.145639e+01   3.707930e-01
  5.987891e-01   6.073253e+01   3.625710e-01
  6.039357e-01   5.984945e+01   3.618468e-01
  6.090823e-01   5.988792e+01   3.600110e-01
  6.142288e-01   5.816835e+01   3.531488e-01
  6.193754e-01   5.812076e+01   3.522073e-01
  6.245220e-01   5.799831e+01   3.508164e-01
  6.296685e-01   5.726952e+01   3.465704e-01
  6.348151e-01   5.720716e+01   3.462872e-01
  6.399617e-01   5.634941e+01   3.440181e-01
  6.451083e-01   5.556663e+01   3.396505e-01
  6.502548e-01   5.554890e+01   3.370989e-01
  6.554014e-01   5.486726e+01   3.356393e-01
  6.605480e-01   5.461039e+01   3.356154e-01
  6.656945e-01   5.346155e+01   3.381031e-01
  6.708411e-01   5.375260e+01   3.418301e-01
  6.759877e-01   5.292299e+01   3.399369e-01
  6.811343e-01   5.204451e+01   3.383283e-01
  6.862808e-01   5.149352e+01   3.378667e-01
  6.914274e-01   5.093151e+01   3.291621e-01
  6.965740e-01   5.100847e+01   3.254168e-01
  7.017205e-01   5.067383e+01   3.252208e-01
  7.068671e-01   4.991098e+01   3.195302e-01
  7.120137e-01   4.900095e+01   3.164161e-01
  7.171602e-01   4.926078e+01   3.176025e-01
  7.223068e-01   4.853198e+01   3.124625e-01
  7.274534e-01   4.799740e+01   3.093899e-01
  7.326000e-01   4.770483e+01   3.095882e-01
  7.377465e-01   4.681302e+01   3.034589e-01
  7.428931e-01   4.682970e+01   3.021228e-01
  7.480397e-01   4.608457e+01   3.007716e-01
  7.531862e-01   4.546542e+01   2.966057e-01
  7.583328e-01   4.479360e+01   2.971166e-01
  7.634794e-01   4.515293e+01   2.977600e-01
  7.686259e-01   4.403672e+01   2.940875e-01
  7.737725e-01   4.343210e+01   2.909566e-01
  7.789191e-01   4.284822e+01   2.920018e-01
  7.840657e-01   4.233009e+01   2.872603e-01
  7.892122e-01   4.208993e+01   2.857083e-01
  7.943588e-01   4.145248e+01   2.857318e-01
  7.995054e-01   4.131165e+01   2.825293e-01
  8.046519e-01   4.067447e+01   2.817295e-01
  8.097985e-01   3.998731e+01   2.804372e-01
  8.149451e-01   4.013168e+01   2.760918e-01
  8.200917e-01   3.902440e+01   2.754408e-01
  8.252382e-01   3.897268e+01   2.750447e-01
  8.303848e-01   3.859706e+01   2.708168e-01
  8.355314e-01   3.791985e+01   2.696769e-01
  8.406779e-01   3.778915e+01   2.691272e-01
  8.458245e-01   3.755978e+01   2.675524e-01
  8.509711e-01   3.698221e+01   2.662015e-01
  8.561176e-01   3.641431e+01   2.651114e-01
  8.612642e-01   3.597797e+01   2.640227e-01
  8.664108e-01   3.528789e+01   2.615261e-01
  8.715574e-01   3.470125e+01   2.620075e-01
  8.767039e-01   3.521330e+01   2.592427e-01
  8.818505e-01   3.402748e+01   2.575158e-01
  8.869971e-01   3.440906e+01   2.564145e-01
  8.921436e-01   3.386215e+01   2.573480e-01
  8.972902e-01   3.366365e+01   2.527787e-01
  9.024368e-01   3.317078e+01   2.544198e-01
  9.075834e-01   3.228895e+01   2.519783e-01
  9.127299e-01   3.192502e+01   2.491747e-01
  9.178765e-01   3.136941e+01   2.499521e-01
  9.230231e-01   3.160982e+01   2.540503e-01
  9.281696e-01   3.084818e+01   2.503271e-01
  9.333162e-01   3.047127e+01   2.524684e-01
  9.384628e-01   3.012930e+01   2.520913e-01
  9.436093e-01   2.979693e+01   2.490548e-01
  9.487559e-01   2.909872e+01   2.506911e-01
  9.539025e-01   2.907724e+01   2.513904e-01
  9.590491e-01   2.882387e+01   2.478606e-01
  9.641956e-01   2.808307e+01   2.487276e-01
  9.693422e-01   2.788821e+01   2.492826e-01
  9.744888e-01   2.757149e+01   2.465243e-01
  9.796353e-01   2.743462e+01   2.475185e-01
  9.847819e-01   2.674157e+01   2.464385e-01
  9.899285e-01   2.698868e+01   2.452412e-01
  9.950751e-01   2.642613e+01   2.452165e-01
  1.000222e+00   2.567040e+01   2.446688e-01
  1.005368e+00   2.574925e+01   2.439481e-01
  1.010515e+00   2.539811e+01   2.469299e-01
  1.015661e+00   2.457395e+01   2.479625e-01
  1.020808e+00   2.462388e+01   2.470240e-01
  1.025954e+00   2.450114e+01   2.483331e-01
  1.031101e+00   2.391803e+01   2.473637e-01
  1.036248e+00   2.381081e+01   2.469301e-01
  1.041394e+00   2.338276e+01   2.468411e-01
  1.046541e+00   2.286000e+01   2.464227e-01
  1.051687e+00   2.250865e+01   2.448782e-01
  1.056834e+00   2.240793e+01   2.452133e-01
  1.061980e+00   2.189060e+01   2.442573e-01
  1.067127e+00   2.200920e+01   2.437348e-01
  1.072274e+00   2.103264e+01   2.407852e-01
  1.077420e+00   2.103322e+01   2.426466e-01
  1.082567e+00   2.093614e+01   2.412442e-01
  1.087713e+00   2.050860e+01   2.396498e-01
  1.092860e+00   2.030535e+01   2.404804e-01
  1.098006e+00   2.025382e+01   2.387428e-01
  1.103153e+00   2.004703e+01   2.386941e-01
  1.108300e+00   1.965083e+01   2.382944e-01
  1.113446e+00   1.981184e+01   2.404861e-01
  1.118593e+00   1.932768e+01   2.405217e-01
  1.123739e+00   1.903797e+01   2.419773e-01
  1.128886e+00   1.836281e+01   2.398002e-01
  1.134032e+00   1.800581e+01   2.397178e-01
  1.139179e+00   1.813557e+01   2.390605e-01
  1.144326e+00   1.790068e+01   2.389410e-01
  1.149472e+00   1.757973e+01   2.397261e-01
  1.154619e+00   1.707679e+01   2.377711e-01
  1.159765e+00   1.698203e+01   2.379727e-01
  1.164912e+00   1.656322e+01   2.368028e-01
  1.170058e+00   1.635535e+01   2.361424e-01
  1.175205e+00   1.650988e+01   2.344967e-01
  1.180352e+00   1.608652e+01   2.322614e-01
  1.185498e+00   1.533539e+01   2.311961e-01
  1.190645e+00   1.570094e+01   2.304431e-01
  1.195791e+00   1.517619e+01   2.284416e-01
  1.200938e+00   1.491747e+01   2.275279e-01
  1.206084e+00   1.467117e+01   2.253474e-01
  1.211231e+00   1.444200e+01   2.242181e-01
  1.216378e+00   1.427643e+01   2.243724e-01
  1.221524e+00   1.410827e+01   2.224079e-01
  1.226671e+00   1.389094e+01   2.233525e-01
  1.231817e+00   1.395169e+01   2.283984e-01
  1.236964e+00   1.355422e+01   2.264380e-01
  1.242110e+00   1.343034e+01   2.260402e-01
  1.247257e+00   1.293583e+01   2.272601e-01
  1.252404e+00   1.303768e+01   2.263999e-01
  1.257550e+00   1.249405e+01   2.265184e-01
  1.262697e+00   1.258528e+01   2.263937e-01
  1.267843e+00   1.218044e+01   2.252623e-01
  1.272990e+00   1.246700e+01   2.251949e-01
  1.278136e+00   1.205240e+01   2.275192e-01
  1.283283e+00   1.194951e+01   2.236838e-01
  1.288430e+00   1.187109e+01   2.258617e-01
  1.293576e+00   1.207727e+01   2.307484e-01
  1.298723e+00   1.124792e+01   2.306768e-01
  1.303869e+00   1.103154e+01   2.322461e-01
  1.309016e+00   1.118834e+01   2.341115e-01
  1.314162e+00   1.088970e+01   2.338645e-01
  1.319309e+00   1.061879e+01   2.355942e-01
  1.324456e+00   1.043040e+01   2.358758e-01
  1.329602e+00   1.029589e+01   2.344895e-01
  1.334749e+00   1.037283e+01   2.371631e-01
  1.339895e+00   9.910880e+00   2.358940e-01
  1.345042e+00   9.840373e+00   2.357514e-01
  1.350188e+00   9.813422e+00   2.373239e-01
  1.355335e+00   9.068169e+00   2.360557e-01
  1.360482e+00   9.377156e+00   2.324701e-01
  1.365628e+00   9.246010e+00   2.296211e-01
  1.370775e+00   9.244357e+00   2.294825e-01
  1.375921e+00   9.092099e+00   2.275497e-01
  1.381068e+00   8.900917e+00   2.255511e-01
  1.386214e+00   8.439457e+00   2.269309e-01
  1.391361e+00   8.527264e+00   2.235176e-01
  1.396508e+00   8.727952e+00   2.242876e-01
  1.401654e+00   8.081342e+00   2.236083e-01
  1.406801e+00   7.953440e+00   2.240664e-01
  1.411947e+00   8.195741e+00   2.212905e-01
  1.417094e+00   8.007509e+00   2.227753e-01
  1.422240e+00   7.716249e+00   2.201071e-01
  1.427387e+00   7.638764e+00   2.192427e-01
  1.432534e+00   7.165815e+00   2.200543e-01
  1.437680e+00   7.170842e+00   2.191360e-01
  1.442827e+00   7.020054e+00   2.173780e-01
  1.447973e+00   7.296429e+00   2.202613e-01
  1.453120e+00   7.106184e+00   2.174229e-01
  1.458266e+00   6.958895e+00   2.160715e-01
  1.463413e+00   6.734316e+00   2.168741e-01
  1.468560e+00   6.524184e+00   2.147667e-01
  1.473706e+00   6.598061e+00   2.147887e-01
  1.478853e+00   6.692239e+00   2.162214e-01
  1.483999e+00   6.046947e+00   2.141018e-01
  1.489146e+00   6.186159e+00   2.136249e-01
  1.494292e+00   5.880401e+00   2.130471e-01
  1.499439e+00   6.051520e+00   2.130430e-01
  1.504586e+00   5.821772e+00   2.118103e-01
  1.509732e+00   5.918891e+00   2.129729e-01
  1.514879e+00   5.636674e+00   2.112497e-01
  1.520025e+00   5.577926e+00   2.107043e-01
  1.525172e+00   5.602121e+00   2.124131e-01
  1.530318e+00   5.426210e+00   2.106051e-01
  1.535465e+00   5.245070e+00   2.106715e-01
  1.540612e+00   5.226479e+00   2.106420e-01
  1.545758e+00   5.087646e+00   2.092891e-01
  1.550905e+00   4.970877e+00   2.093899e-01
  1.556051e+00   5.225101e+00   2.092907e-01
  1.561198e+00   5.109215e+00   2.084713e-01
  1.566344e+00   4.777650e+00   2.083069e-01
  1.571491e+00   4.541777e+00   2.076716e-01
  1.576638e+00   4.506391e+00   2.085889e-01
  1.581784e+00   4.369813e+00   2.063705e-01
  1.586931e+00   4.565235e+00   2.063870e-01
  1.592077e+00   4.508804e+00   2.061307e-01
  1.597224e+00   3.962446e+00   2.055717e-01
  1.602370e+00   3.726905e+00   2.050636e-01
  1.607517e+00   3.823436e+00   2.062973e-01
  1.612664e+00   4.155677e+00   2.052436e-01
  1.617810e+00   3.913175e+00   2.045715e-01
  1.622957e+00   3.887453e+00   2.044917e-01
  1.628103e+00   3.726301e+00   2.027212e-01
  1.633250e+00   3.833706e+00   2.039717e-01
  1.638396e+00   3.687562e+00   2.044200e-01
  1.643543e+00   3.705865e+00   2.019651e-01
  1.648690e+00   3.697629e+00   2.027853e-01
  1.653836e+00   3.003622e+00   2.036821e-01
  1.658983e+00   3.382057e+00   2.011819e-01
  1.664129e+00   3.350927e+00   2.030607e-01
  1.669276e+00   3.312493e+00   2.022772e-01
  1.674422e+00   2.928047e+00   2.005164e-01
  1.679569e+00   3.099828e+00   2.011991e-01
  1.684716e+00   2.989561e+00   2.020390e-01
  1.689862e+00   2.791155e+00   1.993432e-01
  1.695009e+00   2.976511e+00   2.003335e-01
  1.700155e+00   3.058840e+00   2.009838e-01
  1.705302e+00   2.671147e+00   1.993727e-01
  1.710448e+00   2.461688e+00   2.001498e-01
  1.715595e+00   2.386130e+00   1.995741e-01
  1.720741e+00   2.716230e+00   1.981493e-01
  1.725888e+00   2.611608e+00   1.984686e-01
  1.731035e+00   2.728572e+00   1.989589e-01
  1.736181e+00   2.339953e+00   1.976399e-01
  1.741328e+00   2.785959e+00   1.975662e-01
  1.746474e+00   2.293003e+00   1.981268e-01
  1.751621e+00   2.398363e+00   1.975961e-01
  1.756767e+00   2.438621e+00   1.953700e-01
  1.761914e+00   2.733908e+00   1.966118e-01
  1.767061e+00   2.170872e+00   1.940916e-01
  1.772207e+00   2.539399e+00   1.946949e-01
  1.777354e+00   2.115078e+00   1.957004e-01
  1.782500e+00   2.105179e+00   1.950024e-01
  1.787647e+00   2.056695e+00   1.934633e-01
  1.792793e+00   2.241497e+00   1.959987e-01
  1.797940e+00   1.682027e+00   1.932887e-01
  1.803087e+00   2.036122e+00   1.940784e-01
  1.808233e+00   1.834302e+00   1.935848e-01
  1.813380e+00   2.349330e+00   1.939628e-01
  1.818526e+00   1.953519e+00   1.913927e-01
  1.823673e+00   2.034638e+00   1.936319e-01
  1.828819e+00   1.655921e+00   1.923578e-01
  1.833966e+00   1.661159e+00   1.927917e-01
  1.839113e+00   1.690587e+00   1.935296e-01
  1.844259e+00   1.847126e+00   1.925098e-01
  1.849406e+00   1.754939e+00   1.907100e-01
  1.854552e+00   1.500793e+00   1.932796e-01
  1.859699e+00   1.500665e+00   1.919995e-01
  1.864845e+00   1.651810e+00   1.916568e-01
  1.869992e+00   1.678447e+00   1.922886e-01
  1.875139e+00   1.650851e+00   1.918934e-01
  1.880285e+00   1.382097e+00   1.912053e-01
  1.885432e+00   1.599684e+00   1.922581e-01
  1.890578e+00   1.672021e+00   1.908539e-01
  1.895725e+00   1.238188e+00   1.898740e-01
  1.900871e+00   1.440815e+00   1.917163e-01
  1.906018e+00   1.340991e+00   1.907273e-01
  1.911165e+00   1.349181e+00   1.902528e-01
  1.916311e+00   1.405310e+00   1.911185e-01
  1.921458e+00   1.303552e+00   1.905880e-01
  1.926604e+00   1.371139e+00   1.902670e-01
  1.931751e+00   1.394601e+00   1.912107e-01
  1.936897e+00   1.111982e+00   1.897809e-01
  1.942044e+00   1.292896e+00   1.892648e-01
  1.947191e+00   1.429085e+00   1.906132e-01
  1.952337e+00   1.274389e+00   1.898725e-01
  1.957484e+00   1.340248e+00   1.891495e-01
  1.962630e+00   1.643622e+00   1.914453e-01
  1.967777e+00   1.404020e+00   1.899182e-01
  1.972923e+00   1.199859e+00   1.885562e-01
  1.978070e+00   1.190328e+00   1.899870e-01
  1.983217e+00   8.180978e-01   1.884973e-01
  1.988363e+00   1.170468e+00   1.883643e-01
  1.993510e+00   1.250155e+00   1.894416e-01
  1.998656e+00   9.183462e-01   1.888154e-01
  2.003803e+00   1.194072e+00   1.886576e-01
  2.008949e+00   1.126432e+00   1.895183e-01
  2.014096e+00   8.253195e-01   1.881628e-01
  2.019243e+00   9.269120e-01   1.880748e-01
  2.024389e+00   1.065999e+00   1.878719e-01
  2.029536e+00   9.386905e-01   1.879798e-01
  2.034682e+00   1.055890e+00   1.872398e-01
  2.039829e+00   8.887104e-01   1.884605e-01
  2.044975e+00   9.664399e-01   1.875243e-01
  2.050122e+00   1.019035e+00   1.879140e-01
  2.055269e+00   8.036888e-01   1.886045e-01
  2.060415e+00   1.151762e+00   1.880616e-01
  2.065562e+00   9.204366e-01   1.863904e-01
  2.070708e+00   7.164444e-01   1.870281e-01
  2.075855e+00   1.014030e+00   1.876353e-01
  2.081001e+00   9.480270e-01   1.866512e-01
  2.086148e+00   9.237687e-01   1.871147e-01
  2.091295e+00   1.090311e+00   1.871461e-01
  2.096441e+00   9.923267e-01   1.870906e-01
  2.101588e+00   9.850643e-01   1.863356e-01
  2.106734e+00   1.112646e+00   1.868633e-01
  2.111881e+00   1.120553e+00   1.900868e-01
  2.117027e+00   8.513178e-01   1.928400e-01
  2.122174e+00   7.588657e-01   1.934571e-01
  2.127321e+00   6.996373e-01   1.947594e-01
  2.132467e+00   8.518580e-01   1.973801e-01
  2.137614e+00   8.083577e-01   1.976583e-01
  2.142760e+00   7.785705e-01   1.987840e-01
  2.147907e+00   1.068879e+00   1.994801e-01
  2.153053e+00   9.642682e-01   2.003929e-01
  2.158200e+00   1.008754e+00   2.013681e-01
  2.163347e+00   7.425327e-01   2.025514e-01
  2.168493e+00   4.343424e-01   2.014876e-01
  2.173640e+00   2.397831e-01   2.010323e-01
  2.178786e+00   1.155352e+00   1.993177e-01
  2.183933e+00   1.111059e+00   1.985959e-01
  2.189079e+00   1.122723e+00   1.962522e-01
  2.194226e+00   1.049918e+00   1.942246e-01
  2.199373e+00   8.616523e-01   1.937296e-01
  2.204519e+00   6.566426e-01   1.930127e-01
  2.209666e+00   9.473892e-01   1.928667e-01
  2.214812e+00   6.951900e-01   1.925394e-01
  2.219959e+00   7.301080e-01   1.908888e-01
  2.225105e+00   4.532209e-01   1.912481e-01
  2.230252e+00   8.913962e-01   1.921772e-01
  2.235399e+00   1.093932e+00   1.900867e-01
  2.240545e+00   8.276496e-01   1.901317e-01
  2.245692e+00   7.814419e-01   1.907364e-01
  2.250838e+00   7.863704e-01   1.895932e-01
  2.255985e+00   1.283011e+00   1.893841e-01
  2.261131e+00   7.411094e-01   1.902096e-01
  2.266278e+00   7.336959e-01   1.885729e-01
  2.271425e+00   7.906094e-01   1.893888e-01
  2.276571e+00   1.098112e+00   1.894362e-01
  2.281718e+00   8.804605e-01   1.884439e-01
  2.286864e+00   9.488906e-01   1.889326e-01
  2.292011e+00   1.181693e+00   1.891675e-01
  2.297157e+00   1.125303e+00   1.872482e-01
  2.302304e+00   6.420916e-01   1.872289e-01
  2.307451e+00   1.088680e+00   1.895686e-01
  2.312597e+00   9.996875e-01   1.878293e-01
  2.317744e+00   7.916756e-01   1.866382e-01
  2.322890e+00   8.495727e-01   1.879697e-01
  2.328037e+00   5.378923e-01   1.861764e-01
  2.333183e+00   7.647452e-01   1.863194e-01
  2.338330e+00   1.257882e+00   1.882859e-01
  2.343477e+00   9.530889e-01   1.867979e-01
  2.348623e+00   8.106920e-01   1.858843e-01
  2.353770e+00   8.674957e-01   1.875544e-01
  2.358916e+00   8.083274e-01   1.862433e-01
  2.364063e+00   6.447983e-01   1.853624e-01
  2.369209e+00   9.626889e-01   1.864052e-01
  2.374356e+00   9.268007e-01   1.862519e-01
  2.379503e+00   1.064925e+00   1.852113e-01
  2.384649e+00   9.711248e-01   1.864254e-01
  2.389796e+00   7.295566e-01   1.847988e-01
  2.394942e+00   9.298767e-01   1.846485e-01
  2.400089e+00   9.333201e-01   1.868280e-01
  2.405235e+00   8.178110e-01   1.850846e-01
  2.410382e+00   8.937447e-01   1.838790e-01
  2.415529e+00   1.199306e+00   1.849026e-01
  2.420675e+00   9.012159e-01   1.846122e-01
  2.425822e+00   9.537334e-01   1.838684e-01
  2.430968e+00   9.929302e-01   1.850332e-01
  2.436115e+00   8.645061e-01   1.842746e-01
  2.441261e+00   7.675501e-01   1.835321e-01
  2.446408e+00   7.925210e-01   1.846605e-01
  2.451555e+00   1.385000e+00   1.835967e-01
  2.456701e+00   9.012933e-01   1.825188e-01
  2.461848e+00   1.076686e+00   1.839589e-01
  2.466994e+00   8.314798e-01   1.823042e-01
  2.472141e+00   5.511264e-01   1.815621e-01
  2.477287e+00   9.596995e-01   1.826925e-01
  2.482434e+00   8.741806e-01   1.815827e-01
  2.487581e+00   9.522198e-01   1.806032e-01
  2.492727e+00   1.206603e+00   1.830290e-01
  2.497874e+00   1.109772e+00   1.806081e-01
  2.503020e+00   9.126223e-01   1.803357e-01
  2.508167e+00   9.462466e-01   1.805796e-01
  2.513313e+00   5.819983e-01   1.806718e-01
  2.518460e+00   1.359790e+00   1.799728e-01
  2.523606e+00   1.036553e+00   1.818476e-01
  2.528753e+00   1.155881e+00   1.797464e-01
  2.533900e+00   9.781658e-01   1.796329e-01
  2.539046e+00   9.763298e-01   1.801344e-01
  2.544193e+00   1.013101e+00   1.803604e-01
  2.549339e+00   1.089447e+00   1.792667e-01
  2.554486e+00   1.085272e+00   1.809205e-01
  2.559632e+00   1.233939e+00   1.796433e-01
  2.564779e+00   8.468970e-01   1.786302e-01
  2.569926e+00   1.156029e+00   1.803512e-01
  2.575072e+00   9.952036e-01   1.839639e-01
  2.580219e+00   1.421637e+00   1.849903e-01
  2.585365e+00   9.958817e-01   1.872000e-01
  2.590512e+00   1.113066e+00   1.882676e-01
  2.595658e+00   1.531023e+00   1.883395e-01
  2.600805e+00   1.244850e+00   1.865889e-01
  2.605952e+00   8.060503e-01   1.839286e-01
  2.611098e+00   1.389576e+00   1.829405e-01
  2.616245e+00   1.284898e+00   1.839946e-01
  2.621391e+00   1.349804e+00   1.829250e-01
  2.626538e+00   1.140031e+00   1.812731e-01
  2.631684e+00   1.242263e+00   1.817232e-01
  2.636831e+00   9.676746e-01   1.805665e-01
  2.641978e+00   8.904478e-01   1.799517e-01
  2.647124e+00   1.192638e+00   1.825855e-01
  2.652271e+00   1.497084e+00   1.819355e-01
  2.657417e+00   1.060373e+00   1.802419e-01
  2.662564e+00   1.063739e+00   1.816494e-01
  2.667710e+00   9.707358e-01   1.814761e-01
  2.672857e+00   8.770747e-01   1.802505e-01
  2.678004e+00   1.272566e+00   1.808368e-01
  2.683150e+00   1.188004e+00   1.800888e-01
  2.688297e+00   1.251750e+00   1.793758e-01
  2.693443e+00   1.280555e+00   1.808189e-01
  2.698590e+00   1.054580e+00   1.805501e-01
  2.703736e+00   1.495256e+00   1.801054e-01
  2.708883e+00   1.268375e+00   1.804501e-01
  2.714030e+00   1.397293e+00   1.791665e-01
  2.719176e+00   1.272438e+00   1.780805e-01
  2.724323e+00   1.225863e+00   1.799531e-01
  2.729469e+00   1.294982e+00   1.788261e-01
  2.734616e+00   1.237578e+00   1.790105e-01
  2.739762e+00   1.286022e+00   1.790211e-01
  2.744909e+00   9.915058e-01   1.790308e-01
  2.750056e+00   1.474447e+00   1.780108e-01
  2.755202e+00   1.193590e+00   1.794878e-01
  2.760349e+00   1.514491e+00   1.781393e-01
  2.765495e+00   1.482119e+00   1.777829e-01
  2.770642e+00   1.259318e+00   1.785272e-01
  2.775788e+00   1.281979e+00   1.784593e-01
  2.780935e+00   1.114740e+00   1.768723e-01
  2.786082e+00   1.194934e+00   1.786241e-01
  2.791228e+00   9.010061e-01   1.781234e-01
  2.796375e+00   1.008860e+00   1.776616e-01
  2.801521e+00   1.287153e+00   1.774817e-01
  2.806668e+00   1.284829e+00   1.767461e-01
  2.811814e+00   1.391158e+00   1.764496e-01
  2.816961e+00   1.207880e+00   1.799256e-01
  2.822108e+00   1.389430e+00   1.810824e-01
  2.827254e+00   9.905713e-01   1.811601e-01
  2.832401e+00   1.443877e+00   1.824413e-01
  2.837547e+00   1.112985e+00   1.833697e-01
  2.842694e+00   1.721911e+00   1.830275e-01
  2.847840e+00   1.336202e+00   1.825456e-01
  2.852987e+00   1.318904e+00   1.829614e-01
  2.858134e+00   1.367629e+00   1.817532e-01
  2.863280e+00   1.327362e+00   1.823120e-01
  2.868427e+00   1.187181e+00   1.820938e-01
  2.873573e+00   1.274227e+00   1.818374e-01
  2.878720e+00   1.489604e+00   1.818261e-01
  2.883866e+00   8.856776e-01   1.816992e-01
  2.889013e+00   1.509336e+00   1.810754e-01
  2.894160e+00   1.034262e+00   1.809562e-01
  2.899306e+00   1.218307e+00   1.807330e-01
  2.904453e+00   1.376089e+00   1.797800e-01
  2.909599e+00   1.592901e+00   1.809800e-01
  2.914746e+00   1.157879e+00   1.813098e-01
  2.919892e+00   1.456924e+00   1.804559e-01
  2.925039e+00   1.382468e+00   1.815999e-01
  2.930186e+00   9.090666e-01   1.839590e-01
  2.935332e+00   1.373807e+00   1.867531e-01
  2.940479e+00   1.399677e+00   1.889668e-01
  2.945625e+00   1.217701e+00   1.907672e-01
  2.950772e+00   1.301331e+00   1.915154e-01
  2.955918e+00   9.217187e-01   1.931874e-01
  2.961065e+00   9.931430e-01   1.940701e-01
  2.966212e+00   1.035289e+00   1.946760e-01
  2.971358e+00   1.226769e+00   1.974125e-01
  2.976505e+00   1.039689e+00   1.978653e-01
  2.981651e+00   1.291588e+00   1.977493e-01
  2.986798e+00   9.273868e-01   2.007497e-01
  2.991944e+00   1.357707e+00   1.997956e-01
  2.997091e+00   1.056822e+00   1.957135e-01
  3.002238e+00   1.361065e+00   1.954529e-01
  3.007384e+00   1.242375e+00   1.929068e-01
  3.012531e+00   1.143333e+00   1.914054e-01
  3.017677e+00   1.147290e+00   1.913005e-01
  3.022824e+00   1.333575e+00   1.912031e-01
  3.027970e+00   1.129151e+00   1.893283e-01
  3.033117e+00   1.007112e+00   1.903704e-01
  3.038264e+00   1.111075e+00   1.905667e-01
  3.043410e+00   9.912691e-01   1.888784e-01
  3.048557e+00   1.245621e+00   1.897485e-01
  3.053703e+00   1.065121e+00   1.900747e-01
  3.058850e+00   9.472605e-01   1.897700e-01
  3.063996e+00   1.027910e+00   1.896888e-01
  3.069143e+00   1.302817e+00   1.895320e-01
  3.074290e+00   1.296873e+00   1.884603e-01
  3.079436e+00   1.355711e+00   1.891126e-01
  3.084583e+00   1.276383e+00   1.895083e-01
  3.089729e+00   1.273471e+00   1.886545e-01
  3.094876e+00   1.309175e+00   1.881189e-01
  3.100022e+00   1.030852e+00   1.884908e-01
  3.105169e+00   1.385180e+00   1.877321e-01
  3.110316e+00   1.540327e+00   1.891050e-01
  3.115462e+00   1.170441e+00   1.875755e-01
  3.120609e+00   1.111427e+00   1.858188e-01
  3.125755e+00   1.120300e+00   1.856650e-01
  3.130902e+00   1.266234e+00   1.871200e-01
  3.136048e+00   1.208364e+00   1.846465e-01
  3.141195e+00   1.294639e+00   1.853384e-01
  3.146342e+00   1.297077e+00   1.852002e-01
  3.151488e+00   1.043720e+00   1.835657e-01
  3.156635e+00   9.975050e-01   1.842423e-01
  3.161781e+00   1.116096e+00   1.853446e-01
  3.166928e+00   1.239032e+00   1.828727e-01
  3.172074e+00   1.105386e+00   1.841551e-01
  3.177221e+00   1.457104e+00   1.845868e-01
  3.182368e+00   1.136614e+00   1.839887e-01
  3.187514e+00   1.272216e+00   1.838621e-01
  3.192661e+00   7.297913e-01   1.847909e-01
  3.197807e+00   1.091272e+00   1.823194e-01
  3.202954e+00   8.186666e-01   1.838879e-01
  3.208100e+00   8.489715e-01   1.838029e-01
  3.213247e+00   9.687168e-01   1.829790e-01
  3.218394e+00   1.409807e+00   1.840163e-01
  3.223540e+00   1.059777e+00   1.841664e-01
  3.228687e+00   1.266313e+00   1.820171e-01
  3.233833e+00   1.217751e+00   1.832505e-01
  3.238980e+00   1.068473e+00   1.849312e-01
  3.244126e+00   9.653347e-01   1.822506e-01
  3.249273e+00   1.294741e+00   1.818988e-01
  3.254420e+00   7.867643e-01   1.833072e-01
  3.259566e+00   1.137970e+00   1.814093e-01
  3.264713e+00   8.595716e-01   1.826410e-01
  3.269859e+00   1.035422e+00   1.832285e-01
  3.275006e+00   8.278111e-01   1.811524e-01
  3.280152e+00   6.939197e-01   1.817214e-01
  3.285299e+00   1.220933e+00   1.845676e-01
  3.290446e+00   1.038586e+00   1.813304e-01
  3.295592e+00   1.027972e+00   1.816406e-01
  3.300739e+00   1.339731e+00   1.826210e-01
  3.305885e+00   1.101058e+00   1.806775e-01
  3.311032e+00   1.023149e+00   1.814534e-01
  3.316178e+00   1.278781e+00   1.831342e-01
  3.321325e+00   6.897814e-01   1.808530e-01
  3.326471e+00   8.827559e-01   1.812882e-01
  3.331618e+00   1.130393e+00   1.821190e-01
  3.336765e+00   1.002849e+00   1.798564e-01
  3.341911e+00   9.742153e-01   1.807517e-01
  3.347058e+00   1.294107e+00   1.819571e-01
  3.352204e+00   1.062405e+00   1.797261e-01
  3.357351e+00   1.092675e+00   1.809119e-01
  3.362497e+00   1.135695e+00   1.821560e-01
  3.367644e+00   1.086231e+00   1.795275e-01
  3.372791e+00   1.020107e+00   1.808825e-01
  3.377937e+00   1.119802e+00   1.807331e-01
  3.383084e+00   1.336233e+00   1.805272e-01
  3.388230e+00   1.055760e+00   1.806127e-01
  3.393377e+00   6.953752e-01   1.810317e-01
  3.398523e+00   7.382899e-01   1.795103e-01
  3.403670e+00   7.159864e-01   1.799654e-01
  3.408817e+00   9.654287e-01   1.809366e-01
  3.413963e+00   1.130271e+00   1.799269e-01
  3.419110e+00   1.088621e+00   1.797396e-01
  3.424256e+00   7.690648e-01   1.806126e-01
  3.429403e+00   8.865561e-01   1.783415e-01
  3.434549e+00   6.713653e-01   1.803566e-01
  3.439696e+00   9.135093e-01   1.805578e-01
  3.444843e+00   1.248342e+00   1.798742e-01
  3.449989e+00   4.912247e-01   1.788102e-01
  3.455136e+00   7.995889e-01   1.805674e-01
  3.460282e+00   9.025903e-01   1.791971e-01
  3.465429e+00   1.037969e+00   1.798586e-01
  3.470575e+00   8.867041e-01   1.800696e-01
  3.475722e+00   7.473261e-01   1.784916e-01
  3.480869e+00   1.050872e+00   1.789732e-01
  3.486015e+00   9.199905e-01   1.801657e-01
  3.491162e+00   1.200590e+00   1.784761e-01
  3.496308e+00   7.359362e-01   1.788813e-01
  3.501455e+00   6.772808e-01   1.803001e-01
  3.506601e+00   1.031314e+00   1.793503e-01
  3.511748e+00   7.707621e-01   1.785726e-01
  3.516895e+00   7.289245e-01   1.793024e-01
  3.522041e+00   1.015588e+00   1.783947e-01
  3.527188e+00   1.086411e+00   1.787222e-01
  3.532334e+00   1.056576e+00   1.793076e-01
  3.537481e+00   1.234774e+00   1.797947e-01
  3.542627e+00   7.124117e-01   1.784743e-01
  3.547774e+00   8.141672e-01   1.798296e-01
  3.552921e+00   8.726847e-01   1.790863e-01
  3.558067e+00   1.051166e+00   1.787968e-01
  3.563214e+00   7.573272e-01   1.793884e-01
  3.568360e+00   5.153365e-01   1.785868e-01
  3.573507e+00   6.861297e-01   1.779103e-01
  3.578653e+00   8.039577e-01   1.794143e-01
  3.583800e+00   5.190716e-01   1.780377e-01
  3.588947e+00   8.224948e-01   1.788359e-01
  3.594093e+00   6.762143e-01   1.792966e-01
  3.599240e+00   7.366625e-01   1.791283e-01
  3.604386e+00   8.531566e-01   1.776587e-01
  3.609533e+00   5.901850e-01   1.803441e-01
  3.614679e+00   8.400371e-01   1.780674e-01
  3.619826e+00   8.587622e-01   1.793088e-01
  3.624973e+00   7.749463e-01   1.792278e-01
  3.630119e+00   7.492303e-01   1.791160e-01
  3.635266e+00   9.027221e-01   1.786893e-01
  3.640412e+00   8.789695e-01   1.803471e-01
  3.645559e+00   6.826532e-01   1.780355e-01
  3.650705e+00   7.120638e-01   1.784024e-01
  3.655852e+00   5.886652e-01   1.787368e-01
  3.660999e+00   5.784569e-01   1.779113e-01
  3.666145e+00   1.019173e+00   1.782312e-01
  3.671292e+00   5.255440e-01   1.799457e-01
  3.676438e+00   9.631475e-01   1.774972e-01
  3.681585e+00   9.899073e-01   1.788144e-01
  3.686731e+00   9.153781e-01   1.795258e-01
  3.691878e+00   8.996262e-01   1.789320e-01
  3.697025e+00   8.636975e-01   1.771907e-01
  3.702171e+00   7.101506e-01   1.798663e-01
  3.707318e+00   9.732425e-01   1.777916e-01
  3.712464e+00   7.364520e-01   1.784578e-01
  3.717611e+00   7.060078e-01   1.795194e-01
  3.722757e+00   1.157487e+00   1.783598e-01
  3.727904e+00   7.181643e-01   1.780367e-01
  3.733051e+00   5.590163e-01   1.805006e-01
  3.738197e+00   8.468532e-01   1.776713e-01
  3.743344e+00   7.347918e-01   1.793937e-01
  3.748490e+00   7.098531e-01   1.822124e-01
  3.753637e+00   6.568385e-01   1.852130e-01
  3.758783e+00   9.400988e-01   1.873799e-01
  3.763930e+00   5.700155e-01   1.893559e-01
  3.769077e+00   5.663478e-01   1.905052e-01
  3.774223e+00   9.481212e-01   1.929950e-01
  3.779370e+00   5.914264e-01   1.930430e-01
  3.784516e+00   6.584855e-01   1.923491e-01
  3.789663e+00   9.527012e-01   1.938687e-01
  3.794809e+00   6.273532e-01   1.959945e-01
  3.799956e+00   8.069272e-01   1.941817e-01
  3.805103e+00   6.498120e-01   1.957474e-01
  3.810249e+00   9.973318e-01   1.962191e-01
  3.815396e+00   1.058128e+00   1.899069e-01
  3.820542e+00   3.991400e-01   1.882982e-01
  3.825689e+00   5.809162e-01   1.887338e-01
  3.830835e+00   7.842593e-01   1.853558e-01
  3.835982e+00   5.146213e-01   1.859872e-01
  3.841129e+00   7.693446e-01   1.869086e-01
  3.846275e+00   4.494923e-01   1.859289e-01
  3.851422e+00   4.822595e-01   1.854749e-01
  3.856568e+00   5.084274e-01   1.882076e-01
  3.861715e+00   6.299785e-01   1.846392e-01
  3.866861e+00   7.734237e-01   1.869448e-01
  3.872008e+00   9.216254e-01   1.876387e-01
  3.877155e+00   1.094775e+00   1.860007e-01
  3.882301e+00   8.281171e-01   1.861095e-01
  3.887448e+00   5.117574e-01   1.867998e-01
  3.892594e+00   7.761211e-01   1.854654e-01
  3.897741e+00   7.523980e-01   1.861025e-01
  3.902887e+00   4.757297e-01   1.875890e-01
  3.908034e+00   7.415407e-01   1.853824e-01
  3.913181e+00   5.803165e-01   1.861024e-01
  3.918327e+00   5.430191e-01   1.870789e-01
  3.923474e+00   7.791490e-01   1.851223e-01
  3.928620e+00   5.131032e-01   1.864388e-01
  3.933767e+00   1.155437e+00   1.874482e-01
  3.938913e+00   8.329026e-01   1.857247e-01
  3.944060e+00   4.904868e-01   1.862270e-01
  3.949207e+00   7.365839e-01   1.880313e-01
  3.954353e+00   5.391070e-01   1.860533e-01
  3.959500e+00   6.642581e-01   1.881366e-01
  3.964646e+00   3.327127e-01   1.883439e-01
  3.969793e+00   7.378924e-01   1.868591e-01
  3.974939e+00   7.280934e-01   1.880791e-01
  3.980086e+00   5.234939e-01   1.887016e-01
  3.985233e+00   7.161855e-01   1.868946e-01
  3.990379e+00   4.531074e-01   1.884415e-01
  3.995526e+00   7.388619e-01   1.888246e-01
  4.000672e+00   7.266411e-01   1.883899e-01
  4.005819e+00   9.270869e-01   1.900892e-01
  4.010965e+00   7.758231e-01   1.887438e-01
  4.016112e+00   6.981186e-01   1.882684e-01
  4.021259e+00   7.242665e-01   1.893890e-01
  4.026405e+00   1.766546e-01   1.889080e-01
  4.031552e+00   6.923288e-01   1.893230e-01
  4.036698e+00   5.965745e-01   1.891783e-01
  4.041845e+00   4.929243e-01   1.895141e-01
  4.046991e+00   5.005603e-01   1.885984e-01
  4.052138e+00   6.155865e-01   1.910108e-01
  4.057285e+00   5.239909e-01   1.895832e-01
  4.062431e+00   5.600379e-01   1.892478e-01
  4.067578e+00   8.458902e-01   1.904724e-01
  4.072724e+00   5.833248e-01   1.908303e-01
  4.077871e+00   9.547596e-01   1.901076e-01
  4.083017e+00   9.137571e-01   1.915430e-01
  4.088164e+00   4.052480e-01   1.901573e-01
  4.093311e+00   7.485114e-01   1.904471e-01
  4.098457e+00   4.726329e-01   1.913795e-01
  4.103604e+00   6.382307e-01   1.908309e-01
  4.108750e+00   4.639597e-01   1.906759e-01
  4.113897e+00   6.178955e-01   1.918462e-01
  4.119043e+00   9.219302e-01   1.917894e-01
  4.124190e+00   5.150565e-01   1.906155e-01
  4.129336e+00   1.003486e+00   1.925209e-01
  4.134483e+00   8.403516e-01   1.918771e-01
  4.139630e+00   9.448481e-01   1.919885e-01
  4.144776e+00   6.195045e-01   1.922211e-01
  4.149923e+00   7.087478e-01   1.920119e-01
  4.155069e+00   5.297875e-01   1.913236e-01
  4.160216e+00   6.456884e-01   1.931173e-01
  4.165362e+00   8.039157e-01   1.929814e-01
  4.170509e+00   8.675992e-01   1.926332e-01
  4.175656e+00   7.203243e-01   1.927611e-01
  4.180802e+00   6.950948e-01   1.932373e-01
  4.185949e+00   7.827254e-01   1.943068e-01
  4.191095e+00   7.793585e-01   1.959149e-01
  4.196242e+00   5.809788e-01   1.958435e-01
  4.201388e+00   7.811293e-01   1.966535e-01
  4.206535e+00   7.482842e-01   1.973494e-01
  4.211682e+00   7.107161e-01   1.981031e-01
  4.216828e+00   5.751758e-01   1.986849e-01
  4.221975e+00   1.105502e+00   1.997650e-01
  4.227121e+00   9.002580e-01   1.997794e-01
  4.232268e+00   4.940381e-01   2.002257e-01
  4.237414e+00   7.102230e-01   2.011599e-01
  4.242561e+00   5.951892e-01   2.024077e-01
  4.247708e+00   4.348037e-01   2.018297e-01
  4.252854e+00   9.911729e-01   2.034431e-01
  4.258001e+00   7.042078e-01   2.018800e-01
  4.263147e+00   6.740135e-01   2.033210e-01
  4.268294e+00   9.343294e-01   2.039396e-01
  4.273440e+00   8.891075e-01   2.053461e-01
  4.278587e+00   5.489560e-01   2.048621e-01
  4.283734e+00   7.029765e-01   2.054646e-01
  4.288880e+00   6.533845e-01   2.052936e-01
  4.294027e+00   7.328711e-01   2.063323e-01
  4.299173e+00   9.015015e-01   2.073079e-01
  4.304320e+00   6.616417e-01   2.067294e-01
  4.309466e+00   4.565430e-01   2.069172e-01
  4.314613e+00   6.430802e-01   2.070843e-01
  4.319760e+00   1.056496e+00   2.068853e-01
  4.324906e+00   1.357516e+00   2.080182e-01
  4.330053e+00   7.533334e-01   2.074178e-01
  4.335199e+00   8.528659e-01   2.076429e-01
  4.340346e+00   6.588106e-01   2.070125e-01
  4.345492e+00   9.279153e-01   2.080200e-01
  4.350639e+00   5.166447e-01   2.077482e-01
  4.355786e+00   4.585537e-01   2.091931e-01
  4.360932e+00   4.588693e-01   2.087019e-01
  4.366079e+00   7.094232e-01   2.094655e-01
  4.371225e+00   9.076503e-01   2.099476e-01
  4.376372e+00   6.479586e-01   2.110606e-01
  4.381518e+00   5.921109e-01   2.095927e-01
  4.386665e+00   7.359717e-01   2.106975e-01
  4.391812e+00   5.968596e-01   2.096818e-01
  4.396958e+00   9.420328e-01   2.107922e-01
  4.402105e+00   1.044414e+00   2.111053e-01
  4.407251e+00   9.802459e-01   2.122137e-01
  4.412398e+00   7.904868e-01   2.112683e-01
  4.417544e+00   7.149110e-01   2.125385e-01
  4.422691e+00   9.882699e-01   2.133705e-01
  4.427838e+00   7.059194e-01   2.135683e-01
  4.432984e+00   7.188578e-01   2.137335e-01
  4.438131e+00   5.229261e-01   2.160789e-01
  4.443277e+00   8.833195e-01   2.152129e-01
  4.448424e+00   1.174525e+00   2.175766e-01
  4.453570e+00   7.077948e-01   2.165809e-01
  4.458717e+00   8.432975e-01   2.195580e-01
  4.463864e+00   7.486058e-01   2.192235e-01
  4.469010e+00   6.014158e-01   2.209779e-01
  4.474157e+00   7.119096e-01   2.202175e-01
  4.479303e+00   8.216949e-01   2.199602e-01
  4.484450e+00   9.687960e-01   2.221307e-01
  4.489596e+00   8.512719e-01   2.227449e-01
  4.494743e+00   7.027844e-01   2.223408e-01
  4.499890e+00   5.945068e-01   2.239664e-01
  4.505036e+00   7.547840e-01   2.245597e-01
  4.510183e+00   4.606513e-01   2.245507e-01
  4.515329e+00   8.053682e-01   2.263907e-01
  4.520476e+00   8.492976e-01   2.266236e-01
  4.525622e+00   8.378733e-01   2.260062e-01
  4.530769e+00   2.710367e-01   2.272868e-01
  4.535916e+00   7.317315e-01   2.272745e-01
  4.541062e+00   9.757541e-01   2.285207e-01
  4.546209e+00   1.034975e+00   2.294483e-01
  4.551355e+00   8.939825e-01   2.290637e-01
  4.556502e+00   7.248890e-01   2.289544e-01
  4.561648e+00   6.815442e-01   2.306716e-01
  4.566795e+00   1.034079e+00   2.314682e-01
  4.571942e+00   6.862526e-01   2.310567e-01
  4.577088e+00   6.453223e-01   2.312211e-01
  4.582235e+00   4.484538e-01   2.335974e-01
  4.587381e+00   5.874411e-01   2.343220e-01
  4.592528e+00   1.015672e+00   2.344552e-01
  4.597674e+00   7.463483e-01   2.367182e-01
  4.602821e+00   1.626288e-01   2.369988e-01
  4.607968e+00   4.902683e-01   2.390851e-01
  4.613114e+00   1.253749e+00   2.401238e-01
  4.618261e+00   9.988669e-01   2.391227e-01
  4.623407e+00   6.112944e-01   2.389141e-01
  4.628554e+00   1.007958e+00   2.392704e-01
  4.633700e+00  -5.742809e-02   2.390469e-01
  4.638847e+00   5.905052e-01   2.401178e-01
  4.643994e+00   1.089182e+00   2.414038e-01
  4.649140e+00   8.758010e-01   2.413829e-01
  4.654287e+00   8.858030e-01   2.414177e-01
  4.659433e+00   1.171006e+00   2.429462e-01
  4.664580e+00   9.918478e-01   2.410183e-01
  4.669726e+00   1.172670e+00   2.425807e-01
  4.674873e+00   3.225505e-01   2.416250e-01
  4.680020e+00   1.037851e+00   2.429179e-01
  4.685166e+00   8.162193e-01   2.444453e-01
  4.690313e+00   7.763049e-01   2.449256e-01
  4.695459e+00   8.535393e-01   2.461316e-01
  4.700606e+00   4.481772e-01   2.464545e-01
  4.705752e+00   7.316903e-01   2.468041e-01
  4.710899e+00   9.259883e-01   2.473048e-01
  4.716046e+00   9.583864e-01   2.486403e-01
  4.721192e+00   9.894105e-01   2.495374e-01
  4.726339e+00   1.162419e+00   2.500480e-01
  4.731485e+00   8.553151e-01   2.512124e-01
  4.736632e+00   7.952325e-01   2.511787e-01
  4.741778e+00   1.166183e-01   2.530143e-01
  4.746925e+00   6.616201e-01   2.541809e-01
  4.752072e+00   8.595763e-01   2.551084e-01
  4.757218e+00   7.468039e-01   2.545000e-01
  4.762365e+00   8.030096e-01   2.569151e-01
  4.767511e+00   7.690957e-01   2.564650e-01
  4.772658e+00   3.645579e-01   2.569297e-01
  4.777804e+00   6.613233e-01   2.587881e-01
  4.782951e+00   7.415774e-01   2.597586e-01
  4.788098e+00   6.576540e-01   2.594428e-01
  4.793244e+00   1.002726e+00   2.616263e-01
  4.798391e+00   5.746994e-01   2.633866e-01
  4.803537e+00   9.259615e-01   2.622700e-01
  4.808684e+00   7.800227e-01   2.628334e-01
  4.813830e+00   4.844823e-01   2.642109e-01
  4.818977e+00   6.395077e-01   2.645724e-01
  4.824124e+00   9.187858e-01   2.660196e-01
  4.829270e+00   3.139315e-01   2.656383e-01
  4.834417e+00   1.051045e+00   2.699251e-01
  4.839563e+00   7.741742e-01   2.699631e-01
  4.844710e+00   1.330127e-01   2.705005e-01
  4.849856e+00   8.757659e-01   2.695056e-01
  4.855003e+00   1.021333e+00   2.711101e-01
  4.860150e+00   7.190127e-01   2.723564e-01
  4.865296e+00   2.928055e-01   2.719033e-01
  4.870443e+00   5.799345e-01   2.731355e-01
  4.875589e+00   7.084230e-01   2.748215e-01
  4.880736e+00   4.917062e-01   2.757853e-01
  4.885882e+00   5.898156e-01   2.767974e-01
  4.891029e+00   1.019460e+00   2.798856e-01
  4.896176e+00   1.329918e+00   2.779746e-01
  4.901322e+00   1.029942e+00   2.791645e-01
  4.906469e+00   7.889141e-01   2.795715e-01
  4.911615e+00   3.490600e-01   2.802236e-01
  4.916762e+00   1.109507e+00   2.814633e-01
  4.921908e+00   4.803780e-01   2.829638e-01
  4.927055e+00   7.097306e-01   2.832881e-01
  4.932201e+00  -2.612573e-01   2.843218e-01
  4.937348e+00   1.214178e+00   2.870491e-01
  4.942495e+00   7.973053e-01   2.875797e-01
  4.947641e+00   4.046523e-01   2.864263e-01
  4.952788e+00   7.837008e-01   2.867370e-01
  4.957934e+00   5.632695e-01   2.870093e-01
  4.963081e+00   4.463218e-01   2.873971e-01
  4.968227e+00   1.088987e+00   2.873095e-01
  4.973374e+00   6.647702e-01   2.882531e-01
  4.978521e+00   7.072284e-01   2.896604e-01
  4.983667e+00   2.583386e-01   2.906802e-01
  4.988814e+00   1.489823e+00   2.958276e-01
  4.993960e+00   4.653580e-01   2.908510e-01
  4.999107e+00   2.990934e-01   2.910154e-01
  5.004253e+00   8.463904e-01   2.951140e-01
  5.009400e+00   4.389905e-01   2.981206e-01
  5.014547e+00   5.782921e-01   3.004005e-01
  5.019693e+00   5.527437e-01   3.016336e-01
  5.024840e+00   4.514713e-01   3.076739e-01
  5.029986e+00   3.329139e-01   3.076695e-01
  5.035133e+00   1.198408e+00   3.168305e-01
  5.040279e+00   4.940446e-01   3.160613e-01
  5.045426e+00   6.995060e-01   3.193636e-01
  5.050573e+00   4.143003e-01   3.209617e-01
  5.055719e+00   1.325945e+00   3.263527e-01
  5.060866e+00   7.543539e-01   3.298328e-01
  5.066012e+00   9.809656e-01   3.340454e-01
  5.071159e+00   5.534192e-01   3.388141e-01
  5.076305e+00   3.881565e-01   3.416954e-01
  5.081452e+00   1.429746e+00   3.505179e-01
  5.086599e+00   8.673246e-01   3.504186e-01
  5.091745e+00   1.103256e+00   3.615111e-01
  5.096892e+00   5.158365e-01   3.724099e-01
  5.102038e+00   4.811528e-01   3.850528e-01
  5.107185e+00   6.810152e-01   3.964576e-01
  5.112331e+00   4.771493e-01   4.035395e-01
  5.117478e+00   1.385947e-01   4.092409e-01
  5.122625e+00   1.466659e+00   4.220954e-01
  5.127771e+00   5.596905e-01   4.299562e-01
  5.132918e+00   1.221018e+00   4.449975e-01
  5.138064e+00   7.326840e-01   4.350679e-01
  5.143211e+00   7.111949e-01   4.371302e-01
  5.148357e+00   7.734799e-01   4.413390e-01
  5.153504e+00   6.952025e-01   4.441511e-01
  5.158651e+00   1.103839e+00   4.543711e-01
  5.163797e+00   9.346122e-02   5.224038e-01
  5.168944e+00   1.300998e+00   6.662627e-01
  5.174090e+00   8.621674e-01   7.634870e-01
  5.179237e+00  -5.272934e-02   1.321744e+00
