Sample description: 
Sample:   c= 0 mg/ml  Code: 
  1.407443e-01   1.315394e+01   8.071628e-01
  1.458909e-01   1.257799e+01   7.595663e-01
  1.510375e-01   1.352606e+01   7.124305e-01
  1.561841e-01   1.264636e+01   6.797336e-01
  1.613306e-01   1.180347e+01   6.422470e-01
  1.664772e-01   1.306469e+01   6.206115e-01
  1.716238e-01   1.182917e+01   5.903967e-01
  1.767703e-01   1.317317e+01   5.558573e-01
  1.819169e-01   1.303409e+01   5.436896e-01
  1.870635e-01   1.296270e+01   5.271915e-01
  1.922101e-01   1.271111e+01   4.977402e-01
  1.973566e-01   1.237964e+01   4.883221e-01
  2.025032e-01   1.237960e+01   4.721069e-01
  2.076498e-01   1.190764e+01   4.559857e-01
  2.127963e-01   1.228764e+01   4.475479e-01
  2.179429e-01   1.230747e+01   4.283870e-01
  2.230895e-01   1.191094e+01   4.131430e-01
  2.282360e-01   1.291176e+01   4.110914e-01
  2.333826e-01   1.217790e+01   3.986541e-01
  2.385292e-01   1.130689e+01   3.888475e-01
  2.436758e-01   1.283794e+01   3.805794e-01
  2.488223e-01   1.184336e+01   3.724928e-01
  2.539689e-01   1.211193e+01   3.648012e-01
  2.591155e-01   1.210966e+01   3.607131e-01
  2.642620e-01   1.168518e+01   3.519191e-01
  2.694086e-01   1.209150e+01   3.454594e-01
  2.745552e-01   1.182724e+01   3.392040e-01
  2.797018e-01   1.199437e+01   3.335586e-01
  2.848483e-01   1.187837e+01   3.288976e-01
  2.899949e-01   1.277523e+01   3.276832e-01
  2.951415e-01   1.179403e+01   3.298257e-01
  3.002880e-01   1.153194e+01   3.291664e-01
  3.054346e-01   1.132334e+01   3.265860e-01
  3.105812e-01   1.203798e+01   3.254851e-01
  3.157277e-01   1.141916e+01   3.224314e-01
  3.208743e-01   1.156089e+01   3.191490e-01
  3.260209e-01   1.082312e+01   3.205809e-01
  3.311675e-01   1.150337e+01   3.174057e-01
  3.363140e-01   1.130174e+01   3.176368e-01
  3.414606e-01   1.061243e+01   3.141610e-01
  3.466072e-01   1.118970e+01   3.118162e-01
  3.517537e-01   1.112424e+01   3.092390e-01
  3.569003e-01   1.094366e+01   3.023277e-01
  3.620469e-01   1.116454e+01   2.927652e-01
  3.671934e-01   1.112404e+01   2.885458e-01
  3.723400e-01   1.077802e+01   2.862775e-01
  3.774866e-01   1.083927e+01   2.820274e-01
  3.826332e-01   1.082483e+01   2.777390e-01
  3.877797e-01   1.067023e+01   2.758562e-01
  3.929263e-01   1.118815e+01   2.710641e-01
  3.980729e-01   1.075026e+01   2.686881e-01
  4.032194e-01   1.091921e+01   2.654445e-01
  4.083660e-01   1.032012e+01   2.590339e-01
  4.135126e-01   1.063424e+01   2.578849e-01
  4.186592e-01   1.026274e+01   2.580619e-01
  4.238057e-01   9.820216e+00   2.535540e-01
  4.289523e-01   1.015884e+01   2.512722e-01
  4.340989e-01   1.048612e+01   2.501923e-01
  4.392454e-01   1.020261e+01   2.483598e-01
  4.443920e-01   1.056555e+01   2.455268e-01
  4.495386e-01   1.011061e+01   2.435361e-01
  4.546851e-01   1.025230e+01   2.400115e-01
  4.598317e-01   9.554906e+00   2.389059e-01
  4.649783e-01   9.985685e+00   2.396673e-01
  4.701249e-01   9.270593e+00   2.414756e-01
  4.752714e-01   9.770568e+00   2.420114e-01
  4.804180e-01   9.763172e+00   2.438278e-01
  4.855646e-01   9.553714e+00   2.428698e-01
  4.907111e-01   9.452624e+00   2.439358e-01
  4.958577e-01   9.443576e+00   2.440128e-01
  5.010043e-01   9.159611e+00   2.426887e-01
  5.061509e-01   9.597947e+00   2.430146e-01
  5.112974e-01   9.120538e+00   2.457456e-01
  5.164440e-01   9.709121e+00   2.417378e-01
  5.215906e-01   9.317011e+00   2.417758e-01
  5.267371e-01   9.337817e+00   2.407948e-01
  5.318837e-01   9.414740e+00   2.410410e-01
  5.370303e-01   9.062085e+00   2.330488e-01
  5.421768e-01   8.768995e+00   2.313377e-01
  5.473234e-01   8.880483e+00   2.297766e-01
  5.524700e-01   9.148972e+00   2.250213e-01
  5.576166e-01   8.513153e+00   2.244959e-01
  5.627631e-01   8.884610e+00   2.231227e-01
  5.679097e-01   9.051660e+00   2.194774e-01
  5.730563e-01   8.871173e+00   2.178445e-01
  5.782028e-01   8.774534e+00   2.179756e-01
  5.833494e-01   8.617590e+00   2.141452e-01
  5.884960e-01   8.580399e+00   2.141276e-01
  5.936426e-01   8.210148e+00   2.142212e-01
  5.987891e-01   8.554431e+00   2.100395e-01
  6.039357e-01   8.294901e+00   2.104498e-01
  6.090823e-01   8.274030e+00   2.095263e-01
  6.142288e-01   8.207098e+00   2.065773e-01
  6.193754e-01   7.984883e+00   2.055866e-01
  6.245220e-01   8.014450e+00   2.050097e-01
  6.296685e-01   7.935001e+00   2.029318e-01
  6.348151e-01   7.958280e+00   2.031000e-01
  6.399617e-01   8.186064e+00   2.025094e-01
  6.451083e-01   7.794023e+00   1.996159e-01
  6.502548e-01   7.686443e+00   1.991107e-01
  6.554014e-01   7.687605e+00   1.981791e-01
  6.605480e-01   7.756234e+00   1.982852e-01
  6.656945e-01   7.847013e+00   2.008958e-01
  6.708411e-01   7.617231e+00   2.031213e-01
  6.759877e-01   7.294677e+00   2.018501e-01
  6.811343e-01   6.861298e+00   2.017932e-01
  6.862808e-01   7.188403e+00   2.024119e-01
  6.914274e-01   7.172323e+00   1.972272e-01
  6.965740e-01   6.880209e+00   1.947083e-01
  7.017205e-01   6.867370e+00   1.952483e-01
  7.068671e-01   6.940488e+00   1.929070e-01
  7.120137e-01   7.098394e+00   1.914198e-01
  7.171602e-01   6.708281e+00   1.914401e-01
  7.223068e-01   6.755222e+00   1.890252e-01
  7.274534e-01   6.790171e+00   1.874931e-01
  7.326000e-01   6.876684e+00   1.874485e-01
  7.377465e-01   6.728649e+00   1.848473e-01
  7.428931e-01   6.840857e+00   1.839800e-01
  7.480397e-01   6.351301e+00   1.836210e-01
  7.531862e-01   6.320368e+00   1.821254e-01
  7.583328e-01   6.206531e+00   1.820179e-01
  7.634794e-01   6.258097e+00   1.825435e-01
  7.686259e-01   6.275311e+00   1.813238e-01
  7.737725e-01   6.392752e+00   1.793834e-01
  7.789191e-01   6.261518e+00   1.799215e-01
  7.840657e-01   6.036682e+00   1.775747e-01
  7.892122e-01   6.277930e+00   1.771231e-01
  7.943588e-01   6.453601e+00   1.777537e-01
  7.995054e-01   5.934138e+00   1.758871e-01
  8.046519e-01   5.861270e+00   1.753322e-01
  8.097985e-01   5.824164e+00   1.756131e-01
  8.149451e-01   5.745686e+00   1.728615e-01
  8.200917e-01   5.845822e+00   1.730841e-01
  8.252382e-01   5.608563e+00   1.728624e-01
  8.303848e-01   5.738109e+00   1.706020e-01
  8.355314e-01   5.673616e+00   1.703046e-01
  8.406779e-01   5.366664e+00   1.696047e-01
  8.458245e-01   5.379723e+00   1.693098e-01
  8.509711e-01   5.488498e+00   1.687062e-01
  8.561176e-01   5.303480e+00   1.685818e-01
  8.612642e-01   5.574316e+00   1.678355e-01
  8.664108e-01   5.197022e+00   1.667051e-01
  8.715574e-01   4.924716e+00   1.672339e-01
  8.767039e-01   5.166464e+00   1.654433e-01
  8.818505e-01   5.164241e+00   1.650354e-01
  8.869971e-01   4.959352e+00   1.641940e-01
  8.921436e-01   5.079308e+00   1.654077e-01
  8.972902e-01   5.025131e+00   1.631079e-01
  9.024368e-01   4.647507e+00   1.638743e-01
  9.075834e-01   5.035389e+00   1.630994e-01
  9.127299e-01   4.917336e+00   1.613594e-01
  9.178765e-01   4.579703e+00   1.620431e-01
  9.230231e-01   4.619784e+00   1.648954e-01
  9.281696e-01   4.685630e+00   1.631058e-01
  9.333162e-01   4.403517e+00   1.644753e-01
  9.384628e-01   4.802206e+00   1.649000e-01
  9.436093e-01   4.685371e+00   1.631144e-01
  9.487559e-01   4.400747e+00   1.646293e-01
  9.539025e-01   4.466197e+00   1.648907e-01
  9.590491e-01   4.432830e+00   1.630746e-01
  9.641956e-01   4.306518e+00   1.640096e-01
  9.693422e-01   4.473312e+00   1.642811e-01
  9.744888e-01   4.078813e+00   1.629955e-01
  9.796353e-01   4.311732e+00   1.635963e-01
  9.847819e-01   4.147678e+00   1.637235e-01
  9.899285e-01   4.129421e+00   1.627157e-01
  9.950751e-01   3.764852e+00   1.633681e-01
  1.000222e+00   3.926469e+00   1.634343e-01
  1.005368e+00   4.091735e+00   1.632777e-01
  1.010515e+00   3.747155e+00   1.649896e-01
  1.015661e+00   3.707182e+00   1.663016e-01
  1.020808e+00   3.718968e+00   1.656365e-01
  1.025954e+00   4.014543e+00   1.664778e-01
  1.031101e+00   3.709628e+00   1.664454e-01
  1.036248e+00   3.732424e+00   1.665949e-01
  1.041394e+00   3.686906e+00   1.670523e-01
  1.046541e+00   3.598417e+00   1.671187e-01
  1.051687e+00   3.626370e+00   1.662127e-01
  1.056834e+00   3.577227e+00   1.664017e-01
  1.061980e+00   3.657278e+00   1.663114e-01
  1.067127e+00   3.380740e+00   1.658178e-01
  1.072274e+00   3.589342e+00   1.642254e-01
  1.077420e+00   3.170047e+00   1.656565e-01
  1.082567e+00   3.754456e+00   1.648558e-01
  1.087713e+00   3.417111e+00   1.641904e-01
  1.092860e+00   3.243493e+00   1.644787e-01
  1.098006e+00   3.044992e+00   1.636278e-01
  1.103153e+00   3.237653e+00   1.639376e-01
  1.108300e+00   3.260641e+00   1.638261e-01
  1.113446e+00   3.289905e+00   1.656265e-01
  1.118593e+00   2.892656e+00   1.652426e-01
  1.123739e+00   3.104664e+00   1.675062e-01
  1.128886e+00   2.981298e+00   1.662753e-01
  1.134032e+00   2.815151e+00   1.662906e-01
  1.139179e+00   2.925787e+00   1.665256e-01
  1.144326e+00   2.873343e+00   1.655997e-01
  1.149472e+00   3.129443e+00   1.670785e-01
  1.154619e+00   2.779968e+00   1.661093e-01
  1.159765e+00   2.822697e+00   1.662398e-01
  1.164912e+00   2.821334e+00   1.657212e-01
  1.170058e+00   2.565968e+00   1.650799e-01
  1.175205e+00   2.761219e+00   1.647567e-01
  1.180352e+00   2.494888e+00   1.631675e-01
  1.185498e+00   2.567615e+00   1.625964e-01
  1.190645e+00   2.630423e+00   1.618830e-01
  1.195791e+00   2.206360e+00   1.612158e-01
  1.200938e+00   2.463716e+00   1.604507e-01
  1.206084e+00   2.706568e+00   1.594003e-01
  1.211231e+00   2.340447e+00   1.585064e-01
  1.216378e+00   2.501905e+00   1.583816e-01
  1.221524e+00   2.463490e+00   1.576941e-01
  1.226671e+00   2.093693e+00   1.587329e-01
  1.231817e+00   2.251100e+00   1.623582e-01
  1.236964e+00   2.130576e+00   1.610628e-01
  1.242110e+00   2.004659e+00   1.611023e-01
  1.247257e+00   2.197627e+00   1.622415e-01
  1.252404e+00   2.337185e+00   1.615659e-01
  1.257550e+00   2.014814e+00   1.620064e-01
  1.262697e+00   2.047226e+00   1.622165e-01
  1.267843e+00   2.077322e+00   1.618107e-01
  1.272990e+00   1.950894e+00   1.615768e-01
  1.278136e+00   1.996757e+00   1.635288e-01
  1.283283e+00   2.352803e+00   1.611425e-01
  1.288430e+00   2.051877e+00   1.629811e-01
  1.293576e+00   2.271907e+00   1.662275e-01
  1.298723e+00   2.083143e+00   1.663655e-01
  1.303869e+00   1.586500e+00   1.672782e-01
  1.309016e+00   2.202844e+00   1.692909e-01
  1.314162e+00   1.634429e+00   1.695306e-01
  1.319309e+00   1.806190e+00   1.707818e-01
  1.324456e+00   1.712482e+00   1.711815e-01
  1.329602e+00   1.497027e+00   1.702306e-01
  1.334749e+00   1.549733e+00   1.721361e-01
  1.339895e+00   1.639167e+00   1.718189e-01
  1.345042e+00   1.802319e+00   1.715164e-01
  1.350188e+00   1.667449e+00   1.726276e-01
  1.355335e+00   1.614236e+00   1.722680e-01
  1.360482e+00   1.406829e+00   1.696901e-01
  1.365628e+00   1.181053e+00   1.678147e-01
  1.370775e+00   1.609978e+00   1.681360e-01
  1.375921e+00   1.627323e+00   1.665542e-01
  1.381068e+00   1.566649e+00   1.652279e-01
  1.386214e+00   1.525237e+00   1.666728e-01
  1.391361e+00   1.716616e+00   1.640721e-01
  1.396508e+00   8.841174e-01   1.646202e-01
  1.401654e+00   1.554961e+00   1.645173e-01
  1.406801e+00   1.550493e+00   1.650315e-01
  1.411947e+00   1.573674e+00   1.627887e-01
  1.417094e+00   1.801725e+00   1.641584e-01
  1.422240e+00   1.329784e+00   1.625266e-01
  1.427387e+00   1.448653e+00   1.617784e-01
  1.432534e+00   1.089412e+00   1.627361e-01
  1.437680e+00   1.533640e+00   1.621294e-01
  1.442827e+00   1.292373e+00   1.609532e-01
  1.447973e+00   8.832006e-01   1.632156e-01
  1.453120e+00   1.406916e+00   1.614031e-01
  1.458266e+00   1.199072e+00   1.602467e-01
  1.463413e+00   1.366132e+00   1.608563e-01
  1.468560e+00   9.490324e-01   1.594639e-01
  1.473706e+00   1.368364e+00   1.594245e-01
  1.478853e+00   1.049781e+00   1.605151e-01
  1.483999e+00   1.049000e+00   1.595495e-01
  1.489146e+00   1.122820e+00   1.591291e-01
  1.494292e+00   9.868735e-01   1.590480e-01
  1.499439e+00   9.874755e-01   1.585500e-01
  1.504586e+00   1.181698e+00   1.580099e-01
  1.509732e+00   8.426693e-01   1.594517e-01
  1.514879e+00   1.278193e+00   1.581232e-01
  1.520025e+00   9.022063e-01   1.576704e-01
  1.525172e+00   8.776127e-01   1.589566e-01
  1.530318e+00   7.964876e-01   1.577870e-01
  1.535465e+00   9.813706e-01   1.581343e-01
  1.540612e+00   7.414368e-01   1.579372e-01
  1.545758e+00   9.510409e-01   1.574775e-01
  1.550905e+00   7.731737e-01   1.576143e-01
  1.556051e+00   1.048909e+00   1.570848e-01
  1.561198e+00   1.007091e+00   1.565778e-01
  1.566344e+00   1.000453e+00   1.564763e-01
  1.571491e+00   1.027911e+00   1.566403e-01
  1.576638e+00   7.377177e-01   1.570320e-01
  1.581784e+00   6.376364e-01   1.556090e-01
  1.586931e+00   7.167491e-01   1.560038e-01
  1.592077e+00   5.563481e-01   1.561091e-01
  1.597224e+00   1.022095e+00   1.555225e-01
  1.602370e+00   1.102894e+00   1.551048e-01
  1.607517e+00   7.334196e-01   1.559439e-01
  1.612664e+00   4.573166e-01   1.548885e-01
  1.617810e+00   9.599503e-01   1.552984e-01
  1.622957e+00   6.423270e-01   1.544945e-01
  1.628103e+00   3.652172e-01   1.535695e-01
  1.633250e+00   6.007103e-01   1.546956e-01
  1.638396e+00   7.459731e-01   1.548140e-01
  1.643543e+00   6.949213e-01   1.533972e-01
  1.648690e+00   7.254439e-01   1.538956e-01
  1.653836e+00   8.388315e-01   1.542635e-01
  1.658983e+00   7.034096e-01   1.528395e-01
  1.664129e+00   5.450734e-01   1.544571e-01
  1.669276e+00   5.460097e-01   1.538578e-01
  1.674422e+00   5.838079e-01   1.528908e-01
  1.679569e+00   8.663106e-01   1.532597e-01
  1.684716e+00   6.451050e-01   1.536931e-01
  1.689862e+00   3.913433e-01   1.521452e-01
  1.695009e+00   5.883687e-01   1.528396e-01
  1.700155e+00   6.075695e-01   1.533213e-01
  1.705302e+00   3.990278e-01   1.519682e-01
  1.710448e+00   3.483748e-01   1.530909e-01
  1.715595e+00   6.514828e-01   1.524310e-01
  1.720741e+00   7.006338e-01   1.509541e-01
  1.725888e+00   4.362292e-01   1.518499e-01
  1.731035e+00   3.220106e-01   1.517596e-01
  1.736181e+00   3.906199e-01   1.507170e-01
  1.741328e+00   3.986352e-01   1.512270e-01
  1.746474e+00   3.758557e-01   1.515120e-01
  1.751621e+00   6.036003e-01   1.505310e-01
  1.756767e+00   4.783614e-01   1.495110e-01
  1.761914e+00   6.662329e-01   1.504093e-01
  1.767061e+00   5.126021e-01   1.485086e-01
  1.772207e+00   6.484222e-01   1.488186e-01
  1.777354e+00   5.096551e-01   1.499786e-01
  1.782500e+00   5.239852e-01   1.493852e-01
  1.787647e+00   3.596485e-01   1.484784e-01
  1.792793e+00   4.177318e-01   1.502393e-01
  1.797940e+00   6.542705e-01   1.484017e-01
  1.803087e+00   3.072634e-01   1.487415e-01
  1.808233e+00   2.272926e-01   1.489575e-01
  1.813380e+00   3.182392e-01   1.484028e-01
  1.818526e+00   7.155231e-01   1.473470e-01
  1.823673e+00   3.481413e-02   1.489502e-01
  1.828819e+00   3.124152e-01   1.481837e-01
  1.833966e+00   3.913147e-01   1.478296e-01
  1.839113e+00   3.778628e-01   1.485344e-01
  1.844259e+00   4.162973e-01   1.480510e-01
  1.849406e+00   4.795187e-01   1.464297e-01
  1.854552e+00   5.180520e-01   1.483328e-01
  1.859699e+00   5.327575e-01   1.475886e-01
  1.864845e+00   2.683569e-02   1.473347e-01
  1.869992e+00   1.566923e-01   1.480954e-01
  1.875139e+00   3.422001e-01   1.473179e-01
  1.880285e+00   2.639602e-01   1.471265e-01
  1.885432e+00   9.977698e-02   1.482178e-01
  1.890578e+00   2.791809e-01   1.468957e-01
  1.895725e+00   1.381098e-01   1.464832e-01
  1.900871e+00   2.738319e-01   1.478180e-01
  1.906018e+00   1.684579e-01   1.467399e-01
  1.911165e+00   5.636067e-01   1.463038e-01
  1.916311e+00   3.557793e-01   1.476364e-01
  1.921458e+00   2.907998e-01   1.470589e-01
  1.926604e+00   1.875669e-01   1.462857e-01
  1.931751e+00   2.940169e-01   1.472394e-01
  1.936897e+00   1.018135e-01   1.462548e-01
  1.942044e+00   3.522160e-01   1.457668e-01
  1.947191e+00   3.900965e-01   1.471271e-01
  1.952337e+00   5.079998e-01   1.465521e-01
  1.957484e+00   5.116315e-01   1.454377e-01
  1.962630e+00   2.537071e-01   1.470947e-01
  1.967777e+00   5.783461e-01   1.464836e-01
  1.972923e+00   3.599909e-01   1.457674e-01
  1.978070e+00   3.201474e-01   1.461391e-01
  1.983217e+00   1.582361e-01   1.458140e-01
  1.988363e+00   3.721415e-01   1.456005e-01
  1.993510e+00   1.760436e-01   1.462260e-01
  1.998656e+00   3.013800e-01   1.460929e-01
  2.003803e+00   1.729475e-01   1.458512e-01
  2.008949e+00   1.153035e-01   1.460647e-01
  2.014096e+00   3.514063e-01   1.453762e-01
  2.019243e+00   5.389698e-01   1.452519e-01
  2.024389e+00   2.630077e-01   1.452562e-01
  2.029536e+00  -4.557019e-02   1.451416e-01
  2.034682e+00   2.727449e-01   1.449589e-01
  2.039829e+00   1.919952e-01   1.458603e-01
  2.044975e+00   3.276381e-01   1.447279e-01
  2.050122e+00   7.846537e-02   1.450685e-01
  2.055269e+00   1.625259e-01   1.455393e-01
  2.060415e+00   3.569309e-01   1.451431e-01
  2.065562e+00   2.285913e-01   1.440291e-01
  2.070708e+00   1.625943e-01   1.450355e-01
  2.075855e+00   2.379697e-01   1.446591e-01
  2.081001e+00   4.287371e-02   1.442925e-01
  2.086148e+00   9.285879e-02   1.450240e-01
  2.091295e+00   3.751357e-01   1.446516e-01
  2.096441e+00   2.812478e-01   1.444820e-01
  2.101588e+00   7.981813e-02   1.438652e-01
  2.106734e+00   2.066199e-01   1.443811e-01
  2.111881e+00   1.426727e-01   1.468019e-01
  2.117027e+00   5.660177e-02   1.489381e-01
  2.122174e+00   2.685827e-01   1.494771e-01
  2.127321e+00   3.612004e-01   1.507814e-01
  2.132467e+00   3.463148e-01   1.528878e-01
  2.137614e+00   7.701947e-02   1.529112e-01
  2.142760e+00   1.842955e-01   1.537783e-01
  2.147907e+00   3.228935e-01   1.538509e-01
  2.153053e+00   1.540405e-01   1.547532e-01
  2.158200e+00   1.849237e-01   1.551756e-01
  2.163347e+00   1.494058e-01   1.568370e-01
  2.168493e+00   3.683800e-01   1.564074e-01
  2.173640e+00   3.103950e-01   1.561356e-01
  2.178786e+00   1.599925e-01   1.540521e-01
  2.183933e+00   1.629483e-01   1.536669e-01
  2.189079e+00   3.236406e-01   1.515753e-01
  2.194226e+00   2.465711e-01   1.501628e-01
  2.199373e+00   3.544090e-01   1.503270e-01
  2.204519e+00   2.827116e-01   1.496491e-01
  2.209666e+00   1.700739e-01   1.489960e-01
  2.214812e+00   4.141864e-01   1.491113e-01
  2.219959e+00   6.222791e-02   1.479272e-01
  2.225105e+00   2.448485e-01   1.483022e-01
  2.230252e+00   5.850964e-02   1.486149e-01
  2.235399e+00   2.102085e-01   1.468060e-01
  2.240545e+00   3.202209e-01   1.467943e-01
  2.245692e+00   1.114551e-01   1.474142e-01
  2.250838e+00   2.710509e-01   1.462426e-01
  2.255985e+00   3.574796e-02   1.464990e-01
  2.261131e+00  -3.854085e-02   1.471865e-01
  2.266278e+00   2.361804e-01   1.459550e-01
  2.271425e+00  -1.337368e-01   1.464599e-01
  2.276571e+00   3.882975e-01   1.464615e-01
  2.281718e+00   2.005100e-01   1.453946e-01
  2.286864e+00   2.006226e-01   1.459303e-01
  2.292011e+00   2.678027e-01   1.461132e-01
  2.297157e+00   2.150458e-01   1.445725e-01
  2.302304e+00   4.692365e-01   1.453736e-01
  2.307451e+00   1.041785e-01   1.463182e-01
  2.312597e+00   3.453402e-01   1.451080e-01
  2.317744e+00   4.895814e-01   1.444035e-01
  2.322890e+00   4.119732e-01   1.455131e-01
  2.328037e+00   2.399172e-01   1.439878e-01
  2.333183e+00   2.138259e-01   1.444278e-01
  2.338330e+00   1.171141e-01   1.450554e-01
  2.343477e+00   4.969113e-01   1.442455e-01
  2.348623e+00   3.689802e-01   1.435491e-01
  2.353770e+00   2.817861e-01   1.446560e-01
  2.358916e+00   2.294824e-01   1.442443e-01
  2.364063e+00   4.394077e-01   1.432868e-01
  2.369209e+00   3.353580e-01   1.440385e-01
  2.374356e+00   1.616513e-01   1.442660e-01
  2.379503e+00   2.791372e-01   1.429404e-01
  2.384649e+00   4.648495e-02   1.443150e-01
  2.389796e+00   1.636712e-02   1.428949e-01
  2.394942e+00   9.405594e-02   1.429627e-01
  2.400089e+00   1.414620e-01   1.441175e-01
  2.405235e+00   2.691034e-01   1.430206e-01
  2.410382e+00   1.616133e-01   1.424587e-01
  2.415529e+00   2.111724e-01   1.428543e-01
  2.420675e+00   1.435637e-01   1.424982e-01
  2.425822e+00   3.138279e-01   1.419993e-01
  2.430968e+00   1.743070e-01   1.432638e-01
  2.436115e+00   3.130252e-01   1.425661e-01
  2.441261e+00   4.359335e-01   1.416435e-01
  2.446408e+00   3.085523e-01   1.428199e-01
  2.451555e+00   3.519459e-01   1.416073e-01
  2.456701e+00   3.032167e-01   1.409750e-01
  2.461848e+00   2.984263e-01   1.419763e-01
  2.466994e+00   3.901021e-01   1.406729e-01
  2.472141e+00   7.356495e-02   1.404464e-01
  2.477287e+00   2.252845e-01   1.414980e-01
  2.482434e+00   1.519414e-01   1.403152e-01
  2.487581e+00   2.057197e-01   1.394839e-01
  2.492727e+00   3.008917e-01   1.411041e-01
  2.497874e+00   9.035315e-02   1.393021e-01
  2.503020e+00   1.265215e-01   1.391810e-01
  2.508167e+00   3.262053e-01   1.394858e-01
  2.513313e+00   1.499484e-01   1.400054e-01
  2.518460e+00   1.998530e-01   1.390345e-01
  2.523606e+00   3.188927e-01   1.403868e-01
  2.528753e+00   2.803327e-01   1.390953e-01
  2.533900e+00   1.974839e-01   1.392148e-01
  2.539046e+00   2.371528e-01   1.392627e-01
  2.544193e+00   4.341100e-01   1.389504e-01
  2.549339e+00   6.091591e-02   1.386732e-01
  2.554486e+00   2.014008e-02   1.397128e-01
  2.559632e+00   1.356743e-01   1.385400e-01
  2.564779e+00   3.151979e-01   1.380841e-01
  2.569926e+00   9.702341e-02   1.394064e-01
  2.575072e+00   8.025759e-02   1.418381e-01
  2.580219e+00   2.988440e-01   1.425076e-01
  2.585365e+00   2.615492e-01   1.443083e-01
  2.590512e+00   1.545704e-01   1.454722e-01
  2.595658e+00   3.116620e-01   1.449836e-01
  2.600805e+00   2.568984e-01   1.434470e-01
  2.605952e+00   1.465774e-01   1.422004e-01
  2.611098e+00   1.543364e-01   1.407343e-01
  2.616245e+00   4.997599e-01   1.419013e-01
  2.621391e+00   3.307970e-01   1.409875e-01
  2.626538e+00   2.375273e-01   1.398721e-01
  2.631684e+00   4.227585e-01   1.405134e-01
  2.636831e+00   2.168411e-01   1.397078e-01
  2.641978e+00  -2.235357e-02   1.388128e-01
  2.647124e+00   2.365660e-01   1.406155e-01
  2.652271e+00   4.566928e-01   1.401478e-01
  2.657417e+00   4.147997e-01   1.390918e-01
  2.662564e+00   4.043785e-01   1.400766e-01
  2.667710e+00   3.006508e-01   1.400986e-01
  2.672857e+00   3.865720e-02   1.391011e-01
  2.678004e+00   3.688250e-01   1.396796e-01
  2.683150e+00   1.393375e-01   1.391918e-01
  2.688297e+00   4.510875e-01   1.383733e-01
  2.693443e+00   2.400714e-01   1.394834e-01
  2.698590e+00   1.155269e-01   1.393145e-01
  2.703736e+00   1.781153e-01   1.386868e-01
  2.708883e+00  -1.867033e-02   1.389530e-01
  2.714030e+00   1.900306e-01   1.384720e-01
  2.719176e+00   2.154419e-01   1.378145e-01
  2.724323e+00   2.617571e-01   1.385678e-01
  2.729469e+00   3.365926e-01   1.378977e-01
  2.734616e+00   1.267847e-01   1.378950e-01
  2.739762e+00   4.522647e-01   1.379227e-01
  2.744909e+00   1.297756e-01   1.386216e-01
  2.750056e+00   3.469639e-01   1.371398e-01
  2.755202e+00   3.382729e-01   1.383252e-01
  2.760349e+00  -8.094127e-02   1.373314e-01
  2.765495e+00   4.454601e-01   1.369807e-01
  2.770642e+00   3.252096e-01   1.374444e-01
  2.775788e+00   1.201141e-01   1.373364e-01
  2.780935e+00   2.787742e-01   1.365824e-01
  2.786082e+00   3.352321e-01   1.374417e-01
  2.791228e+00   4.352849e-01   1.371402e-01
  2.796375e+00   2.749003e-01   1.372318e-01
  2.801521e+00   1.898017e-01   1.369878e-01
  2.806668e+00   2.216930e-02   1.362578e-01
  2.811814e+00   3.565513e-01   1.362439e-01
  2.816961e+00   2.444967e-01   1.389119e-01
  2.822108e+00   2.469734e-01   1.395264e-01
  2.827254e+00   1.544697e-01   1.399916e-01
  2.832401e+00   1.380044e-01   1.405842e-01
  2.837547e+00   2.154902e-01   1.414414e-01
  2.842694e+00   3.234132e-01   1.406502e-01
  2.847840e+00   3.474202e-01   1.409062e-01
  2.852987e+00   2.164891e-01   1.411357e-01
  2.858134e+00   2.481193e-01   1.399152e-01
  2.863280e+00   3.104916e-01   1.405712e-01
  2.868427e+00  -8.210216e-02   1.406314e-01
  2.873573e+00   1.397020e-01   1.401146e-01
  2.878720e+00   2.127103e-01   1.404580e-01
  2.883866e+00   2.064111e-01   1.403563e-01
  2.889013e+00   3.858994e-01   1.394980e-01
  2.894160e+00   3.413980e-01   1.397889e-01
  2.899306e+00   9.283125e-02   1.390990e-01
  2.904453e+00   3.668639e-01   1.387105e-01
  2.909599e+00   2.903022e-01   1.393134e-01
  2.914746e+00   3.277188e-01   1.400070e-01
  2.919892e+00   3.645661e-01   1.391396e-01
  2.925039e+00   1.765326e-01   1.400664e-01
  2.930186e+00   5.642869e-01   1.420512e-01
  2.935332e+00   3.483029e-01   1.438822e-01
  2.940479e+00   2.513373e-01   1.462538e-01
  2.945625e+00   3.498878e-01   1.468566e-01
  2.950772e+00   1.950320e-01   1.476940e-01
  2.955918e+00   7.421450e-02   1.488992e-01
  2.961065e+00   1.871043e-01   1.497579e-01
  2.966212e+00   1.073834e-01   1.507422e-01
  2.971358e+00   3.230405e-01   1.519856e-01
  2.976505e+00   3.789286e-01   1.521851e-01
  2.981651e+00   3.008095e-01   1.526833e-01
  2.986798e+00   4.279957e-01   1.547222e-01
  2.991944e+00   4.134790e-01   1.541844e-01
  2.997091e+00   2.139474e-01   1.511652e-01
  3.002238e+00   4.899701e-01   1.501388e-01
  3.007384e+00   4.091844e-01   1.493198e-01
  3.012531e+00   5.596662e-02   1.478190e-01
  3.017677e+00   5.586477e-01   1.476527e-01
  3.022824e+00   1.312127e-01   1.474627e-01
  3.027970e+00   4.281333e-01   1.463019e-01
  3.033117e+00   2.940624e-01   1.464465e-01
  3.038264e+00   2.284921e-01   1.470099e-01
  3.043410e+00   4.022393e-01   1.456698e-01
  3.048557e+00   2.356143e-01   1.461359e-01
  3.053703e+00   3.650604e-01   1.464402e-01
  3.058850e+00   1.929021e-01   1.466713e-01
  3.063996e+00   1.009628e-01   1.464203e-01
  3.069143e+00   2.660186e-01   1.463002e-01
  3.074290e+00   4.190082e-01   1.450474e-01
  3.079436e+00   9.084447e-02   1.461111e-01
  3.084583e+00   5.041460e-01   1.466800e-01
  3.089729e+00  -1.412932e-01   1.452177e-01
  3.094876e+00   4.124665e-01   1.450725e-01
  3.100022e+00   2.233976e-01   1.456441e-01
  3.105169e+00   2.620458e-01   1.448787e-01
  3.110316e+00   1.022291e-01   1.455349e-01
  3.115462e+00   2.798975e-01   1.450106e-01
  3.120609e+00   3.816774e-01   1.434816e-01
  3.125755e+00   3.044622e-01   1.435255e-01
  3.130902e+00   2.007301e-01   1.445345e-01
  3.136048e+00   4.938420e-01   1.422524e-01
  3.141195e+00   2.790065e-01   1.435677e-01
  3.146342e+00   2.742269e-01   1.427446e-01
  3.151488e+00   1.616445e-01   1.417469e-01
  3.156635e+00   4.217997e-01   1.424656e-01
  3.161781e+00   3.149803e-04   1.428047e-01
  3.166928e+00   3.421177e-01   1.415676e-01
  3.172074e+00   3.849990e-01   1.420349e-01
  3.177221e+00  -1.004589e-01   1.425755e-01
  3.182368e+00   2.263383e-01   1.416919e-01
  3.187514e+00   2.123419e-01   1.417268e-01
  3.192661e+00   3.916582e-01   1.426638e-01
  3.197807e+00   3.385650e-01   1.407604e-01
  3.202954e+00   2.864369e-01   1.418522e-01
  3.208100e+00   5.791347e-01   1.422205e-01
  3.213247e+00   2.913849e-01   1.407717e-01
  3.218394e+00   5.953084e-01   1.418892e-01
  3.223540e+00   1.889890e-01   1.424352e-01
  3.228687e+00   1.089978e-01   1.405400e-01
  3.233833e+00   1.592433e-01   1.411557e-01
  3.238980e+00   3.502998e-01   1.429340e-01
  3.244126e+00   3.283185e-01   1.404718e-01
  3.249273e+00   1.299928e-01   1.404465e-01
  3.254420e+00   3.782094e-01   1.417916e-01
  3.259566e+00   4.507573e-01   1.400530e-01
  3.264713e+00   1.238133e-01   1.411927e-01
  3.269859e+00   1.279857e-01   1.416185e-01
  3.275006e+00   4.574759e-01   1.401955e-01
  3.280152e+00   1.850895e-01   1.406144e-01
  3.285299e+00   1.564348e-01   1.419859e-01
  3.290446e+00   4.512469e-01   1.398563e-01
  3.295592e+00   2.910504e-01   1.407161e-01
  3.300739e+00   3.019791e-01   1.410662e-01
  3.305885e+00   3.386155e-01   1.395213e-01
  3.311032e+00   2.980010e-01   1.406467e-01
  3.316178e+00   2.681549e-01   1.412027e-01
  3.321325e+00   1.689822e-01   1.398379e-01
  3.326471e+00   1.700041e-01   1.401030e-01
  3.331618e+00   1.388281e-01   1.403851e-01
  3.336765e+00   1.770888e-02   1.388150e-01
  3.341911e+00   1.263765e-01   1.394414e-01
  3.347058e+00   2.177498e-01   1.401767e-01
  3.352204e+00   2.870450e-01   1.388058e-01
  3.357351e+00   2.392637e-01   1.392647e-01
  3.362497e+00   1.009192e-01   1.403855e-01
  3.367644e+00   1.411957e-01   1.385918e-01
  3.372791e+00   8.953718e-02   1.398843e-01
  3.377937e+00   3.934545e-01   1.396368e-01
  3.383084e+00   1.364255e-01   1.392920e-01
  3.388230e+00  -5.458494e-02   1.390431e-01
  3.393377e+00   3.189518e-01   1.402456e-01
  3.398523e+00   2.882977e-01   1.392231e-01
  3.403670e+00   2.207302e-01   1.388985e-01
  3.408817e+00  -5.683277e-02   1.398315e-01
  3.413963e+00   3.511259e-01   1.391292e-01
  3.419110e+00   2.278707e-01   1.393347e-01
  3.424256e+00  -9.090044e-02   1.399429e-01
  3.429403e+00   2.511974e-01   1.380270e-01
  3.434549e+00   2.757475e-01   1.395634e-01
  3.439696e+00   3.205880e-01   1.393324e-01
  3.444843e+00   9.550308e-02   1.385354e-01
  3.449989e+00   1.324368e-01   1.386004e-01
  3.455136e+00   5.009992e-01   1.395465e-01
  3.460282e+00   3.363390e-01   1.384092e-01
  3.465429e+00   1.606219e-01   1.389456e-01
  3.470575e+00   2.634339e-01   1.391661e-01
  3.475722e+00   3.886110e-01   1.383996e-01
  3.480869e+00   1.227051e-01   1.381816e-01
  3.486015e+00   3.063582e-01   1.396435e-01
  3.491162e+00   1.658709e-01   1.378947e-01
  3.496308e+00   3.483785e-01   1.385011e-01
  3.501455e+00   4.290808e-01   1.391965e-01
  3.506601e+00   4.875800e-01   1.387900e-01
  3.511748e+00   3.070904e-01   1.379426e-01
  3.516895e+00   4.951144e-02   1.389170e-01
  3.522041e+00   9.287804e-02   1.379135e-01
  3.527188e+00   2.473087e-01   1.381776e-01
  3.532334e+00   4.437480e-02   1.388112e-01
  3.537481e+00   3.358807e-01   1.386181e-01
  3.542627e+00   3.181998e-01   1.382449e-01
  3.547774e+00   1.425151e-01   1.392660e-01
  3.552921e+00  -1.022883e-01   1.381850e-01
  3.558067e+00   2.895312e-01   1.383365e-01
  3.563214e+00   3.187453e-01   1.388474e-01
  3.568360e+00   2.330694e-01   1.384853e-01
  3.573507e+00   2.117707e-01   1.377523e-01
  3.578653e+00   3.183573e-01   1.389549e-01
  3.583800e+00   4.431543e-01   1.380672e-01
  3.588947e+00   3.851522e-01   1.385006e-01
  3.594093e+00   7.437751e-02   1.391023e-01
  3.599240e+00   1.344318e-01   1.384486e-01
  3.604386e+00  -5.377276e-02   1.373087e-01
  3.609533e+00   4.719986e-01   1.394442e-01
  3.614679e+00   1.598102e-01   1.378717e-01
  3.619826e+00   1.864824e-01   1.387616e-01
  3.624973e+00   3.030632e-01   1.383266e-01
  3.630119e+00   4.723883e-01   1.384883e-01
  3.635266e+00   3.105998e-01   1.380823e-01
  3.640412e+00   7.862372e-02   1.393348e-01
  3.645559e+00   2.809060e-01   1.380735e-01
  3.650705e+00   2.993661e-01   1.379374e-01
  3.655852e+00   2.353520e-01   1.383875e-01
  3.660999e+00   2.206827e-01   1.379090e-01
  3.666145e+00   5.183257e-01   1.373995e-01
  3.671292e+00   3.551339e-01   1.392913e-01
  3.676438e+00   7.257204e-02   1.375321e-01
  3.681585e+00   4.365162e-01   1.380472e-01
  3.686731e+00   9.736249e-03   1.390032e-01
  3.691878e+00   3.572728e-01   1.380695e-01
  3.697025e+00   8.337069e-02   1.373604e-01
  3.702171e+00   2.804378e-01   1.392060e-01
  3.707318e+00   4.335544e-01   1.377069e-01
  3.712464e+00   2.718132e-01   1.380207e-01
  3.717611e+00   2.555346e-01   1.388560e-01
  3.722757e+00   1.042961e-01   1.380122e-01
  3.727904e+00   1.356073e-01   1.381580e-01
  3.733051e+00   3.896007e-01   1.399529e-01
  3.738197e+00   1.525923e-01   1.374925e-01
  3.743344e+00   3.021922e-01   1.385233e-01
  3.748490e+00   1.432950e-01   1.414808e-01
  3.753637e+00   2.395623e-01   1.431252e-01
  3.758783e+00   1.469120e-01   1.450450e-01
  3.763930e+00   1.406408e-01   1.466191e-01
  3.769077e+00   2.779323e-01   1.476731e-01
  3.774223e+00  -4.978021e-02   1.495027e-01
  3.779370e+00   2.003596e-02   1.497719e-01
  3.784516e+00   5.389261e-01   1.488978e-01
  3.789663e+00   4.961500e-01   1.500771e-01
  3.794809e+00   1.876335e-01   1.514095e-01
  3.799956e+00   1.413952e-01   1.498251e-01
  3.805103e+00   2.142792e-01   1.517530e-01
  3.810249e+00   2.639248e-01   1.520001e-01
  3.815396e+00   1.596652e-01   1.469499e-01
  3.820542e+00   3.023188e-01   1.462353e-01
  3.825689e+00   3.645512e-01   1.461263e-01
  3.830835e+00   4.613797e-02   1.436745e-01
  3.835982e+00   3.823150e-01   1.438458e-01
  3.841129e+00   3.543791e-01   1.444352e-01
  3.846275e+00   2.471523e-01   1.439090e-01
  3.851422e+00   2.925905e-01   1.436072e-01
  3.856568e+00   2.332044e-01   1.452125e-01
  3.861715e+00   1.743388e-01   1.426411e-01
  3.866861e+00   1.546723e-01   1.444551e-01
  3.872008e+00  -5.717717e-03   1.450945e-01
  3.877155e+00   2.341667e-01   1.439699e-01
  3.882301e+00   5.032871e-01   1.441030e-01
  3.887448e+00   1.343230e-01   1.450759e-01
  3.892594e+00  -6.561825e-02   1.436799e-01
  3.897741e+00   1.954247e-01   1.442754e-01
  3.902887e+00   1.924578e-03   1.451288e-01
  3.908034e+00   8.913627e-02   1.434707e-01
  3.913181e+00   1.073746e-01   1.443771e-01
  3.918327e+00   7.526178e-02   1.449941e-01
  3.923474e+00   1.827308e-02   1.435714e-01
  3.928620e+00   1.731248e-02   1.444518e-01
  3.933767e+00   3.761316e-02   1.447637e-01
  3.938913e+00   2.813669e-01   1.441129e-01
  3.944060e+00   3.428185e-01   1.443346e-01
  3.949207e+00   3.751902e-01   1.456384e-01
  3.954353e+00   2.827100e-01   1.441746e-01
  3.959500e+00   6.564369e-03   1.455131e-01
  3.964646e+00   1.693214e-01   1.457124e-01
  3.969793e+00   1.817399e-01   1.447586e-01
  3.974939e+00  -5.002119e-02   1.454290e-01
  3.980086e+00   2.446547e-01   1.459760e-01
  3.985233e+00   3.153635e-01   1.452695e-01
  3.990379e+00   3.097654e-01   1.460448e-01
  3.995526e+00   1.402626e-01   1.462875e-01
  4.000672e+00   3.027739e-01   1.456855e-01
  4.005819e+00  -6.660987e-02   1.464076e-01
  4.010965e+00   9.335483e-02   1.461175e-01
  4.016112e+00   3.164147e-01   1.457128e-01
  4.021259e+00   5.933799e-01   1.466680e-01
  4.026405e+00   2.978370e-01   1.467450e-01
  4.031552e+00   2.460268e-01   1.464182e-01
  4.036698e+00   1.785088e-01   1.467043e-01
  4.041845e+00   1.238759e-01   1.467619e-01
  4.046991e+00   8.756460e-02   1.466315e-01
  4.052138e+00   3.028014e-01   1.479231e-01
  4.057285e+00   3.433272e-01   1.467880e-01
  4.062431e+00   3.139859e-01   1.465738e-01
  4.067578e+00   3.081172e-01   1.479443e-01
  4.072724e+00   1.334842e-01   1.477313e-01
  4.077871e+00   3.430066e-01   1.470337e-01
  4.083017e+00   3.187709e-01   1.482592e-01
  4.088164e+00   3.527704e-01   1.477619e-01
  4.093311e+00   3.323637e-01   1.479296e-01
  4.098457e+00  -2.443622e-02   1.481864e-01
  4.103604e+00   1.358085e-01   1.479466e-01
  4.108750e+00   3.206292e-01   1.477238e-01
  4.113897e+00  -2.845676e-02   1.488418e-01
  4.119043e+00   3.405970e-02   1.484180e-01
  4.124190e+00   4.233190e-01   1.479367e-01
  4.129336e+00   2.449511e-01   1.486028e-01
  4.134483e+00   8.325417e-02   1.481287e-01
  4.139630e+00   3.863656e-02   1.487215e-01
  4.144776e+00   1.595086e-01   1.489615e-01
  4.149923e+00   1.371170e-01   1.487209e-01
  4.155069e+00   5.319808e-02   1.483333e-01
  4.160216e+00   2.556707e-01   1.491823e-01
  4.165362e+00   4.664139e-02   1.489048e-01
  4.170509e+00   8.335737e-02   1.487975e-01
  4.175656e+00   1.711500e-01   1.495601e-01
  4.180802e+00   1.675615e-01   1.493277e-01
  4.185949e+00   1.498756e-01   1.505834e-01
  4.191095e+00   2.854080e-01   1.515865e-01
  4.196242e+00   2.888178e-01   1.513179e-01
  4.201388e+00   2.032164e-01   1.518468e-01
  4.206535e+00   3.892238e-01   1.529080e-01
  4.211682e+00   2.098764e-01   1.533428e-01
  4.216828e+00   4.040116e-01   1.536042e-01
  4.221975e+00   3.377317e-01   1.544205e-01
  4.227121e+00   3.638569e-02   1.545667e-01
  4.232268e+00   6.004201e-02   1.551196e-01
  4.237414e+00  -6.934801e-02   1.554549e-01
  4.242561e+00  -7.723233e-03   1.564914e-01
  4.247708e+00   2.277143e-02   1.565648e-01
  4.252854e+00   2.085248e-01   1.568911e-01
  4.258001e+00   1.619428e-01   1.563609e-01
  4.263147e+00   1.654043e-01   1.577228e-01
  4.268294e+00   1.242672e-01   1.576267e-01
  4.273440e+00   2.896515e-01   1.585539e-01
  4.278587e+00   1.185481e-01   1.588051e-01
  4.283734e+00  -2.165758e-01   1.594227e-01
  4.288880e+00   2.063934e-01   1.591425e-01
  4.294027e+00   1.039933e-01   1.597787e-01
  4.299173e+00   5.623340e-02   1.602404e-01
  4.304320e+00   4.217688e-02   1.601644e-01
  4.309466e+00  -4.732173e-02   1.592668e-01
  4.314613e+00   2.556820e-01   1.598576e-01
  4.319760e+00  -4.174636e-03   1.602046e-01
  4.324906e+00   1.320064e-01   1.610539e-01
  4.330053e+00  -9.869684e-02   1.605064e-01
  4.335199e+00   1.632251e-01   1.612362e-01
  4.340346e+00   3.664192e-01   1.606524e-01
  4.345492e+00   2.189959e-01   1.609707e-01
  4.350639e+00   2.180174e-02   1.611166e-01
  4.355786e+00   1.775756e-01   1.624753e-01
  4.360932e+00   1.754419e-01   1.619377e-01
  4.366079e+00  -1.733762e-01   1.620462e-01
  4.371225e+00  -8.712146e-02   1.620975e-01
  4.376372e+00   1.069441e-01   1.631538e-01
  4.381518e+00   3.413346e-01   1.630283e-01
  4.386665e+00   3.458112e-01   1.633511e-01
  4.391812e+00   1.821200e-01   1.626792e-01
  4.396958e+00  -3.165507e-02   1.631049e-01
  4.402105e+00   3.548567e-01   1.629004e-01
  4.407251e+00   2.824574e-01   1.641309e-01
  4.412398e+00   1.290707e-01   1.640968e-01
  4.417544e+00   1.553513e-01   1.647092e-01
  4.422691e+00   1.500891e-01   1.652189e-01
  4.427838e+00   2.920032e-01   1.654245e-01
  4.432984e+00   3.881539e-02   1.656210e-01
  4.438131e+00   1.045595e-01   1.673926e-01
  4.443277e+00   3.095289e-01   1.667790e-01
  4.448424e+00   1.130050e-01   1.674353e-01
  4.453570e+00   1.081191e-01   1.675538e-01
  4.458717e+00   3.079043e-01   1.694111e-01
  4.463864e+00   1.053375e-01   1.695438e-01
  4.469010e+00   1.860606e-01   1.708576e-01
  4.474157e+00  -5.247338e-02   1.702142e-01
  4.479303e+00   2.382399e-01   1.705825e-01
  4.484450e+00   7.927119e-02   1.718118e-01
  4.489596e+00   2.267114e-01   1.718899e-01
  4.494743e+00   2.194581e-02   1.722827e-01
  4.499890e+00  -6.574035e-02   1.735812e-01
  4.505036e+00   1.348478e-01   1.735097e-01
  4.510183e+00   2.132695e-01   1.740521e-01
  4.515329e+00   1.071607e-01   1.753090e-01
  4.520476e+00   4.471892e-01   1.755052e-01
  4.525622e+00   2.740890e-02   1.748407e-01
  4.530769e+00   7.966340e-02   1.759132e-01
  4.535916e+00   1.137391e-01   1.764600e-01
  4.541062e+00   1.698809e-01   1.767041e-01
  4.546209e+00   1.897278e-01   1.774259e-01
  4.551355e+00   1.149786e-01   1.777006e-01
  4.556502e+00   3.597682e-01   1.780266e-01
  4.561648e+00   3.681517e-01   1.788480e-01
  4.566795e+00   6.843718e-03   1.786139e-01
  4.571942e+00  -6.359834e-02   1.791490e-01
  4.577088e+00   5.302206e-02   1.793442e-01
  4.582235e+00   1.284554e-02   1.810236e-01
  4.587381e+00  -6.987853e-02   1.821548e-01
  4.592528e+00  -1.823677e-01   1.814322e-01
  4.597674e+00   1.296834e-01   1.833437e-01
  4.602821e+00   3.935469e-01   1.833594e-01
  4.607968e+00   3.175102e-01   1.856206e-01
  4.613114e+00   1.737029e-01   1.861278e-01
  4.618261e+00   1.087875e-01   1.849124e-01
  4.623407e+00   8.588283e-02   1.851613e-01
  4.628554e+00   2.149385e-01   1.850686e-01
  4.633700e+00   2.034382e-02   1.857300e-01
  4.638847e+00   1.750624e-01   1.859721e-01
  4.643994e+00   1.798609e-01   1.863270e-01
  4.649140e+00   2.129002e-01   1.870793e-01
  4.654287e+00   4.958186e-01   1.870153e-01
  4.659433e+00  -4.973721e-03   1.876242e-01
  4.664580e+00   1.216384e-01   1.866981e-01
  4.669726e+00   3.901364e-01   1.870573e-01
  4.674873e+00   1.624020e-01   1.871038e-01
  4.680020e+00   2.270525e-02   1.879638e-01
  4.685166e+00  -3.325939e-01   1.891153e-01
  4.690313e+00   1.295471e-01   1.890299e-01
  4.695459e+00  -2.440341e-01   1.899716e-01
  4.700606e+00  -2.805152e-02   1.910547e-01
  4.705752e+00  -6.312840e-02   1.914451e-01
  4.710899e+00   3.601159e-01   1.911730e-01
  4.716046e+00   3.268836e-01   1.925483e-01
  4.721192e+00   1.834693e-01   1.930109e-01
  4.726339e+00  -2.308237e-01   1.932164e-01
  4.731485e+00   2.735530e-01   1.942631e-01
  4.736632e+00   2.902427e-01   1.949239e-01
  4.741778e+00   1.160796e-01   1.962830e-01
  4.746925e+00   1.234834e-01   1.969519e-01
  4.752072e+00   3.441183e-01   1.981321e-01
  4.757218e+00   3.264933e-01   1.965341e-01
  4.762365e+00   2.081284e-02   1.982723e-01
  4.767511e+00   2.662277e-01   1.985660e-01
  4.772658e+00  -1.301646e-01   1.988541e-01
  4.777804e+00   4.916987e-01   2.000727e-01
  4.782951e+00   2.241897e-01   2.008378e-01
  4.788098e+00   3.060046e-01   2.005520e-01
  4.793244e+00   1.721596e-01   2.020487e-01
  4.798391e+00   1.564243e-01   2.042381e-01
  4.803537e+00   2.121254e-01   2.028519e-01
  4.808684e+00   3.099315e-01   2.039808e-01
  4.813830e+00   1.866738e-01   2.046964e-01
  4.818977e+00   5.246744e-01   2.044733e-01
  4.824124e+00   3.136981e-02   2.052750e-01
  4.829270e+00   4.088861e-01   2.063015e-01
  4.834417e+00   1.624524e-01   2.078346e-01
  4.839563e+00   2.105750e-01   2.084778e-01
  4.844710e+00   2.849728e-01   2.099422e-01
  4.849856e+00   2.772153e-01   2.081861e-01
  4.855003e+00  -1.421393e-01   2.090987e-01
  4.860150e+00   4.951358e-01   2.105825e-01
  4.865296e+00   3.993546e-01   2.110927e-01
  4.870443e+00   5.390930e-01   2.118002e-01
  4.875589e+00   1.847957e-01   2.122960e-01
  4.880736e+00   1.519085e-01   2.130624e-01
  4.885882e+00   2.386632e-01   2.144953e-01
  4.891029e+00   6.900442e-03   2.160860e-01
  4.896176e+00   1.758953e-01   2.152954e-01
  4.901322e+00   7.137619e-02   2.158736e-01
  4.906469e+00   2.610964e-02   2.166304e-01
  4.911615e+00  -1.741047e-02   2.166808e-01
  4.916762e+00   1.665981e-01   2.178887e-01
  4.921908e+00   1.932318e-02   2.188529e-01
  4.927055e+00   3.764576e-01   2.196130e-01
  4.932201e+00  -7.358665e-02   2.209646e-01
  4.937348e+00   9.632492e-02   2.215882e-01
  4.942495e+00   2.119308e-01   2.223786e-01
  4.947641e+00   3.824559e-01   2.219476e-01
  4.952788e+00   4.507786e-01   2.221687e-01
  4.957934e+00   1.276839e-01   2.227571e-01
  4.963081e+00   9.645509e-02   2.231295e-01
  4.968227e+00  -1.053653e-01   2.224828e-01
  4.973374e+00   3.366287e-01   2.237874e-01
  4.978521e+00  -1.347381e-01   2.248608e-01
  4.983667e+00  -2.282233e-01   2.242616e-01
  4.988814e+00   6.493114e-01   2.274449e-01
  4.993960e+00   3.105618e-02   2.255390e-01
  4.999107e+00   2.450386e-02   2.256999e-01
  5.004253e+00   2.472690e-01   2.281361e-01
  5.009400e+00  -2.493312e-02   2.311720e-01
  5.014547e+00   7.232175e-02   2.332570e-01
  5.019693e+00   1.221649e-01   2.328549e-01
  5.024840e+00   1.517920e-01   2.375468e-01
  5.029986e+00   2.263327e-01   2.385341e-01
  5.035133e+00  -6.217775e-01   2.449598e-01
  5.040279e+00   9.108457e-02   2.448569e-01
  5.045426e+00   1.754143e-01   2.473059e-01
  5.050573e+00   3.276793e-01   2.488199e-01
  5.055719e+00   1.084329e-01   2.518738e-01
  5.060866e+00   4.137973e-01   2.556221e-01
  5.066012e+00   1.714281e-01   2.589358e-01
  5.071159e+00  -5.235549e-02   2.614905e-01
  5.076305e+00   3.223920e-01   2.648548e-01
  5.081452e+00   6.741972e-01   2.694579e-01
  5.086599e+00   6.502092e-01   2.709390e-01
  5.091745e+00   4.908683e-01   2.790803e-01
  5.096892e+00   2.088589e-01   2.892356e-01
  5.102038e+00  -9.162235e-02   2.963203e-01
  5.107185e+00  -2.267730e-01   3.057517e-01
  5.112331e+00   4.675865e-01   3.136638e-01
  5.117478e+00   1.354739e-01   3.166739e-01
  5.122625e+00   2.740394e-01   3.247058e-01
  5.127771e+00  -1.850699e-01   3.324508e-01
  5.132918e+00   2.607279e-01   3.414479e-01
  5.138064e+00   2.177788e-01   3.377641e-01
  5.143211e+00   5.369518e-01   3.383782e-01
  5.148357e+00   8.995457e-01   3.424767e-01
  5.153504e+00   5.103970e-01   3.443955e-01
  5.158651e+00  -1.038812e-01   3.510984e-01
  5.163797e+00   4.417966e-01   4.042716e-01
  5.168944e+00   1.456957e+00   5.133005e-01
  5.174090e+00  -4.021332e-01   5.857326e-01
  5.179237e+00  -3.848984e-02   1.041046e+00
