3.781293581378350477e-02 5.157883911132812500e+02 1.546521472930908203e+01
4.295950633119256790e-02 1.215453735351562500e+03 1.067269229888916016e+01
4.810607684860162409e-02 1.315679931640625000e+03 8.666947364807128906e+00
5.325264736601068721e-02 1.138498413085937500e+03 7.032048225402832031e+00
5.839921788341974340e-02 9.715883178710937500e+02 5.716570377349853516e+00
6.354578840082880653e-02 8.247245483398437500e+02 4.714943408966064453e+00
6.869235891823786966e-02 6.765498046875000000e+02 4.001348495483398438e+00
7.383892943564693279e-02 5.660192871093750000e+02 3.504368543624877930e+00
7.898549995305598204e-02 4.748796997070312500e+02 3.109127044677734375e+00
8.413207047046505904e-02 3.880856018066406250e+02 2.710540294647216797e+00
8.927864098787410829e-02 3.309760742187500000e+02 2.379617929458618164e+00
9.442521150528317142e-02 2.831017150878906250e+02 2.118166208267211914e+00
9.957178202269223455e-02 2.444537658691406250e+02 1.942220807075500488e+00
1.047183525401012977e-01 2.121879882812500000e+02 1.756275773048400879e+00
1.098649230575103469e-01 1.894108276367187500e+02 1.582452535629272461e+00
1.150114935749194101e-01 1.674567565917968750e+02 1.462885141372680664e+00
1.201580640923284732e-01 1.483627166748046875e+02 1.341546654701232910e+00
1.253046346097375363e-01 1.321713714599609375e+02 1.261978030204772949e+00
1.304512051271465856e-01 1.172284011840820312e+02 1.152724742889404297e+00
1.355977756445556626e-01 1.057087326049804688e+02 1.088516712188720703e+00
1.407443461619647118e-01 9.285321807861328125e+01 1.019658803939819336e+00
1.458909166793737611e-01 8.207010650634765625e+01 9.507125020027160645e-01
1.510374871967828381e-01 7.138872528076171875e+01 8.853791356086730957e-01
1.561840577141919151e-01 6.307663345336914062e+01 8.415051698684692383e-01
1.613306282316009643e-01 5.460796356201171875e+01 7.897244095802307129e-01
1.664771987490100136e-01 4.718917465209960938e+01 7.548607587814331055e-01
1.716237692664190906e-01 4.052931976318359375e+01 7.099211812019348145e-01
1.767703397838281398e-01 3.535746383666992188e+01 6.624893546104431152e-01
1.819169103012371891e-01 2.938941383361816406e+01 6.423487663269042969e-01
1.870634808186462661e-01 2.522430610656738281e+01 6.160998344421386719e-01
1.922100513360553153e-01 1.924545288085937500e+01 5.751550197601318359e-01
1.973566218534643923e-01 1.535666179656982422e+01 5.580912828445434570e-01
2.025031923708734416e-01 1.207288455963134766e+01 5.358257293701171875e-01
2.076497628882824908e-01 9.365582466125488281e+00 5.089339613914489746e-01
2.127963334056915679e-01 6.021508693695068359e+00 4.958137273788452148e-01
2.179429039231006171e-01 3.458453655242919922e+00 4.705733656883239746e-01
2.230894744405096941e-01 1.833503842353820801e+00 4.504334032535552979e-01
2.282360449579187434e-01 -1.617296218872070312e+00 4.394803047180175781e-01
2.333826154753277926e-01 -2.951852798461914062e+00 4.271226823329925537e-01
2.385291859927368696e-01 -4.616029739379882812e+00 4.118906259536743164e-01
2.436757565101459189e-01 -6.271548271179199219e+00 3.995798230171203613e-01
2.488223270275549959e-01 -6.932132720947265625e+00 3.861369490623474121e-01
2.539688975449640451e-01 -8.969894409179687500e+00 3.773594498634338379e-01
2.591154680623730666e-01 -1.005342674255371094e+01 3.690676093101501465e-01
2.642620385797821436e-01 -1.126494598388671875e+01 3.590071499347686768e-01
2.694086090971912206e-01 -1.201354312896728516e+01 3.491684794425964355e-01
2.745551796146002976e-01 -1.266825294494628906e+01 3.419721126556396484e-01
2.797017501320093746e-01 -1.398248291015625000e+01 3.338635265827178955e-01
2.848483206494184516e-01 -1.420148277282714844e+01 3.252416253089904785e-01
2.899948911668274176e-01 -1.514038944244384766e+01 3.233453631401062012e-01
2.951414616842364946e-01 -1.533197212219238281e+01 3.243373632431030273e-01
3.002880322016455716e-01 -1.665370178222656250e+01 3.220137357711791992e-01
3.054346027190546486e-01 -1.716692543029785156e+01 3.194216489791870117e-01
3.105811732364637257e-01 -1.682295608520507812e+01 3.154909610748291016e-01
3.157277437538728027e-01 -1.760405349731445312e+01 3.119222819805145264e-01
3.208743142712818797e-01 -1.746538543701171875e+01 3.057010173797607422e-01
3.260208847886908456e-01 -1.799003601074218750e+01 3.055057823657989502e-01
3.311674553060999227e-01 -1.817278861999511719e+01 3.017470240592956543e-01
3.363140258235089997e-01 -1.830896186828613281e+01 3.014111518859863281e-01
3.414605963409180767e-01 -1.932533264160156250e+01 2.986269295215606689e-01
3.466071668583271537e-01 -1.993701553344726562e+01 2.944896221160888672e-01
3.517537373757362307e-01 -1.953132438659667969e+01 2.914445400238037109e-01
3.569003078931453077e-01 -2.022138404846191406e+01 2.832852303981781006e-01
3.620468784105542737e-01 -1.983288002014160156e+01 2.746430933475494385e-01
3.671934489279633507e-01 -2.028565406799316406e+01 2.692178785800933838e-01
3.723400194453724277e-01 -2.055655288696289062e+01 2.681059539318084717e-01
3.774865899627815047e-01 -2.060488128662109375e+01 2.627223432064056396e-01
3.826331604801905817e-01 -2.070674324035644531e+01 2.573073208332061768e-01
3.877797309975996587e-01 -2.112874603271484375e+01 2.577435672283172607e-01
3.929263015150087357e-01 -2.144586563110351562e+01 2.515929937362670898e-01
3.980728720324177017e-01 -2.121053695678710938e+01 2.481393218040466309e-01
4.032194425498267787e-01 -2.136112213134765625e+01 2.450641393661499023e-01
4.083660130672358557e-01 -2.168596267700195312e+01 2.402371764183044434e-01
4.135125835846449327e-01 -2.152942466735839844e+01 2.380398362874984741e-01
4.186591541020540097e-01 -2.181017875671386719e+01 2.373173534870147705e-01
4.238057246194630867e-01 -2.178559303283691406e+01 2.333460301160812378e-01
4.289522951368720527e-01 -2.170389175415039062e+01 2.298620343208312988e-01
4.340988656542811297e-01 -2.214044380187988281e+01 2.293510735034942627e-01
4.392454361716902067e-01 -2.264811325073242188e+01 2.278289496898651123e-01
4.443920066890992837e-01 -2.217350959777832031e+01 2.244502902030944824e-01
4.495385772065083607e-01 -2.259008789062500000e+01 2.233466356992721558e-01
4.546851477239174377e-01 -2.244075775146484375e+01 2.201434820890426636e-01
4.598317182413265147e-01 -2.257950592041015625e+01 2.197456657886505127e-01
4.649782887587354807e-01 -2.257292175292968750e+01 2.198358476161956787e-01
4.701248592761445577e-01 -2.296426963806152344e+01 2.211688458919525146e-01
4.752714297935536347e-01 -2.283619689941406250e+01 2.216631323099136353e-01
4.804180003109627117e-01 -2.263121223449707031e+01 2.225353419780731201e-01
4.855645708283717887e-01 -2.304627609252929688e+01 2.216188013553619385e-01
4.907111413457808657e-01 -2.299175453186035156e+01 2.218931466341018677e-01
4.958577118631899427e-01 -2.294652557373046875e+01 2.226318418979644775e-01
5.010042823805989087e-01 -2.308744239807128906e+01 2.216124683618545532e-01
5.061508528980079857e-01 -2.267159843444824219e+01 2.210583090782165527e-01
5.112974234154170627e-01 -2.303687667846679688e+01 2.238686233758926392e-01
5.164439939328261397e-01 -2.301642417907714844e+01 2.203720211982727051e-01
5.215905644502352168e-01 -2.301047325134277344e+01 2.196419537067413330e-01
5.267371349676442938e-01 -2.299977874755859375e+01 2.198234945535659790e-01
5.318837054850533708e-01 -2.333136367797851562e+01 2.198191136121749878e-01
5.370302760024623367e-01 -2.305660247802734375e+01 2.117868214845657349e-01
5.421768465198714138e-01 -2.275511360168457031e+01 2.104871720075607300e-01
5.473234170372804908e-01 -2.300569343566894531e+01 2.089410126209259033e-01
5.524699875546895678e-01 -2.321142768859863281e+01 2.053275555372238159e-01
5.576165580720986448e-01 -2.334463119506835938e+01 2.053273022174835205e-01
5.627631285895077218e-01 -2.324539184570312500e+01 2.022323906421661377e-01
5.679096991069167988e-01 -2.313311767578125000e+01 1.999962925910949707e-01
5.730562696243258758e-01 -2.329007530212402344e+01 1.988561004400253296e-01
5.782028401417348418e-01 -2.338167190551757812e+01 1.981349289417266846e-01
5.833494106591439188e-01 -2.282909965515136719e+01 1.940025836229324341e-01
5.884959811765529958e-01 -2.342076492309570312e+01 1.951718479394912720e-01
5.936425516939620728e-01 -2.322526359558105469e+01 1.953398287296295166e-01
5.987891222113711498e-01 -2.340976715087890625e+01 1.910991519689559937e-01
6.039356927287802268e-01 -2.321800994873046875e+01 1.916157007217407227e-01
6.090822632461893038e-01 -2.308738899230957031e+01 1.905259490013122559e-01
6.142288337635982698e-01 -2.342238998413085938e+01 1.878778040409088135e-01
6.193754042810073468e-01 -2.319195556640625000e+01 1.876081526279449463e-01
6.245219747984164238e-01 -2.301334762573242188e+01 1.865952163934707642e-01
6.296685453158255008e-01 -2.323273277282714844e+01 1.856076717376708984e-01
6.348151158332345778e-01 -2.321904182434082031e+01 1.853184401988983154e-01
6.399616863506436548e-01 -2.326162338256835938e+01 1.847758442163467407e-01
6.451082568680526208e-01 -2.348654747009277344e+01 1.827877014875411987e-01
6.502548273854616978e-01 -2.384233856201171875e+01 1.824505478143692017e-01
6.554013979028707748e-01 -2.312125587463378906e+01 1.811615526676177979e-01
6.605479684202798518e-01 -2.279691505432128906e+01 1.806351840496063232e-01
6.656945389376889288e-01 -2.299577140808105469e+01 1.831647455692291260e-01
6.708411094550980058e-01 -2.359004020690917969e+01 1.853841692209243774e-01
6.759876799725070828e-01 -2.323404312133789062e+01 1.848518699407577515e-01
6.811342504899160488e-01 -2.308985137939453125e+01 1.845889240503311157e-01
6.862808210073251258e-01 -2.365158271789550781e+01 1.856903433799743652e-01
6.914273915247342028e-01 -2.336704635620117188e+01 1.808444261550903320e-01
6.965739620421432798e-01 -2.385865974426269531e+01 1.793437004089355469e-01
7.017205325595523568e-01 -2.315805244445800781e+01 1.788183599710464478e-01
7.068671030769614338e-01 -2.338726425170898438e+01 1.764464378356933594e-01
7.120136735943705109e-01 -2.305586433410644531e+01 1.745127886533737183e-01
7.171602441117794768e-01 -2.309138107299804688e+01 1.750465333461761475e-01
7.223068146291885538e-01 -2.339229774475097656e+01 1.734437495470046997e-01
7.274533851465976309e-01 -2.359150314331054688e+01 1.715982258319854736e-01
7.325999556640067079e-01 -2.338245391845703125e+01 1.718715876340866089e-01
7.377465261814157849e-01 -2.338482666015625000e+01 1.698892712593078613e-01
7.428930966988248619e-01 -2.348857879638671875e+01 1.688731312751770020e-01
7.480396672162339389e-01 -2.330190658569335938e+01 1.684693694114685059e-01
7.531862377336429049e-01 -2.348710632324218750e+01 1.667823642492294312e-01
7.583328082510519819e-01 -2.342280197143554688e+01 1.670034229755401611e-01
7.634793787684610589e-01 -2.315959930419921875e+01 1.674560904502868652e-01
7.686259492858701359e-01 -2.362897682189941406e+01 1.662178635597229004e-01
7.737725198032792129e-01 -2.348196029663085938e+01 1.647908687591552734e-01
7.789190903206882899e-01 -2.343745613098144531e+01 1.657442897558212280e-01
7.840656608380972559e-01 -2.377007865905761719e+01 1.636463999748229980e-01
7.892122313555063329e-01 -2.347916030883789062e+01 1.627280116081237793e-01
7.943588018729154099e-01 -2.328566741943359375e+01 1.631415039300918579e-01
7.995053723903244869e-01 -2.377314758300781250e+01 1.622722595930099487e-01
8.046519429077335639e-01 -2.331983184814453125e+01 1.614911854267120361e-01
8.097985134251426409e-01 -2.330720138549804688e+01 1.612697839736938477e-01
8.149450839425517179e-01 -2.344309616088867188e+01 1.592493206262588501e-01
8.200916544599606839e-01 -2.339252471923828125e+01 1.592560708522796631e-01
8.252382249773697609e-01 -2.343048667907714844e+01 1.596426069736480713e-01
8.303847954947788379e-01 -2.370827293395996094e+01 1.571647971868515015e-01
8.355313660121879149e-01 -2.335259437561035156e+01 1.567974835634231567e-01
8.406779365295969919e-01 -2.335775184631347656e+01 1.567817777395248413e-01
8.458245070470060689e-01 -2.352369308471679688e+01 1.563629657030105591e-01
8.509710775644151459e-01 -2.345956611633300781e+01 1.558552086353302002e-01
8.561176480818241119e-01 -2.312742233276367188e+01 1.555485427379608154e-01
8.612642185992331889e-01 -2.333573341369628906e+01 1.549030095338821411e-01
8.664107891166422659e-01 -2.347148513793945312e+01 1.543652862310409546e-01
8.715573596340513429e-01 -2.323668670654296875e+01 1.548716574907302856e-01
8.767039301514604199e-01 -2.322966766357421875e+01 1.532388627529144287e-01
8.818505006688694969e-01 -2.312522506713867188e+01 1.527804732322692871e-01
8.869970711862785739e-01 -2.339753341674804688e+01 1.521563827991485596e-01
8.921436417036875399e-01 -2.342268371582031250e+01 1.532121151685714722e-01
8.972902122210966169e-01 -2.345003700256347656e+01 1.508034765720367432e-01
9.024367827385056939e-01 -2.371446228027343750e+01 1.520602852106094360e-01
9.075833532559147709e-01 -2.334656524658203125e+01 1.510657519102096558e-01
9.127299237733238479e-01 -2.332112503051757812e+01 1.494770348072052002e-01
9.178764942907329250e-01 -2.339121627807617188e+01 1.502653956413269043e-01
9.230230648081418909e-01 -2.349542617797851562e+01 1.531871408224105835e-01
9.281696353255509679e-01 -2.344436264038085938e+01 1.512401551008224487e-01
9.333162058429600449e-01 -2.351343917846679688e+01 1.528709679841995239e-01
9.384627763603691220e-01 -2.317627525329589844e+01 1.527432948350906372e-01
9.436093468777781990e-01 -2.361210823059082031e+01 1.518769711256027222e-01
9.487559173951872760e-01 -2.323466682434082031e+01 1.525063812732696533e-01
9.539024879125963530e-01 -2.340942573547363281e+01 1.533408015966415405e-01
9.590490584300053190e-01 -2.334487533569335938e+01 1.516669094562530518e-01
9.641956289474143960e-01 -2.352189636230468750e+01 1.526275724172592163e-01
9.693421994648234730e-01 -2.346743011474609375e+01 1.530250757932662964e-01
9.744887699822325500e-01 -2.322520065307617188e+01 1.515167504549026489e-01
9.796353404996416270e-01 -2.346336746215820312e+01 1.520591676235198975e-01
9.847819110170507040e-01 -2.339939880371093750e+01 1.522215306758880615e-01
9.899284815344597810e-01 -2.347368431091308594e+01 1.519669443368911743e-01
9.950750520518687470e-01 -2.353113746643066406e+01 1.523720920085906982e-01
1.000221622569277713e+00 -2.328376960754394531e+01 1.522825807332992554e-01
1.005368193086686901e+00 -2.342280578613281250e+01 1.522028595209121704e-01
1.010514763604095867e+00 -2.327404594421386719e+01 1.536542922258377075e-01
1.015661334121505055e+00 -2.316524696350097656e+01 1.549749672412872314e-01
1.020807904638914021e+00 -2.349604606628417969e+01 1.547306180000305176e-01
1.025954475156323209e+00 -2.345559883117675781e+01 1.551970392465591431e-01
1.031101045673732175e+00 -2.319359970092773438e+01 1.553137451410293579e-01
1.036247616191141141e+00 -2.347133445739746094e+01 1.559670716524124146e-01
1.041394186708550329e+00 -2.340109252929687500e+01 1.558509916067123413e-01
1.046540757225959295e+00 -2.346617317199707031e+01 1.560107916593551636e-01
1.051687327743368483e+00 -2.335526657104492188e+01 1.550746262073516846e-01
1.056833898260777449e+00 -2.369721794128417969e+01 1.554417759180068970e-01
1.061980468778186637e+00 -2.349000549316406250e+01 1.557399928569793701e-01
1.067127039295595603e+00 -2.358142280578613281e+01 1.554122716188430786e-01
1.072273609813004791e+00 -2.344019889831542969e+01 1.539619415998458862e-01
1.077420180330413757e+00 -2.348697853088378906e+01 1.548834741115570068e-01
1.082566750847822723e+00 -2.340758705139160156e+01 1.541036516427993774e-01
1.087713321365231911e+00 -2.333476448059082031e+01 1.536707580089569092e-01
1.092859891882640877e+00 -2.332517242431640625e+01 1.542811393737792969e-01
1.098006462400050065e+00 -2.304494667053222656e+01 1.531493216753005981e-01
1.103153032917459031e+00 -2.334538841247558594e+01 1.533260941505432129e-01
1.108299603434868219e+00 -2.315026283264160156e+01 1.539224684238433838e-01
1.113446173952277185e+00 -2.325957489013671875e+01 1.552101969718933105e-01
1.118592744469686151e+00 -2.311921882629394531e+01 1.554885655641555786e-01
1.123739314987095339e+00 -2.336285591125488281e+01 1.568041890859603882e-01
1.128885885504504305e+00 -2.312719917297363281e+01 1.559242159128189087e-01
1.134032456021913493e+00 -2.333975601196289062e+01 1.557241678237915039e-01
1.139179026539322459e+00 -2.338903617858886719e+01 1.563481241464614868e-01
1.144325597056731647e+00 -2.338153076171875000e+01 1.557612121105194092e-01
1.149472167574140613e+00 -2.316692161560058594e+01 1.567415744066238403e-01
1.154618738091549579e+00 -2.334664726257324219e+01 1.560938805341720581e-01
1.159765308608958767e+00 -2.327438354492187500e+01 1.562418490648269653e-01
1.164911879126367733e+00 -2.354242515563964844e+01 1.556278467178344727e-01
1.170058449643776921e+00 -2.311554527282714844e+01 1.557558923959732056e-01
1.175205020161185887e+00 -2.324360847473144531e+01 1.547623723745346069e-01
1.180351590678595075e+00 -2.281734466552734375e+01 1.527985781431198120e-01
1.185498161196004041e+00 -2.300305747985839844e+01 1.530930250883102417e-01
1.190644731713413007e+00 -2.295360183715820312e+01 1.521204411983489990e-01
1.195791302230822195e+00 -2.294102668762207031e+01 1.513218134641647339e-01
1.200937872748231161e+00 -2.308708572387695312e+01 1.514142602682113647e-01
1.206084443265640349e+00 -2.302074813842773438e+01 1.503600329160690308e-01
1.211231013783049315e+00 -2.267300605773925781e+01 1.491218358278274536e-01
1.216377584300458503e+00 -2.259040451049804688e+01 1.495900303125381470e-01
1.221524154817867469e+00 -2.313307952880859375e+01 1.491401046514511108e-01
1.226670725335276435e+00 -2.247793769836425781e+01 1.492602378129959106e-01
1.231817295852685623e+00 -2.311823463439941406e+01 1.529144644737243652e-01
1.236963866370094589e+00 -2.335771942138671875e+01 1.521495282649993896e-01
1.242110436887503777e+00 -2.314905929565429688e+01 1.520360410213470459e-01
1.247257007404912743e+00 -2.319003486633300781e+01 1.529708206653594971e-01
1.252403577922321709e+00 -2.340715408325195312e+01 1.527274549007415771e-01
1.257550148439730897e+00 -2.316202354431152344e+01 1.529223024845123291e-01
1.262696718957139863e+00 -2.314422988891601562e+01 1.526600271463394165e-01
1.267843289474549051e+00 -2.306751823425292969e+01 1.529674381017684937e-01
1.272989859991958017e+00 -2.330655288696289062e+01 1.529372334480285645e-01
1.278136430509367205e+00 -2.355857658386230469e+01 1.548501998186111450e-01
1.283283001026776171e+00 -2.316012191772460938e+01 1.523447334766387939e-01
1.288429571544185137e+00 -2.311296463012695312e+01 1.538894027471542358e-01
1.293576142061594325e+00 -2.329759407043457031e+01 1.569232642650604248e-01
1.298722712579003291e+00 -2.324534034729003906e+01 1.574167311191558838e-01
1.303869283096412479e+00 -2.301175117492675781e+01 1.588164865970611572e-01
1.309015853613821445e+00 -2.303950309753417969e+01 1.601719111204147339e-01
1.314162424131230633e+00 -2.311696815490722656e+01 1.599485129117965698e-01
1.319308994648639599e+00 -2.306806182861328125e+01 1.615141183137893677e-01
1.324455565166048565e+00 -2.345486068725585938e+01 1.619982570409774780e-01
1.329602135683457753e+00 -2.313027191162109375e+01 1.610241383314132690e-01
1.334748706200866719e+00 -2.337212944030761719e+01 1.629800796508789062e-01
1.339895276718275907e+00 -2.325399780273437500e+01 1.625283509492874146e-01
1.345041847235684873e+00 -2.324292945861816406e+01 1.628952473402023315e-01
1.350188417753094061e+00 -2.329619216918945312e+01 1.636452078819274902e-01
1.355334988270503027e+00 -2.308979988098144531e+01 1.631975322961807251e-01
1.360481558787911993e+00 -2.326005744934082031e+01 1.610691249370574951e-01
1.365628129305321181e+00 -2.321319007873535156e+01 1.590163409709930420e-01
1.370774699822730147e+00 -2.299821662902832031e+01 1.591069251298904419e-01
1.375921270340139335e+00 -2.292199897766113281e+01 1.577553004026412964e-01
1.381067840857548301e+00 -2.291683197021484375e+01 1.569627821445465088e-01
1.386214411374957489e+00 -2.312389373779296875e+01 1.583343446254730225e-01
1.391360981892366455e+00 -2.313531684875488281e+01 1.554762721061706543e-01
1.396507552409775421e+00 -2.307915496826171875e+01 1.562965661287307739e-01
1.401654122927184609e+00 -2.321004676818847656e+01 1.562054157257080078e-01
1.406800693444593575e+00 -2.313137435913085938e+01 1.567717939615249634e-01
1.411947263962002763e+00 -2.325876045227050781e+01 1.547419130802154541e-01
1.417093834479411729e+00 -2.339531517028808594e+01 1.561367511749267578e-01
1.422240404996820917e+00 -2.309714508056640625e+01 1.544784754514694214e-01
1.427386975514229883e+00 -2.305750465393066406e+01 1.539769470691680908e-01
1.432533546031638849e+00 -2.304512405395507812e+01 1.543805450201034546e-01
1.437680116549048037e+00 -2.270878982543945312e+01 1.536919325590133667e-01
1.442826687066457003e+00 -2.329866409301757812e+01 1.531592011451721191e-01
1.447973257583866191e+00 -2.329488754272460938e+01 1.548853516578674316e-01
1.453119828101275157e+00 -2.328191375732421875e+01 1.533438563346862793e-01
1.458266398618684345e+00 -2.304906463623046875e+01 1.518432199954986572e-01
1.463412969136093311e+00 -2.324127388000488281e+01 1.530467867851257324e-01
1.468559539653502277e+00 -2.318040847778320312e+01 1.519346982240676880e-01
1.473706110170911465e+00 -2.323601150512695312e+01 1.516606658697128296e-01
1.478852680688320431e+00 -2.305708694458007812e+01 1.523688584566116333e-01
1.483999251205729619e+00 -2.326996421813964844e+01 1.521246433258056641e-01
1.489145821723138585e+00 -2.318759918212890625e+01 1.514332592487335205e-01
1.494292392240547551e+00 -2.310287475585937500e+01 1.519417315721511841e-01
1.499438962757956739e+00 -2.300625610351562500e+01 1.509557813405990601e-01
1.504585533275365705e+00 -2.304727935791015625e+01 1.503752022981643677e-01
1.509732103792774893e+00 -2.297929191589355469e+01 1.515623778104782104e-01
1.514878674310183859e+00 -2.325454139709472656e+01 1.503835320472717285e-01
1.520025244827593047e+00 -2.299320411682128906e+01 1.500963568687438965e-01
1.525171815345002013e+00 -2.319677543640136719e+01 1.513852477073669434e-01
1.530318385862410979e+00 -2.306218147277832031e+01 1.502341032028198242e-01
1.535464956379820167e+00 -2.314119529724121094e+01 1.512596458196640015e-01
1.540611526897229133e+00 -2.298911476135253906e+01 1.501115560531616211e-01
1.545758097414638321e+00 -2.303732299804687500e+01 1.497733145952224731e-01
1.550904667932047287e+00 -2.319490623474121094e+01 1.500070691108703613e-01
1.556051238449456475e+00 -2.298040771484375000e+01 1.495218873023986816e-01
1.561197808966865441e+00 -2.301976394653320312e+01 1.496437340974807739e-01
1.566344379484274407e+00 -2.308581924438476562e+01 1.492272615432739258e-01
1.571490950001683595e+00 -2.300633811950683594e+01 1.494544893503189087e-01
1.576637520519092561e+00 -2.289989089965820312e+01 1.497835963964462280e-01
1.581784091036501749e+00 -2.295492553710937500e+01 1.482629030942916870e-01
1.586930661553910715e+00 -2.304766082763671875e+01 1.486510336399078369e-01
1.592077232071319903e+00 -2.312733459472656250e+01 1.491317898035049438e-01
1.597223802588728869e+00 -2.305392265319824219e+01 1.480813622474670410e-01
1.602370373106137835e+00 -2.280650138854980469e+01 1.481012105941772461e-01
1.607516943623547023e+00 -2.315812301635742188e+01 1.489919871091842651e-01
1.612663514140955989e+00 -2.300185203552246094e+01 1.479398459196090698e-01
1.617810084658365177e+00 -2.279243850708007812e+01 1.477563530206680298e-01
1.622956655175774143e+00 -2.316094779968261719e+01 1.476617008447647095e-01
1.628103225693183331e+00 -2.294787406921386719e+01 1.466485410928726196e-01
1.633249796210592297e+00 -2.289289283752441406e+01 1.475340425968170166e-01
1.638396366728001263e+00 -2.317075347900390625e+01 1.477648466825485229e-01
1.643542937245410451e+00 -2.290087127685546875e+01 1.466604322195053101e-01
1.648689507762819417e+00 -2.301039695739746094e+01 1.467845290899276733e-01
1.653836078280228605e+00 -2.314138031005859375e+01 1.477238088846206665e-01
1.658982648797637571e+00 -2.284936714172363281e+01 1.458710730075836182e-01
1.664129219315046759e+00 -2.281217193603515625e+01 1.474882811307907104e-01
1.669275789832455725e+00 -2.295364952087402344e+01 1.471281945705413818e-01
1.674422360349864691e+00 -2.272281646728515625e+01 1.455416977405548096e-01
1.679568930867273879e+00 -2.310497856140136719e+01 1.466796249151229858e-01
1.684715501384682845e+00 -2.299274826049804688e+01 1.471863687038421631e-01
1.689862071902092033e+00 -2.298663520812988281e+01 1.452162712812423706e-01
1.695008642419500999e+00 -2.294803237915039062e+01 1.456684470176696777e-01
1.700155212936910187e+00 -2.286201095581054688e+01 1.464605331420898438e-01
1.705301783454319153e+00 -2.289578628540039062e+01 1.453912705183029175e-01
1.710448353971728119e+00 -2.308256530761718750e+01 1.460848003625869751e-01
1.715594924489137307e+00 -2.276967620849609375e+01 1.455347836017608643e-01
1.720741495006546273e+00 -2.289457511901855469e+01 1.443716287612915039e-01
1.725888065523955461e+00 -2.295004653930664062e+01 1.454699188470840454e-01
1.731034636041364427e+00 -2.293902778625488281e+01 1.452914476394653320e-01
1.736181206558773615e+00 -2.315379333496093750e+01 1.443722546100616455e-01
1.741327777076182581e+00 -2.303173255920410156e+01 1.443398594856262207e-01
1.746474347593591547e+00 -2.259068107604980469e+01 1.448012143373489380e-01
1.751620918111000735e+00 -2.295992279052734375e+01 1.442783623933792114e-01
1.756767488628409701e+00 -2.302064895629882812e+01 1.430125534534454346e-01
1.761914059145818889e+00 -2.309160995483398438e+01 1.438945084810256958e-01
1.767060629663227855e+00 -2.284694480895996094e+01 1.421485245227813721e-01
1.772207200180636821e+00 -2.283072471618652344e+01 1.427194476127624512e-01
1.777353770698046009e+00 -2.271604347229003906e+01 1.434924602508544922e-01
1.782500341215454975e+00 -2.272477531433105469e+01 1.426795274019241333e-01
1.787646911732864163e+00 -2.286824226379394531e+01 1.422165334224700928e-01
1.792793482250273129e+00 -2.283925628662109375e+01 1.436307579278945923e-01
1.797940052767682317e+00 -2.273271751403808594e+01 1.421649008989334106e-01
1.803086623285091283e+00 -2.300031852722167969e+01 1.425475180149078369e-01
1.808233193802500249e+00 -2.290377616882324219e+01 1.423584520816802979e-01
1.813379764319909437e+00 -2.295530700683593750e+01 1.420720815658569336e-01
1.818526334837318403e+00 -2.280038070678710938e+01 1.407463103532791138e-01
1.823672905354727591e+00 -2.275083732604980469e+01 1.425846666097640991e-01
1.828819475872136557e+00 -2.292177391052246094e+01 1.416751295328140259e-01
1.833966046389545745e+00 -2.315761375427246094e+01 1.417087167501449585e-01
1.839112616906954711e+00 -2.275110435485839844e+01 1.419832706451416016e-01
1.844259187424363677e+00 -2.278870964050292969e+01 1.415425240993499756e-01
1.849405757941772865e+00 -2.281341743469238281e+01 1.400943398475646973e-01
1.854552328459181831e+00 -2.272144699096679688e+01 1.416052281856536865e-01
1.859698898976591019e+00 -2.289846611022949219e+01 1.417297422885894775e-01
1.864845469493999985e+00 -2.295767021179199219e+01 1.411636918783187866e-01
1.869992040011409173e+00 -2.289187622070312500e+01 1.417874246835708618e-01
1.875138610528818139e+00 -2.293319511413574219e+01 1.412435621023178101e-01
1.880285181046227105e+00 -2.259332275390625000e+01 1.408885419368743896e-01
1.885431751563636293e+00 -2.295615959167480469e+01 1.417028307914733887e-01
1.890578322081045259e+00 -2.263713645935058594e+01 1.406888663768768311e-01
1.895724892598454447e+00 -2.298405838012695312e+01 1.404004395008087158e-01
1.900871463115863413e+00 -2.274075889587402344e+01 1.416914761066436768e-01
1.906018033633272601e+00 -2.278774452209472656e+01 1.407593488693237305e-01
1.911164604150681567e+00 -2.287783241271972656e+01 1.406193077564239502e-01
1.916311174668090533e+00 -2.276722908020019531e+01 1.412528008222579956e-01
1.921457745185499721e+00 -2.258766365051269531e+01 1.408928185701370239e-01
1.926604315702908687e+00 -2.269098281860351562e+01 1.403679847717285156e-01
1.931750886220317875e+00 -2.244084739685058594e+01 1.410271078348159790e-01
1.936897456737726841e+00 -2.285459899902343750e+01 1.404457092285156250e-01
1.942044027255136029e+00 -2.280417633056640625e+01 1.398559212684631348e-01
1.947190597772544995e+00 -2.285627174377441406e+01 1.412197053432464600e-01
1.952337168289953961e+00 -2.272072792053222656e+01 1.400248706340789795e-01
1.957483738807363149e+00 -2.302497291564941406e+01 1.401497721672058105e-01
1.962630309324772115e+00 -2.261254501342773438e+01 1.411833316087722778e-01
1.967776879842181303e+00 -2.285309410095214844e+01 1.407791376113891602e-01
1.972923450359590269e+00 -2.276538276672363281e+01 1.398004591464996338e-01
1.978070020876999457e+00 -2.285791015625000000e+01 1.404432505369186401e-01
1.983216591394408423e+00 -2.286747360229492188e+01 1.397072225809097290e-01
1.988363161911817389e+00 -2.250591278076171875e+01 1.392329782247543335e-01
1.993509732429226577e+00 -2.282789802551269531e+01 1.399823129177093506e-01
1.998656302946635543e+00 -2.270720863342285156e+01 1.399852633476257324e-01
2.003802873464044509e+00 -2.278409767150878906e+01 1.398829072713851929e-01
2.008949443981453697e+00 -2.291180801391601562e+01 1.404688805341720581e-01
2.014096014498862885e+00 -2.252430343627929688e+01 1.394780576229095459e-01
2.019242585016271629e+00 -2.267534828186035156e+01 1.392264515161514282e-01
2.024389155533680817e+00 -2.270532417297363281e+01 1.392611712217330933e-01
2.029535726051090005e+00 -2.253655052185058594e+01 1.393191665410995483e-01
2.034682296568498749e+00 -2.257384681701660156e+01 1.388899087905883789e-01
2.039828867085907937e+00 -2.261828231811523438e+01 1.396192014217376709e-01
2.044975437603317125e+00 -2.259247016906738281e+01 1.389223337173461914e-01
2.050122008120726314e+00 -2.236538505554199219e+01 1.390184909105300903e-01
2.055268578638135057e+00 -2.261063766479492188e+01 1.393276304006576538e-01
2.060415149155544245e+00 -2.301587486267089844e+01 1.396939754486083984e-01
2.065561719672953434e+00 -2.254675483703613281e+01 1.383715867996215820e-01
2.070708290190362622e+00 -2.268945503234863281e+01 1.389242559671401978e-01
2.075854860707771365e+00 -2.247542762756347656e+01 1.384000927209854126e-01
2.081001431225180553e+00 -2.288870811462402344e+01 1.389216631650924683e-01
2.086148001742589742e+00 -2.258658981323242188e+01 1.392720937728881836e-01
2.091294572259998485e+00 -2.279538154602050781e+01 1.388961374759674072e-01
2.096441142777407673e+00 -2.276346778869628906e+01 1.388974934816360474e-01
2.101587713294816862e+00 -2.269797897338867188e+01 1.381184905767440796e-01
2.106734283812226050e+00 -2.252742958068847656e+01 1.383804082870483398e-01
2.111880854329634793e+00 -2.263974761962890625e+01 1.409685015678405762e-01
2.117027424847043982e+00 -2.271086311340332031e+01 1.432024687528610229e-01
2.122173995364453170e+00 -2.271505928039550781e+01 1.438108682632446289e-01
2.127320565881861913e+00 -2.272062683105468750e+01 1.449841856956481934e-01
2.132467136399271102e+00 -2.290057754516601562e+01 1.466165632009506226e-01
2.137613706916680290e+00 -2.221349716186523438e+01 1.463837772607803345e-01
2.142760277434089478e+00 -2.271038246154785156e+01 1.473141014575958252e-01
2.147906847951498222e+00 -2.278104209899902344e+01 1.477755159139633179e-01
2.153053418468907410e+00 -2.266180801391601562e+01 1.488909423351287842e-01
2.158199988986316598e+00 -2.267465400695800781e+01 1.489414870738983154e-01
2.163346559503725342e+00 -2.256144523620605469e+01 1.507302224636077881e-01
2.168493130021134530e+00 -2.257974433898925781e+01 1.503350883722305298e-01
2.173639700538543718e+00 -2.249535942077636719e+01 1.495677381753921509e-01
2.178786271055952906e+00 -2.247243881225585938e+01 1.478436738252639771e-01
2.183932841573361650e+00 -2.259340858459472656e+01 1.471410840749740601e-01
2.189079412090770838e+00 -2.236326789855957031e+01 1.453319489955902100e-01
2.194225982608180026e+00 -2.243224334716796875e+01 1.441832333803176880e-01
2.199372553125588770e+00 -2.238932418823242188e+01 1.438178420066833496e-01
2.204519123642997958e+00 -2.249781799316406250e+01 1.434092968702316284e-01
2.209665694160407146e+00 -2.247121047973632812e+01 1.437138766050338745e-01
2.214812264677816334e+00 -2.253725814819335938e+01 1.434156894683837891e-01
2.219958835195225078e+00 -2.256088829040527344e+01 1.416461020708084106e-01
2.225105405712634266e+00 -2.253329277038574219e+01 1.423968374729156494e-01
2.230251976230043454e+00 -2.255329132080078125e+01 1.426962763071060181e-01
2.235398546747452198e+00 -2.244905471801757812e+01 1.409588903188705444e-01
2.240545117264861386e+00 -2.210525131225585938e+01 1.409629136323928833e-01
2.245691687782270574e+00 -2.257355880737304688e+01 1.416834145784378052e-01
2.250838258299679762e+00 -2.253417587280273438e+01 1.404477357864379883e-01
2.255984828817088506e+00 -2.258978271484375000e+01 1.408657431602478027e-01
2.261131399334497694e+00 -2.257756614685058594e+01 1.412514150142669678e-01
2.266277969851906882e+00 -2.269332695007324219e+01 1.404078155755996704e-01
2.271424540369315626e+00 -2.251688003540039062e+01 1.408771127462387085e-01
2.276571110886724814e+00 -2.249809837341308594e+01 1.406277865171432495e-01
2.281717681404134002e+00 -2.249149322509765625e+01 1.396976262331008911e-01
2.286864251921543190e+00 -2.254933929443359375e+01 1.402968019247055054e-01
2.292010822438951934e+00 -2.249859237670898438e+01 1.405404508113861084e-01
2.297157392956361122e+00 -2.234036636352539062e+01 1.386763602495193481e-01
2.302303963473770310e+00 -2.265392684936523438e+01 1.398426145315170288e-01
2.307450533991179054e+00 -2.266591262817382812e+01 1.407863944768905640e-01
2.312597104508588242e+00 -2.251521682739257812e+01 1.391539424657821655e-01
2.317743675025997430e+00 -2.243339347839355469e+01 1.388570666313171387e-01
2.322890245543406618e+00 -2.261631011962890625e+01 1.400947421789169312e-01
2.328036816060815362e+00 -2.254651641845703125e+01 1.386325955390930176e-01
2.333183386578224550e+00 -2.242984771728515625e+01 1.389278918504714966e-01
2.338329957095633738e+00 -2.270961952209472656e+01 1.398683190345764160e-01
2.343476527613042482e+00 -2.250575065612792969e+01 1.386308073997497559e-01
2.348623098130451670e+00 -2.255239486694335938e+01 1.382376253604888916e-01
2.353769668647860858e+00 -2.229097175598144531e+01 1.389655172824859619e-01
2.358916239165270046e+00 -2.248860168457031250e+01 1.385920196771621704e-01
2.364062809682678790e+00 -2.220478248596191406e+01 1.378326714038848877e-01
2.369209380200087978e+00 -2.213297843933105469e+01 1.382215172052383423e-01
2.374355950717497166e+00 -2.228253555297851562e+01 1.382261067628860474e-01
2.379502521234905910e+00 -2.236955070495605469e+01 1.371061056852340698e-01
2.384649091752315098e+00 -2.238212966918945312e+01 1.388560682535171509e-01
2.389795662269724286e+00 -2.237488555908203125e+01 1.374153792858123779e-01
2.394942232787133474e+00 -2.203361320495605469e+01 1.369229853153228760e-01
2.400088803304542218e+00 -2.265517807006835938e+01 1.385578215122222900e-01
2.405235373821951406e+00 -2.213577651977539062e+01 1.374387890100479126e-01
2.410381944339360594e+00 -2.246878814697265625e+01 1.369370073080062866e-01
2.415528514856769338e+00 -2.231883811950683594e+01 1.375179141759872437e-01
2.420675085374178526e+00 -2.239068603515625000e+01 1.370594352483749390e-01
2.425821655891587714e+00 -2.205460548400878906e+01 1.365287303924560547e-01
2.430968226408996458e+00 -2.245173072814941406e+01 1.376228332519531250e-01
2.436114796926405646e+00 -2.227659416198730469e+01 1.370914876461029053e-01
2.441261367443814834e+00 -2.214703750610351562e+01 1.358473449945449829e-01
2.446407937961224022e+00 -2.211089324951171875e+01 1.367949992418289185e-01
2.451554508478632766e+00 -2.229229927062988281e+01 1.360712945461273193e-01
2.456701078996041954e+00 -2.224537467956542969e+01 1.355648934841156006e-01
2.461847649513451142e+00 -2.245166206359863281e+01 1.368600875139236450e-01
2.466994220030859886e+00 -2.217308998107910156e+01 1.355203688144683838e-01
2.472140790548269074e+00 -2.223950195312500000e+01 1.352590620517730713e-01
2.477287361065678262e+00 -2.241446685791015625e+01 1.359572708606719971e-01
2.482433931583087450e+00 -2.231687545776367188e+01 1.350175887346267700e-01
2.487580502100496194e+00 -2.207002258300781250e+01 1.341327875852584839e-01
2.492727072617905382e+00 -2.245337486267089844e+01 1.360955685377120972e-01
2.497873643135314570e+00 -2.223671722412109375e+01 1.342646032571792603e-01
2.503020213652723314e+00 -2.236698722839355469e+01 1.342844516038894653e-01
2.508166784170132502e+00 -2.238361930847167969e+01 1.343085020780563354e-01
2.513313354687541690e+00 -2.235616683959960938e+01 1.348408013582229614e-01
2.518459925204950878e+00 -2.240526962280273438e+01 1.336086541414260864e-01
2.523606495722359622e+00 -2.222037124633789062e+01 1.349499076604843140e-01
2.528753066239768810e+00 -2.221519088745117188e+01 1.334550529718399048e-01
2.533899636757177998e+00 -2.206763076782226562e+01 1.338057816028594971e-01
2.539046207274586742e+00 -2.204585075378417969e+01 1.341885626316070557e-01
2.544192777791995930e+00 -2.211835670471191406e+01 1.338035017251968384e-01
2.549339348309405118e+00 -2.223497390747070312e+01 1.331870555877685547e-01
2.554485918826814306e+00 -2.237779617309570312e+01 1.344429701566696167e-01
2.559632489344223050e+00 -2.221397209167480469e+01 1.333413124084472656e-01
2.564779059861632238e+00 -2.233508872985839844e+01 1.329342573881149292e-01
2.569925630379041426e+00 -2.228567314147949219e+01 1.341726332902908325e-01
2.575072200896450170e+00 -2.216692161560058594e+01 1.364591866731643677e-01
2.580218771413859358e+00 -2.206056594848632812e+01 1.369748711585998535e-01
2.585365341931268546e+00 -2.215529823303222656e+01 1.390343904495239258e-01
2.590511912448677734e+00 -2.194929122924804688e+01 1.398243904113769531e-01
2.595658482966086478e+00 -2.209442138671875000e+01 1.392926424741744995e-01
2.600805053483495666e+00 -2.210660171508789062e+01 1.383635401725769043e-01
2.605951624000904854e+00 -2.216162109375000000e+01 1.367679685354232788e-01
2.611098194518313598e+00 -2.237569618225097656e+01 1.359951347112655640e-01
2.616244765035722786e+00 -2.227832603454589844e+01 1.368191093206405640e-01
2.621391335553131974e+00 -2.206794548034667969e+01 1.357399076223373413e-01
2.626537906070541162e+00 -2.229442977905273438e+01 1.347299814224243164e-01
2.631684476587949906e+00 -2.239278793334960938e+01 1.352985650300979614e-01
2.636831047105359094e+00 -2.219794845581054688e+01 1.346096992492675781e-01
2.641977617622768282e+00 -2.234090995788574219e+01 1.340098232030868530e-01
2.647124188140177026e+00 -2.222180747985839844e+01 1.356051862239837646e-01
2.652270758657586214e+00 -2.201437759399414062e+01 1.345472782850265503e-01
2.657417329174995402e+00 -2.223893165588378906e+01 1.345401257276535034e-01
2.662563899692404590e+00 -2.237841606140136719e+01 1.352569609880447388e-01
2.667710470209813334e+00 -2.225120544433593750e+01 1.350040733814239502e-01
2.672857040727222522e+00 -2.197984695434570312e+01 1.338276267051696777e-01
2.678003611244631710e+00 -2.213846778869628906e+01 1.341712772846221924e-01
2.683150181762040454e+00 -2.238819122314453125e+01 1.342988759279251099e-01
2.688296752279449642e+00 -2.185049438476562500e+01 1.331895589828491211e-01
2.693443322796858830e+00 -2.211970710754394531e+01 1.344207078218460083e-01
2.698589893314268018e+00 -2.233049392700195312e+01 1.338901519775390625e-01
2.703736463831676762e+00 -2.215631675720214844e+01 1.333516389131546021e-01
2.708883034349085950e+00 -2.213363456726074219e+01 1.339212357997894287e-01
2.714029604866495138e+00 -2.226296424865722656e+01 1.333486139774322510e-01
2.719176175383903882e+00 -2.228244400024414062e+01 1.326338499784469604e-01
2.724322745901313070e+00 -2.199804306030273438e+01 1.333839297294616699e-01
2.729469316418722258e+00 -2.217748260498046875e+01 1.331593245267868042e-01
2.734615886936131446e+00 -2.204864120483398438e+01 1.327839344739913940e-01
2.739762457453540190e+00 -2.189960479736328125e+01 1.330598145723342896e-01
2.744909027970949378e+00 -2.208166122436523438e+01 1.332487016916275024e-01
2.750055598488358566e+00 -2.239499473571777344e+01 1.321492642164230347e-01
2.755202169005767310e+00 -2.207199287414550781e+01 1.333102136850357056e-01
2.760348739523176498e+00 -2.216924858093261719e+01 1.322056651115417480e-01
2.765495310040585686e+00 -2.212614250183105469e+01 1.321391463279724121e-01
2.770641880557994874e+00 -2.209916877746582031e+01 1.323858499526977539e-01
2.775788451075403618e+00 -2.220467185974121094e+01 1.328227669000625610e-01
2.780935021592812806e+00 -2.213334846496582031e+01 1.317720562219619751e-01
2.786081592110221994e+00 -2.206949615478515625e+01 1.326741725206375122e-01
2.791228162627630738e+00 -2.224439811706542969e+01 1.324157565832138062e-01
2.796374733145039926e+00 -2.197780036926269531e+01 1.321077495813369751e-01
2.801521303662449114e+00 -2.190058517456054688e+01 1.317265927791595459e-01
2.806667874179858302e+00 -2.204933929443359375e+01 1.316675096750259399e-01
2.811814444697267046e+00 -2.218468475341796875e+01 1.312960535287857056e-01
2.816961015214676234e+00 -2.211888122558593750e+01 1.337187141180038452e-01
2.822107585732085422e+00 -2.217604827880859375e+01 1.346070319414138794e-01
2.827254156249494166e+00 -2.212739944458007812e+01 1.351691782474517822e-01
2.832400726766903354e+00 -2.201349258422851562e+01 1.355871409177780151e-01
2.837547297284312542e+00 -2.212666130065917969e+01 1.362711787223815918e-01
2.842693867801721730e+00 -2.228990554809570312e+01 1.359493881464004517e-01
2.847840438319130474e+00 -2.209344863891601562e+01 1.358094364404678345e-01
2.852987008836539662e+00 -2.191555404663085938e+01 1.356851607561111450e-01
2.858133579353948850e+00 -2.211894798278808594e+01 1.351724416017532349e-01
2.863280149871357594e+00 -2.174688529968261719e+01 1.353102326393127441e-01
2.868426720388766782e+00 -2.212658500671386719e+01 1.355092674493789673e-01
2.873573290906175970e+00 -2.207483673095703125e+01 1.352033615112304688e-01
2.878719861423585158e+00 -2.182776069641113281e+01 1.354860961437225342e-01
2.883866431940993902e+00 -2.212042045593261719e+01 1.352821141481399536e-01
2.889013002458403090e+00 -2.207872200012207031e+01 1.344627887010574341e-01
2.894159572975812278e+00 -2.211609268188476562e+01 1.345653384923934937e-01
2.899306143493221022e+00 -2.235316276550292969e+01 1.347409933805465698e-01
2.904452714010630210e+00 -2.214615440368652344e+01 1.336414963006973267e-01
2.909599284528039398e+00 -2.216987609863281250e+01 1.346971690654754639e-01
2.914745855045448586e+00 -2.185285186767578125e+01 1.348513513803482056e-01
2.919892425562857330e+00 -2.190804100036621094e+01 1.339973509311676025e-01
2.925038996080266518e+00 -2.231070899963378906e+01 1.352196633815765381e-01
2.930185566597675706e+00 -2.212591934204101562e+01 1.370765119791030884e-01
2.935332137115084450e+00 -2.206855964660644531e+01 1.386975944042205811e-01
2.940478707632493638e+00 -2.208934974670410156e+01 1.409747898578643799e-01
2.945625278149902826e+00 -2.194834518432617188e+01 1.420896202325820923e-01
2.950771848667311570e+00 -2.205358314514160156e+01 1.427395045757293701e-01
2.955918419184720758e+00 -2.217121696472167969e+01 1.440461724996566772e-01
2.961064989702129946e+00 -2.225327491760253906e+01 1.446416676044464111e-01
2.966211560219539134e+00 -2.204420089721679688e+01 1.453785896301269531e-01
2.971358130736947878e+00 -2.189143943786621094e+01 1.464842259883880615e-01
2.976504701254357066e+00 -2.182590293884277344e+01 1.472654044628143311e-01
2.981651271771766254e+00 -2.199653434753417969e+01 1.474335789680480957e-01
2.986797842289174998e+00 -2.172914505004882812e+01 1.493024826049804688e-01
2.991944412806584186e+00 -2.189682006835937500e+01 1.491898745298385620e-01
2.997090983323993374e+00 -2.193778228759765625e+01 1.457792818546295166e-01
3.002237553841402562e+00 -2.184914779663085938e+01 1.452764570713043213e-01
3.007384124358811306e+00 -2.198221206665039062e+01 1.442473679780960083e-01
3.012530694876220494e+00 -2.199616050720214844e+01 1.424155384302139282e-01
3.017677265393629682e+00 -2.185949707031250000e+01 1.424182504415512085e-01
3.022823835911038426e+00 -2.190732002258300781e+01 1.425466984510421753e-01
3.027970406428447614e+00 -2.205938529968261719e+01 1.411449015140533447e-01
3.033116976945856802e+00 -2.189234352111816406e+01 1.413886845111846924e-01
3.038263547463265990e+00 -2.169393730163574219e+01 1.416944712400436401e-01
3.043410117980674734e+00 -2.178929138183593750e+01 1.406194865703582764e-01
3.048556688498083922e+00 -2.180682373046875000e+01 1.411659717559814453e-01
3.053703259015493110e+00 -2.199846649169921875e+01 1.417515575885772705e-01
3.058849829532901854e+00 -2.198361968994140625e+01 1.417133659124374390e-01
3.063996400050311042e+00 -2.208199119567871094e+01 1.418944895267486572e-01
3.069142970567720230e+00 -2.185138130187988281e+01 1.409777104854583740e-01
3.074289541085129418e+00 -2.178852653503417969e+01 1.402047574520111084e-01
3.079436111602538162e+00 -2.203794288635253906e+01 1.413134485483169556e-01
3.084582682119947350e+00 -2.186891555786132812e+01 1.413142085075378418e-01
3.089729252637356538e+00 -2.165076065063476562e+01 1.401795893907546997e-01
3.094875823154765282e+00 -2.196538162231445312e+01 1.409662365913391113e-01
3.100022393672174470e+00 -2.166547775268554688e+01 1.405880302190780640e-01
3.105168964189583658e+00 -2.173188400268554688e+01 1.401129364967346191e-01
3.110315534706992846e+00 -2.137253379821777344e+01 1.402844488620758057e-01
3.115462105224401590e+00 -2.191791534423828125e+01 1.399918049573898315e-01
3.120608675741810778e+00 -2.185853004455566406e+01 1.387736350297927856e-01
3.125755246259219966e+00 -2.174432373046875000e+01 1.389262825250625610e-01
3.130901816776628710e+00 -2.168904685974121094e+01 1.395069360733032227e-01
3.136048387294037898e+00 -2.198226547241210938e+01 1.377265602350234985e-01
3.141194957811447086e+00 -2.168298721313476562e+01 1.385308355093002319e-01
3.146341528328856274e+00 -2.167136383056640625e+01 1.381957232952117920e-01
3.151488098846265018e+00 -2.165194129943847656e+01 1.372934728860855103e-01
3.156634669363674206e+00 -2.172257995605468750e+01 1.378788650035858154e-01
3.161781239881083394e+00 -2.181664276123046875e+01 1.382350027561187744e-01
3.166927810398492138e+00 -2.176404190063476562e+01 1.367592960596084595e-01
3.172074380915901326e+00 -2.184379005432128906e+01 1.376895010471343994e-01
3.177220951433310514e+00 -2.170428657531738281e+01 1.379677206277847290e-01
3.182367521950719702e+00 -2.172604942321777344e+01 1.369827985763549805e-01
3.187514092468128446e+00 -2.164381408691406250e+01 1.369290053844451904e-01
3.192660662985537634e+00 -2.187698173522949219e+01 1.382839381694793701e-01
3.197807233502946822e+00 -2.197853279113769531e+01 1.365544795989990234e-01
3.202953804020355566e+00 -2.185267829895019531e+01 1.369589865207672119e-01
3.208100374537764754e+00 -2.179850387573242188e+01 1.374636143445968628e-01
3.213246945055173942e+00 -2.173201560974121094e+01 1.362727731466293335e-01
3.218393515572583130e+00 -2.157173728942871094e+01 1.372111737728118896e-01
3.223540086089991874e+00 -2.186973953247070312e+01 1.375508159399032593e-01
3.228686656607401062e+00 -2.160123634338378906e+01 1.358363926410675049e-01
3.233833227124810250e+00 -2.169834518432617188e+01 1.365295201539993286e-01
3.238979797642218994e+00 -2.170884895324707031e+01 1.381858736276626587e-01
3.244126368159628182e+00 -2.190925979614257812e+01 1.361749768257141113e-01
3.249272938677037370e+00 -2.187045097351074219e+01 1.360240727663040161e-01
3.254419509194446558e+00 -2.159007835388183594e+01 1.373891085386276245e-01
3.259566079711855302e+00 -2.174267578125000000e+01 1.355133056640625000e-01
3.264712650229264490e+00 -2.192207717895507812e+01 1.364975422620773315e-01
3.269859220746673678e+00 -2.188460540771484375e+01 1.370905786752700806e-01
3.275005791264082422e+00 -2.188658523559570312e+01 1.356752216815948486e-01
3.280152361781491610e+00 -2.155978965759277344e+01 1.359795928001403809e-01
3.285298932298900798e+00 -2.182234382629394531e+01 1.377053111791610718e-01
3.290445502816309986e+00 -2.169638252258300781e+01 1.354842036962509155e-01
3.295592073333718730e+00 -2.190111732482910156e+01 1.361294388771057129e-01
3.300738643851127918e+00 -2.163066291809082031e+01 1.368179917335510254e-01
3.305885214368537106e+00 -2.175157737731933594e+01 1.351190805435180664e-01
3.311031784885945850e+00 -2.166694641113281250e+01 1.358746439218521118e-01
3.316178355403355038e+00 -2.181336021423339844e+01 1.368605792522430420e-01
3.321324925920764226e+00 -2.169501113891601562e+01 1.351995766162872314e-01
3.326471496438173414e+00 -2.172647094726562500e+01 1.358810812234878540e-01
3.331618066955582158e+00 -2.162809562683105469e+01 1.360494643449783325e-01
3.336764637472991346e+00 -2.166239547729492188e+01 1.346924155950546265e-01
3.341911207990400534e+00 -2.171622848510742188e+01 1.355725675821304321e-01
3.347057778507809278e+00 -2.153334617614746094e+01 1.355440467596054077e-01
3.352204349025218466e+00 -2.163049316406250000e+01 1.346222907304763794e-01
3.357350919542627654e+00 -2.170577049255371094e+01 1.350237876176834106e-01
3.362497490060036842e+00 -2.180751609802246094e+01 1.361074894666671753e-01
3.367644060577445586e+00 -2.168993759155273438e+01 1.342683732509613037e-01
3.372790631094854774e+00 -2.180361557006835938e+01 1.357532888650894165e-01
3.377937201612263962e+00 -2.180355453491210938e+01 1.354921758174896240e-01
3.383083772129672706e+00 -2.171526336669921875e+01 1.348838508129119873e-01
3.388230342647081894e+00 -2.146844673156738281e+01 1.349050700664520264e-01
3.393376913164491082e+00 -2.177343368530273438e+01 1.356287747621536255e-01
3.398523483681900270e+00 -2.152732467651367188e+01 1.346310079097747803e-01
3.403670054199309014e+00 -2.170308303833007812e+01 1.348078846931457520e-01
3.408816624716718202e+00 -2.159167098999023438e+01 1.354623138904571533e-01
3.413963195234127390e+00 -2.158630180358886719e+01 1.350995451211929321e-01
3.419109765751536134e+00 -2.175893974304199219e+01 1.350945085287094116e-01
3.424256336268945322e+00 -2.152295303344726562e+01 1.355226486921310425e-01
3.429402906786354510e+00 -2.170277404785156250e+01 1.338820457458496094e-01
3.434549477303763698e+00 -2.146546936035156250e+01 1.353982090950012207e-01
3.439696047821172442e+00 -2.177476692199707031e+01 1.354306787252426147e-01
3.444842618338581630e+00 -2.163060951232910156e+01 1.345349252223968506e-01
3.449989188855990818e+00 -2.154452133178710938e+01 1.345382481813430786e-01
3.455135759373399562e+00 -2.166284751892089844e+01 1.354327648878097534e-01
3.460282329890808750e+00 -2.165806579589843750e+01 1.341750025749206543e-01
3.465428900408217938e+00 -2.182956123352050781e+01 1.347565352916717529e-01
3.470575470925626682e+00 -2.169193840026855469e+01 1.348344236612319946e-01
3.475722041443035870e+00 -2.161268615722656250e+01 1.342492997646331787e-01
3.480868611960445058e+00 -2.165153121948242188e+01 1.338380724191665649e-01
3.486015182477854246e+00 -2.163664245605468750e+01 1.353284120559692383e-01
3.491161752995262990e+00 -2.166106605529785156e+01 1.339158266782760620e-01
3.496308323512672178e+00 -2.139234542846679688e+01 1.343265473842620850e-01
3.501454894030081366e+00 -2.135039520263671875e+01 1.349605023860931396e-01
3.506601464547490110e+00 -2.151957702636718750e+01 1.345759630203247070e-01
3.511748035064899298e+00 -2.149133872985839844e+01 1.336615383625030518e-01
3.516894605582308486e+00 -2.140899085998535156e+01 1.346957683563232422e-01
3.522041176099717674e+00 -2.153562927246093750e+01 1.339041590690612793e-01
3.527187746617126418e+00 -2.161679840087890625e+01 1.342658251523971558e-01
3.532334317134535606e+00 -2.149510192871093750e+01 1.344795376062393188e-01
3.537480887651944794e+00 -2.171419143676757812e+01 1.346149444580078125e-01
3.542627458169353538e+00 -2.185319137573242188e+01 1.341710537672042847e-01
3.547774028686762726e+00 -2.167004013061523438e+01 1.351362317800521851e-01
3.552920599204171914e+00 -2.171752929687500000e+01 1.342187970876693726e-01
3.558067169721581102e+00 -2.160265541076660156e+01 1.342043578624725342e-01
3.563213740238989846e+00 -2.142677307128906250e+01 1.347006261348724365e-01
3.568360310756399034e+00 -2.166902160644531250e+01 1.343733072280883789e-01
3.573506881273808222e+00 -2.150853347778320312e+01 1.338854283094406128e-01
3.578653451791216966e+00 -2.170586585998535156e+01 1.350626647472381592e-01
3.583800022308626154e+00 -2.172563934326171875e+01 1.345149427652359009e-01
3.588946592826035342e+00 -2.167986488342285156e+01 1.345432400703430176e-01
3.594093163343444530e+00 -2.157249832153320312e+01 1.351079642772674561e-01
3.599239733860853274e+00 -2.178476715087890625e+01 1.349307000637054443e-01
3.604386304378262462e+00 -2.148093414306640625e+01 1.337837278842926025e-01
3.609532874895671650e+00 -2.149699401855468750e+01 1.354616135358810425e-01
3.614679445413080394e+00 -2.147363662719726562e+01 1.336745768785476685e-01
3.619826015930489582e+00 -2.149558448791503906e+01 1.346821188926696777e-01
3.624972586447898770e+00 -2.154602050781250000e+01 1.344963312149047852e-01
3.630119156965307958e+00 -2.155142021179199219e+01 1.345540881156921387e-01
3.635265727482716702e+00 -2.165287780761718750e+01 1.342143267393112183e-01
3.640412298000125890e+00 -2.171187973022460938e+01 1.355257183313369751e-01
3.645558868517535078e+00 -2.169790267944335938e+01 1.341710388660430908e-01
3.650705439034943822e+00 -2.175249099731445312e+01 1.341782957315444946e-01
3.655852009552353010e+00 -2.171207618713378906e+01 1.346006989479064941e-01
3.660998580069762198e+00 -2.144309806823730469e+01 1.340028494596481323e-01
3.666145150587171386e+00 -2.147912788391113281e+01 1.337167322635650635e-01
3.671291721104580130e+00 -2.139465522766113281e+01 1.357185095548629761e-01
3.676438291621989318e+00 -2.168213272094726562e+01 1.337042748928070068e-01
3.681584862139398506e+00 -2.169386863708496094e+01 1.342144161462783813e-01
3.686731432656807250e+00 -2.138889312744140625e+01 1.348407417535781860e-01
3.691878003174216438e+00 -2.147757148742675781e+01 1.346143633127212524e-01
3.697024573691625626e+00 -2.156288337707519531e+01 1.339112967252731323e-01
3.702171144209034814e+00 -2.144149780273437500e+01 1.352603584527969360e-01
3.707317714726443558e+00 -2.142708015441894531e+01 1.337216794490814209e-01
3.712464285243852746e+00 -2.157573890686035156e+01 1.343330591917037964e-01
3.717610855761261934e+00 -2.175973701477050781e+01 1.355169564485549927e-01
3.722757426278670678e+00 -2.164695930480957031e+01 1.343818902969360352e-01
3.727903996796079866e+00 -2.153867149353027344e+01 1.345828473567962646e-01
3.733050567313489054e+00 -2.151124954223632812e+01 1.359471380710601807e-01
3.738197137830898242e+00 -2.149976158142089844e+01 1.340542435646057129e-01
3.743343708348306986e+00 -2.150755310058593750e+01 1.348671466112136841e-01
3.748490278865716174e+00 -2.126445388793945312e+01 1.376229375600814819e-01
3.753636849383125362e+00 -2.142618560791015625e+01 1.393361389636993408e-01
3.758783419900534106e+00 -2.167393684387207031e+01 1.412875056266784668e-01
3.763929990417943294e+00 -2.149174308776855469e+01 1.428878605365753174e-01
3.769076560935352482e+00 -2.142810630798339844e+01 1.429598480463027954e-01
3.774223131452761670e+00 -2.158881950378417969e+01 1.458501219749450684e-01
3.779369701970170414e+00 -2.149454307556152344e+01 1.458547115325927734e-01
3.784516272487579602e+00 -2.148637199401855469e+01 1.447769850492477417e-01
3.789662843004988790e+00 -2.166707420349121094e+01 1.460469365119934082e-01
3.794809413522397534e+00 -2.153861999511718750e+01 1.478542536497116089e-01
3.799955984039806722e+00 -2.148818969726562500e+01 1.461766213178634644e-01
3.805102554557215910e+00 -2.155357742309570312e+01 1.473968774080276489e-01
3.810249125074625098e+00 -2.137567520141601562e+01 1.477484554052352905e-01
3.815395695592033842e+00 -2.119964027404785156e+01 1.430541127920150757e-01
3.820542266109443030e+00 -2.153129768371582031e+01 1.418333202600479126e-01
3.825688836626852218e+00 -2.119446945190429688e+01 1.421416252851486206e-01
3.830835407144260962e+00 -2.152962493896484375e+01 1.397551298141479492e-01
3.835981977661670150e+00 -2.129701232910156250e+01 1.401930600404739380e-01
3.841128548179079338e+00 -2.157968330383300781e+01 1.409052759408950806e-01
3.846275118696488526e+00 -2.183235740661621094e+01 1.408975720405578613e-01
3.851421689213897270e+00 -2.144680786132812500e+01 1.398404091596603394e-01
3.856568259731306458e+00 -2.149344635009765625e+01 1.414016336202621460e-01
3.861714830248715646e+00 -2.113197708129882812e+01 1.390135437250137329e-01
3.866861400766124390e+00 -2.156591033935546875e+01 1.408865302801132202e-01
3.872007971283533578e+00 -2.140069389343261719e+01 1.417134553194046021e-01
3.877154541800942766e+00 -2.145305252075195312e+01 1.401995569467544556e-01
3.882301112318351954e+00 -2.130583763122558594e+01 1.399117410182952881e-01
3.887447682835760698e+00 -2.136607742309570312e+01 1.412810981273651123e-01
3.892594253353169886e+00 -2.125097846984863281e+01 1.396743208169937134e-01
3.897740823870579074e+00 -2.138342094421386719e+01 1.408233940601348877e-01
3.902887394387987818e+00 -2.137306785583496094e+01 1.412969529628753662e-01
3.908033964905397006e+00 -2.154056167602539062e+01 1.403000056743621826e-01
3.913180535422806194e+00 -2.135619544982910156e+01 1.401554048061370850e-01
3.918327105940215382e+00 -2.144482612609863281e+01 1.413314938545227051e-01
3.923473676457624126e+00 -2.147070884704589844e+01 1.398515403270721436e-01
3.928620246975033314e+00 -2.122334671020507812e+01 1.408967971801757812e-01
3.933766817492442502e+00 -2.150318145751953125e+01 1.413554549217224121e-01
3.938913388009851246e+00 -2.161242103576660156e+01 1.402883827686309814e-01
3.944059958527260434e+00 -2.126540184020996094e+01 1.407161504030227661e-01
3.949206529044669622e+00 -2.131162452697753906e+01 1.416152417659759521e-01
3.954353099562078810e+00 -2.164222717285156250e+01 1.404398232698440552e-01
3.959499670079487554e+00 -2.146545219421386719e+01 1.420754641294479370e-01
3.964646240596896742e+00 -2.137108612060546875e+01 1.419660300016403198e-01
3.969792811114305930e+00 -2.148394393920898438e+01 1.410152465105056763e-01
3.974939381631714674e+00 -2.154779624938964844e+01 1.416163742542266846e-01
3.980085952149123862e+00 -2.135680389404296875e+01 1.426815986633300781e-01
3.985232522666533050e+00 -2.136189651489257812e+01 1.415346264839172363e-01
3.990379093183942238e+00 -2.132122993469238281e+01 1.425435990095138550e-01
3.995525663701350982e+00 -2.153582763671875000e+01 1.425116658210754395e-01
4.000672234218759726e+00 -2.167232894897460938e+01 1.424305438995361328e-01
4.005818804736168914e+00 -2.136873435974121094e+01 1.433096379041671753e-01
4.010965375253578102e+00 -2.129818916320800781e+01 1.429035514593124390e-01
4.016111945770987290e+00 -2.136916542053222656e+01 1.424418538808822632e-01
4.021258516288396478e+00 -2.138459014892578125e+01 1.431491076946258545e-01
4.026405086805804778e+00 -2.145668792724609375e+01 1.431836038827896118e-01
4.031551657323213966e+00 -2.118722534179687500e+01 1.430118680000305176e-01
4.036698227840623154e+00 -2.128556632995605469e+01 1.434480100870132446e-01
4.041844798358032342e+00 -2.133040428161621094e+01 1.433914601802825928e-01
4.046991368875441530e+00 -2.135732269287109375e+01 1.428377330303192139e-01
4.052137939392850718e+00 -2.155050277709960938e+01 1.444308608770370483e-01
4.057284509910259906e+00 -2.144096946716308594e+01 1.434482485055923462e-01
4.062431080427669094e+00 -2.148667144775390625e+01 1.433290243148803711e-01
4.067577650945078283e+00 -2.140783309936523438e+01 1.440375000238418579e-01
4.072724221462486582e+00 -2.147735023498535156e+01 1.446534693241119385e-01
4.077870791979895770e+00 -2.146475982666015625e+01 1.435004472732543945e-01
4.083017362497304958e+00 -2.139924430847167969e+01 1.448931992053985596e-01
4.088163933014714146e+00 -2.113711929321289062e+01 1.436943113803863525e-01
4.093310503532123334e+00 -2.147193717956542969e+01 1.444891244173049927e-01
4.098457074049532523e+00 -2.149456787109375000e+01 1.446819305419921875e-01
4.103603644566941711e+00 -2.166876792907714844e+01 1.448241472244262695e-01
4.108750215084350010e+00 -2.129508781433105469e+01 1.443672180175781250e-01
4.113896785601759198e+00 -2.138509178161621094e+01 1.454561799764633179e-01
4.119043356119168386e+00 -2.140733909606933594e+01 1.448679268360137939e-01
4.124189926636577574e+00 -2.150511741638183594e+01 1.448339074850082397e-01
4.129336497153986762e+00 -2.129204750061035156e+01 1.450196057558059692e-01
4.134483067671395951e+00 -2.116781044006347656e+01 1.447790414094924927e-01
4.139629638188805139e+00 -2.169433784484863281e+01 1.454719603061676025e-01
4.144776208706213438e+00 -2.139002418518066406e+01 1.455825120210647583e-01
4.149922779223622626e+00 -2.145834922790527344e+01 1.455759406089782715e-01
4.155069349741031814e+00 -2.150468063354492188e+01 1.449037045240402222e-01
4.160215920258441002e+00 -2.130257606506347656e+01 1.461224406957626343e-01
4.165362490775850191e+00 -2.107404518127441406e+01 1.459640115499496460e-01
4.170509061293259379e+00 -2.139035987854003906e+01 1.454479247331619263e-01
4.175655631810668567e+00 -2.138076019287109375e+01 1.461209952831268311e-01
4.180802202328076866e+00 -2.152583312988281250e+01 1.463471353054046631e-01
4.185948772845486054e+00 -2.140818595886230469e+01 1.475213468074798584e-01
4.191095343362895242e+00 -2.108577728271484375e+01 1.479966789484024048e-01
4.196241913880304431e+00 -2.120823860168457031e+01 1.480567157268524170e-01
4.201388484397713619e+00 -2.136932563781738281e+01 1.489160656929016113e-01
4.206535054915122807e+00 -2.130699539184570312e+01 1.500127762556076050e-01
4.211681625432531995e+00 -2.124053955078125000e+01 1.500136554241180420e-01
4.216828195949940294e+00 -2.117886352539062500e+01 1.504638195037841797e-01
4.221974766467349482e+00 -2.143077087402343750e+01 1.509645730257034302e-01
4.227121336984758670e+00 -2.150139808654785156e+01 1.513519883155822754e-01
4.232267907502167859e+00 -2.139039421081542969e+01 1.517102718353271484e-01
4.237414478019577047e+00 -2.113463973999023438e+01 1.518990993499755859e-01
4.242561048536986235e+00 -2.123880577087402344e+01 1.532953679561614990e-01
4.247707619054395423e+00 -2.125877571105957031e+01 1.527439057826995850e-01
4.252854189571803722e+00 -2.160357856750488281e+01 1.538311839103698730e-01
4.258000760089212910e+00 -2.139128684997558594e+01 1.534499973058700562e-01
4.263147330606622099e+00 -2.117360496520996094e+01 1.541672199964523315e-01
4.268293901124031287e+00 -2.137790107727050781e+01 1.543158590793609619e-01
4.273440471641440475e+00 -2.126608657836914062e+01 1.553029567003250122e-01
4.278587042158849663e+00 -2.109745788574218750e+01 1.551201343536376953e-01
4.283733612676258851e+00 -2.164990043640136719e+01 1.564472615718841553e-01
4.288880183193667150e+00 -2.126163291931152344e+01 1.555714905261993408e-01
4.294026753711076339e+00 -2.109459304809570312e+01 1.557023674249649048e-01
4.299173324228485527e+00 -2.144385910034179688e+01 1.569688916206359863e-01
4.304319894745894715e+00 -2.130845642089843750e+01 1.565850973129272461e-01
4.309466465263303903e+00 -2.119141960144042969e+01 1.568071693181991577e-01
4.314613035780713091e+00 -2.133229637145996094e+01 1.566187143325805664e-01
4.319759606298122279e+00 -2.150663948059082031e+01 1.569111496210098267e-01
4.324906176815530578e+00 -2.119746017456054688e+01 1.575531214475631714e-01
4.330052747332939767e+00 -2.122318267822265625e+01 1.575777530670166016e-01
4.335199317850348955e+00 -2.132748603820800781e+01 1.576370745897293091e-01
4.340345888367758143e+00 -2.113822174072265625e+01 1.572577059268951416e-01
4.345492458885167331e+00 -2.111241149902343750e+01 1.569942384958267212e-01
4.350639029402576519e+00 -2.113101577758789062e+01 1.580291241407394409e-01
4.355785599919985707e+00 -2.134061050415039062e+01 1.593677699565887451e-01
4.360932170437394007e+00 -2.136766242980957031e+01 1.589218676090240479e-01
4.366078740954803195e+00 -2.133977699279785156e+01 1.590224355459213257e-01
4.371225311472212383e+00 -2.100226211547851562e+01 1.593563407659530640e-01
4.376371881989621571e+00 -2.135518264770507812e+01 1.604889929294586182e-01
4.381518452507030759e+00 -2.123405647277832031e+01 1.599568724632263184e-01
4.386665023024439947e+00 -2.140888023376464844e+01 1.600867956876754761e-01
4.391811593541849135e+00 -2.133195304870605469e+01 1.597516238689422607e-01
4.396958164059257435e+00 -2.132313537597656250e+01 1.598798483610153198e-01
4.402104734576666623e+00 -2.133000373840332031e+01 1.600305438041687012e-01
4.407251305094075811e+00 -2.096625518798828125e+01 1.606264412403106689e-01
4.412397875611484999e+00 -2.126512527465820312e+01 1.604872494935989380e-01
4.417544446128894187e+00 -2.124583816528320312e+01 1.615246236324310303e-01
4.422691016646303375e+00 -2.135723876953125000e+01 1.616800129413604736e-01
4.427837587163712563e+00 -2.136690902709960938e+01 1.621922552585601807e-01
4.432984157681120863e+00 -2.128078651428222656e+01 1.627590507268905640e-01
4.438130728198530051e+00 -2.138690376281738281e+01 1.643138378858566284e-01
4.443277298715939239e+00 -2.130403518676757812e+01 1.639081984758377075e-01
4.448423869233348427e+00 -2.110023117065429688e+01 1.643959730863571167e-01
4.453570439750757615e+00 -2.121429824829101562e+01 1.643741130828857422e-01
4.458717010268166803e+00 -2.104880905151367188e+01 1.661572307348251343e-01
4.463863580785575991e+00 -2.128921318054199219e+01 1.662118285894393921e-01
4.469010151302984291e+00 -2.135063362121582031e+01 1.682410836219787598e-01
4.474156721820393479e+00 -2.133637619018554688e+01 1.673333644866943359e-01
4.479303292337802667e+00 -2.110869216918945312e+01 1.670932769775390625e-01
4.484449862855211855e+00 -2.125775909423828125e+01 1.684862226247787476e-01
4.489596433372621043e+00 -2.123460388183593750e+01 1.684006899595260620e-01
4.494743003890030231e+00 -2.126043128967285156e+01 1.690286546945571899e-01
4.499889574407439419e+00 -2.134419631958007812e+01 1.703255772590637207e-01
4.505036144924847719e+00 -2.134229850769042969e+01 1.706684380769729614e-01
4.510182715442256907e+00 -2.146612167358398438e+01 1.713236719369888306e-01
4.515329285959666095e+00 -2.155783653259277344e+01 1.725378930568695068e-01
4.520475856477075283e+00 -2.152084350585937500e+01 1.722890585660934448e-01
4.525622426994484471e+00 -2.124049949645996094e+01 1.714108735322952271e-01
4.530768997511893659e+00 -2.138396263122558594e+01 1.732671707868576050e-01
4.535915568029302847e+00 -2.105204963684082031e+01 1.734787970781326294e-01
4.541062138546711147e+00 -2.130330085754394531e+01 1.742410361766815186e-01
4.546208709064120335e+00 -2.129689025878906250e+01 1.742768734693527222e-01
4.551355279581529523e+00 -2.091251182556152344e+01 1.738706380128860474e-01
4.556501850098938711e+00 -2.122866058349609375e+01 1.753190755844116211e-01
4.561648420616347899e+00 -2.131557464599609375e+01 1.760474592447280884e-01
4.566794991133757087e+00 -2.123687934875488281e+01 1.761128753423690796e-01
4.571941561651166275e+00 -2.148891830444335938e+01 1.763643473386764526e-01
4.577088132168574575e+00 -2.118674659729003906e+01 1.764002442359924316e-01
4.582234702685983763e+00 -2.139583206176757812e+01 1.779917478561401367e-01
4.587381273203392951e+00 -2.126292228698730469e+01 1.792731732130050659e-01
4.592527843720802139e+00 -2.136647224426269531e+01 1.782086491584777832e-01
4.597674414238211327e+00 -2.152733039855957031e+01 1.809428930282592773e-01
4.602820984755620515e+00 -2.097240257263183594e+01 1.803921461105346680e-01
4.607967555273029703e+00 -2.100064468383789062e+01 1.820901185274124146e-01
4.613114125790438003e+00 -2.109451675415039062e+01 1.822240352630615234e-01
4.618260696307847191e+00 -2.114760780334472656e+01 1.818241328001022339e-01
4.623407266825256379e+00 -2.100329780578613281e+01 1.818203926086425781e-01
4.628553837342665567e+00 -2.122477722167968750e+01 1.820442676544189453e-01
4.633700407860074755e+00 -2.134425544738769531e+01 1.830262541770935059e-01
4.638846978377483943e+00 -2.141419601440429688e+01 1.833266764879226685e-01
4.643993548894893131e+00 -2.170460891723632812e+01 1.841333657503128052e-01
4.649140119412301431e+00 -2.139362907409667969e+01 1.841882318258285522e-01
4.654286689929710619e+00 -2.123745918273925781e+01 1.836191266775131226e-01
4.659433260447119807e+00 -2.143331718444824219e+01 1.845700442790985107e-01
4.664579830964528995e+00 -2.119084358215332031e+01 1.839057803153991699e-01
4.669726401481938183e+00 -2.114953994750976562e+01 1.847225725650787354e-01
4.674872971999347371e+00 -2.126923179626464844e+01 1.843698918819427490e-01
4.680019542516756559e+00 -2.135984611511230469e+01 1.849555522203445435e-01
4.685166113034164859e+00 -2.117922782897949219e+01 1.861851960420608521e-01
4.690312683551574047e+00 -2.113086891174316406e+01 1.860435754060745239e-01
4.695459254068983235e+00 -2.119868659973144531e+01 1.874449104070663452e-01
4.700605824586392423e+00 -2.109300994873046875e+01 1.881471872329711914e-01
4.705752395103801611e+00 -2.122911834716796875e+01 1.888675242662429810e-01
4.710898965621210799e+00 -2.134529113769531250e+01 1.885595321655273438e-01
4.716045536138619987e+00 -2.109613227844238281e+01 1.897819191217422485e-01
4.721192106656028287e+00 -2.122029876708984375e+01 1.903025358915328979e-01
4.726338677173437475e+00 -2.154383850097656250e+01 1.907286196947097778e-01
4.731485247690846663e+00 -2.149926376342773438e+01 1.915637254714965820e-01
4.736631818208255851e+00 -2.129292678833007812e+01 1.918848156929016113e-01
4.741778388725665039e+00 -2.174466323852539062e+01 1.933783441781997681e-01
4.746924959243074227e+00 -2.099707794189453125e+01 1.939286142587661743e-01
4.752071529760483415e+00 -2.089516639709472656e+01 1.945763826370239258e-01
4.757218100277891715e+00 -2.132484436035156250e+01 1.947626322507858276e-01
4.762364670795300903e+00 -2.114068794250488281e+01 1.954923272132873535e-01
4.767511241312710091e+00 -2.115628814697265625e+01 1.956106424331665039e-01
4.772657811830119279e+00 -2.147109603881835938e+01 1.965280473232269287e-01
4.777804382347528467e+00 -2.146261024475097656e+01 1.978627890348434448e-01
4.782950952864937655e+00 -2.108859825134277344e+01 1.982035040855407715e-01
4.788097523382345955e+00 -2.098147964477539062e+01 1.985953748226165771e-01
4.793244093899755143e+00 -2.125965690612792969e+01 1.994885802268981934e-01
4.798390664417164331e+00 -2.132685279846191406e+01 2.019806653261184692e-01
4.803537234934573519e+00 -2.089138603210449219e+01 1.993514895439147949e-01
4.808683805451982707e+00 -2.114866447448730469e+01 2.007851153612136841e-01
4.813830375969391895e+00 -2.119403266906738281e+01 2.020888626575469971e-01
4.818976946486801083e+00 -2.134864044189453125e+01 2.022510468959808350e-01
4.824123517004209383e+00 -2.132622528076171875e+01 2.038850039243698120e-01
4.829270087521618571e+00 -2.131905364990234375e+01 2.046090662479400635e-01
4.834416658039027759e+00 -2.104828071594238281e+01 2.044291496276855469e-01
4.839563228556436947e+00 -2.117470359802246094e+01 2.056411206722259521e-01
4.844709799073846135e+00 -2.131880950927734375e+01 2.070477902889251709e-01
4.849856369591255323e+00 -2.110186386108398438e+01 2.060922533273696899e-01
4.855002940108664511e+00 -2.109126091003417969e+01 2.068240195512771606e-01
4.860149510626072811e+00 -2.101432228088378906e+01 2.082783281803131104e-01
4.865296081143481999e+00 -2.094843101501464844e+01 2.078126221895217896e-01
4.870442651660891187e+00 -2.115390014648437500e+01 2.097393572330474854e-01
4.875589222178300375e+00 -2.125020599365234375e+01 2.098501324653625488e-01
4.880735792695709563e+00 -2.123991394042968750e+01 2.106619924306869507e-01
4.885882363213118751e+00 -2.054544258117675781e+01 2.112842947244644165e-01
4.891028933730527939e+00 -2.141328048706054688e+01 2.133411616086959839e-01
4.896175504247936239e+00 -2.110874557495117188e+01 2.127242237329483032e-01
4.901322074765345427e+00 -2.097645568847656250e+01 2.127612084150314331e-01
4.906468645282754615e+00 -2.128767395019531250e+01 2.142572104930877686e-01
4.911615215800163803e+00 -2.128760910034179688e+01 2.144891470670700073e-01
4.916761786317572991e+00 -2.098715209960937500e+01 2.149048000574111938e-01
4.921908356834982179e+00 -2.117811775207519531e+01 2.165135890245437622e-01
4.927054927352391367e+00 -2.133000946044921875e+01 2.170317918062210083e-01
4.932201497869799667e+00 -2.093973159790039062e+01 2.183204144239425659e-01
4.937348068387208855e+00 -2.091772079467773438e+01 2.189926356077194214e-01
4.942494638904618043e+00 -2.112383460998535156e+01 2.200175374746322632e-01
4.947641209422027231e+00 -2.184005737304687500e+01 2.193426787853240967e-01
4.952787779939436419e+00 -2.131144523620605469e+01 2.191593497991561890e-01
4.957934350456845607e+00 -2.125646209716796875e+01 2.204638570547103882e-01
4.963080920974254795e+00 -2.113389205932617188e+01 2.204596400260925293e-01
4.968227491491663095e+00 -2.108856773376464844e+01 2.193275243043899536e-01
4.973374062009072283e+00 -2.132127189636230469e+01 2.206554859876632690e-01
4.978520632526481471e+00 -2.145176315307617188e+01 2.224029302597045898e-01
4.983667203043890659e+00 -2.095182418823242188e+01 2.220409065485000610e-01
4.988813773561299847e+00 -2.082213020324707031e+01 2.243831604719161987e-01
4.993960344078709035e+00 -2.117892456054687500e+01 2.231206148862838745e-01
4.999106914596118223e+00 -2.131594657897949219e+01 2.236430644989013672e-01
5.004253485113526523e+00 -2.129526138305664062e+01 2.256474196910858154e-01
5.009400055630935711e+00 -2.132992362976074219e+01 2.286906689405441284e-01
5.014546626148344899e+00 -2.154776382446289062e+01 2.306808829307556152e-01
5.019693196665754087e+00 -2.134048271179199219e+01 2.312400639057159424e-01
5.024839767183163275e+00 -2.112782669067382812e+01 2.351805418729782104e-01
5.029986337700572463e+00 -2.102326202392578125e+01 2.355757653713226318e-01
5.035132908217981651e+00 -2.131582450866699219e+01 2.431743443012237549e-01
5.040279478735389951e+00 -2.112150001525878906e+01 2.422387450933456421e-01
5.045426049252799139e+00 -2.092244148254394531e+01 2.440639287233352661e-01
5.050572619770208327e+00 -2.085614967346191406e+01 2.466072291135787964e-01
5.055719190287617515e+00 -2.143879890441894531e+01 2.502537071704864502e-01
5.060865760805026703e+00 -2.085742759704589844e+01 2.533123791217803955e-01
5.066012331322435891e+00 -2.059472084045410156e+01 2.549504637718200684e-01
5.071158901839845079e+00 -2.142031097412109375e+01 2.594295740127563477e-01
5.076305472357253379e+00 -2.093670654296875000e+01 2.614468038082122803e-01
5.081452042874662567e+00 -2.140450477600097656e+01 2.668346464633941650e-01
5.086598613392071755e+00 -2.103613853454589844e+01 2.679229378700256348e-01
5.091745183909480943e+00 -2.142681312561035156e+01 2.777360975742340088e-01
5.096891754426890131e+00 -2.098760032653808594e+01 2.863435447216033936e-01
5.102038324944299319e+00 -2.132917976379394531e+01 2.936341762542724609e-01
5.107184895461708507e+00 -2.129027557373046875e+01 3.027222454547882080e-01
5.112331465979116807e+00 -2.058643722534179688e+01 3.092225193977355957e-01
5.117478036496525995e+00 -2.083366203308105469e+01 3.156356215476989746e-01
5.122624607013935183e+00 -2.114465141296386719e+01 3.229564428329467773e-01
5.127771177531344371e+00 -2.157674217224121094e+01 3.296899795532226562e-01
5.132917748048753559e+00 -2.169966888427734375e+01 3.391579985618591309e-01
5.138064318566162747e+00 -2.079264259338378906e+01 3.331331610679626465e-01
5.143210889083571935e+00 -2.128519821166992188e+01 3.374230861663818359e-01
5.148357459600980235e+00 -2.105867767333984375e+01 3.381215631961822510e-01
5.153504030118389423e+00 -2.119774627685546875e+01 3.421096205711364746e-01
5.158650600635798611e+00 -2.147943496704101562e+01 3.501688838005065918e-01
5.163797171153207799e+00 -2.174339485168457031e+01 4.042258262634277344e-01
5.168943741670616987e+00 -2.209657287597656250e+01 5.103679895401000977e-01
5.174090312188026175e+00 -2.101097869873046875e+01 5.838010907173156738e-01
5.179236882705435363e+00 -2.039951896667480469e+01 1.019262671470642090e+00
