Sample description: 
Sample:   c= 0 mg/ml  Code: 
  2.539689e-01   1.388911e+02   9.342593e-01
  2.591155e-01   1.369968e+02   9.270065e-01
  2.642620e-01   1.372875e+02   9.117143e-01
  2.694086e-01   1.377667e+02   8.962778e-01
  2.745552e-01   1.352337e+02   8.827484e-01
  2.797018e-01   1.352818e+02   8.719218e-01
  2.848483e-01   1.337614e+02   8.576427e-01
  2.899949e-01   1.363917e+02   8.643942e-01
  2.951415e-01   1.340008e+02   8.722484e-01
  3.002880e-01   1.335641e+02   8.710646e-01
  3.054346e-01   1.312910e+02   8.666061e-01
  3.105812e-01   1.308361e+02   8.637028e-01
  3.157277e-01   1.317104e+02   8.605890e-01
  3.208743e-01   1.308103e+02   8.506801e-01
  3.260209e-01   1.287526e+02   8.506290e-01
  3.311675e-01   1.297892e+02   8.464053e-01
  3.363140e-01   1.297454e+02   8.510577e-01
  3.414606e-01   1.299262e+02   8.449736e-01
  3.466072e-01   1.270450e+02   8.301814e-01
  3.517537e-01   1.270710e+02   8.271198e-01
  3.569003e-01   1.249957e+02   8.051990e-01
  3.620469e-01   1.256330e+02   7.819352e-01
  3.671934e-01   1.240131e+02   7.671382e-01
  3.723400e-01   1.227616e+02   7.614130e-01
  3.774866e-01   1.230570e+02   7.494291e-01
  3.826332e-01   1.212275e+02   7.348936e-01
  3.877797e-01   1.212816e+02   7.344976e-01
  3.929263e-01   1.206266e+02   7.196771e-01
  3.980729e-01   1.218937e+02   7.150136e-01
  4.032194e-01   1.192762e+02   7.052949e-01
  4.083660e-01   1.192773e+02   6.896358e-01
  4.135126e-01   1.179937e+02   6.841598e-01
  4.186592e-01   1.169704e+02   6.810738e-01
  4.238057e-01   1.153400e+02   6.674414e-01
  4.289523e-01   1.161708e+02   6.642395e-01
  4.340989e-01   1.145585e+02   6.565672e-01
  4.392454e-01   1.142634e+02   6.530465e-01
  4.443920e-01   1.135715e+02   6.449506e-01
  4.495386e-01   1.120709e+02   6.382018e-01
  4.546851e-01   1.119858e+02   6.288615e-01
  4.598317e-01   1.106228e+02   6.249602e-01
  4.649783e-01   1.102300e+02   6.264900e-01
  4.701249e-01   1.100170e+02   6.314840e-01
  4.752714e-01   1.070709e+02   6.274626e-01
  4.804180e-01   1.074844e+02   6.333506e-01
  4.855646e-01   1.075429e+02   6.314411e-01
  4.907111e-01   1.062598e+02   6.314513e-01
  4.958577e-01   1.059429e+02   6.312037e-01
  5.010043e-01   1.052580e+02   6.285712e-01
  5.061509e-01   1.025694e+02   6.249147e-01
  5.112974e-01   1.036223e+02   6.341206e-01
  5.164440e-01   1.033548e+02   6.235377e-01
  5.215906e-01   1.011490e+02   6.188357e-01
  5.267371e-01   1.004738e+02   6.169623e-01
  5.318837e-01   1.002030e+02   6.163551e-01
  5.370303e-01   9.940998e+01   5.942137e-01
  5.421768e-01   9.876868e+01   5.893882e-01
  5.473234e-01   9.668714e+01   5.801980e-01
  5.524700e-01   9.656579e+01   5.694951e-01
  5.576166e-01   9.648927e+01   5.695052e-01
  5.627631e-01   9.563208e+01   5.629214e-01
  5.679097e-01   9.517330e+01   5.548083e-01
  5.730563e-01   9.287553e+01   5.481289e-01
  5.782028e-01   9.233124e+01   5.450327e-01
  5.833494e-01   9.205972e+01   5.363641e-01
  5.884960e-01   9.103781e+01   5.345495e-01
  5.936426e-01   9.032064e+01   5.345392e-01
  5.987891e-01   8.996740e+01   5.232164e-01
  6.039357e-01   8.891621e+01   5.212988e-01
  6.090823e-01   8.785847e+01   5.181803e-01
  6.142288e-01   8.762357e+01   5.107075e-01
  6.193754e-01   8.633510e+01   5.061783e-01
  6.245220e-01   8.623840e+01   5.057237e-01
  6.296685e-01   8.463232e+01   4.986311e-01
  6.348151e-01   8.445268e+01   4.982326e-01
  6.399617e-01   8.265565e+01   4.933321e-01
  6.451083e-01   8.282793e+01   4.875697e-01
  6.502548e-01   8.224042e+01   4.842726e-01
  6.554014e-01   8.083626e+01   4.811417e-01
  6.605480e-01   8.001794e+01   4.792145e-01
  6.656945e-01   8.040466e+01   4.866188e-01
  6.708411e-01   7.867841e+01   4.885583e-01
  6.759877e-01   7.791593e+01   4.850575e-01
  6.811343e-01   7.666366e+01   4.838498e-01
  6.862808e-01   7.641272e+01   4.834279e-01
  6.914274e-01   7.546427e+01   4.702531e-01
  6.965740e-01   7.588414e+01   4.655676e-01
  7.017205e-01   7.529208e+01   4.646043e-01
  7.068671e-01   7.303894e+01   4.553897e-01
  7.120137e-01   7.246748e+01   4.500657e-01
  7.171602e-01   7.234449e+01   4.506279e-01
  7.223068e-01   7.044634e+01   4.434479e-01
  7.274534e-01   7.052666e+01   4.395990e-01
  7.326000e-01   6.984733e+01   4.382893e-01
  7.377465e-01   6.920318e+01   4.319354e-01
  7.428931e-01   6.822592e+01   4.276510e-01
  7.480397e-01   6.705134e+01   4.258049e-01
  7.531862e-01   6.685899e+01   4.212050e-01
  7.583328e-01   6.617654e+01   4.197854e-01
  7.634794e-01   6.573534e+01   4.213054e-01
  7.686259e-01   6.410873e+01   4.142316e-01
  7.737725e-01   6.338379e+01   4.104810e-01
  7.789191e-01   6.282922e+01   4.107628e-01
  7.840657e-01   6.300717e+01   4.060444e-01
  7.892122e-01   6.235755e+01   4.031089e-01
  7.943588e-01   6.143006e+01   4.029400e-01
  7.995054e-01   6.086816e+01   3.986518e-01
  8.046519e-01   5.922264e+01   3.953429e-01
  8.097985e-01   5.880012e+01   3.941276e-01
  8.149451e-01   5.844027e+01   3.878068e-01
  8.200917e-01   5.775531e+01   3.855630e-01
  8.252382e-01   5.698362e+01   3.854628e-01
  8.303848e-01   5.610243e+01   3.799308e-01
  8.355314e-01   5.593620e+01   3.780410e-01
  8.406779e-01   5.599344e+01   3.773043e-01
  8.458245e-01   5.468830e+01   3.740546e-01
  8.509711e-01   5.416083e+01   3.724923e-01
  8.561176e-01   5.312146e+01   3.701497e-01
  8.612642e-01   5.279148e+01   3.681110e-01
  8.664108e-01   5.205579e+01   3.647979e-01
  8.715574e-01   5.134797e+01   3.650039e-01
  8.767039e-01   5.088284e+01   3.604513e-01
  8.818505e-01   4.937523e+01   3.570771e-01
  8.869971e-01   4.966560e+01   3.566258e-01
  8.921436e-01   4.883304e+01   3.568084e-01
  8.972902e-01   4.863874e+01   3.506697e-01
  9.024368e-01   4.766313e+01   3.517208e-01
  9.075834e-01   4.778378e+01   3.497157e-01
  9.127299e-01   4.621242e+01   3.439249e-01
  9.178765e-01   4.642486e+01   3.465553e-01
  9.230231e-01   4.605043e+01   3.519937e-01
  9.281696e-01   4.458836e+01   3.454536e-01
  9.333162e-01   4.450727e+01   3.474498e-01
  9.384628e-01   4.373840e+01   3.474830e-01
  9.436093e-01   4.372896e+01   3.439624e-01
  9.487559e-01   4.308514e+01   3.461241e-01
  9.539025e-01   4.234199e+01   3.457507e-01
  9.590491e-01   4.179465e+01   3.409430e-01
  9.641956e-01   4.105233e+01   3.412900e-01
  9.693422e-01   3.999986e+01   3.406075e-01
  9.744888e-01   4.076708e+01   3.388349e-01
  9.796353e-01   3.952042e+01   3.385397e-01
  9.847819e-01   3.888146e+01   3.379863e-01
  9.899285e-01   3.878689e+01   3.350078e-01
  9.950751e-01   3.813727e+01   3.357581e-01
  1.000222e+00   3.703351e+01   3.335898e-01
  1.005368e+00   3.707664e+01   3.333784e-01
  1.010515e+00   3.625937e+01   3.358830e-01
  1.015661e+00   3.644190e+01   3.380920e-01
  1.020808e+00   3.605265e+01   3.368206e-01
  1.025954e+00   3.512464e+01   3.366267e-01
  1.031101e+00   3.456800e+01   3.360946e-01
  1.036248e+00   3.449322e+01   3.357937e-01
  1.041394e+00   3.423006e+01   3.358014e-01
  1.046541e+00   3.346223e+01   3.343223e-01
  1.051687e+00   3.283825e+01   3.320646e-01
  1.056834e+00   3.220425e+01   3.317426e-01
  1.061980e+00   3.198211e+01   3.319977e-01
  1.067127e+00   3.202905e+01   3.301197e-01
  1.072274e+00   3.001432e+01   3.246096e-01
  1.077420e+00   3.011589e+01   3.257740e-01
  1.082567e+00   3.033278e+01   3.253910e-01
  1.087713e+00   2.945722e+01   3.236042e-01
  1.092860e+00   2.931316e+01   3.234883e-01
  1.098006e+00   2.882583e+01   3.209161e-01
  1.103153e+00   2.856458e+01   3.205693e-01
  1.108300e+00   2.843410e+01   3.202854e-01
  1.113446e+00   2.780878e+01   3.232404e-01
  1.118593e+00   2.713630e+01   3.216004e-01
  1.123739e+00   2.689729e+01   3.245395e-01
  1.128886e+00   2.664701e+01   3.228334e-01
  1.134032e+00   2.626764e+01   3.202518e-01
  1.139179e+00   2.574208e+01   3.201824e-01
  1.144326e+00   2.564579e+01   3.192020e-01
  1.149472e+00   2.479531e+01   3.195353e-01
  1.154619e+00   2.436136e+01   3.169001e-01
  1.159765e+00   2.419307e+01   3.174948e-01
  1.164912e+00   2.422865e+01   3.154235e-01
  1.170058e+00   2.343284e+01   3.149876e-01
  1.175205e+00   2.348838e+01   3.129720e-01
  1.180352e+00   2.291647e+01   3.083468e-01
  1.185498e+00   2.236040e+01   3.077341e-01
  1.190645e+00   2.147017e+01   3.048918e-01
  1.195791e+00   2.147443e+01   3.026039e-01
  1.200938e+00   2.126094e+01   3.018679e-01
  1.206084e+00   2.070619e+01   2.989483e-01
  1.211231e+00   2.028014e+01   2.965890e-01
  1.216378e+00   2.013907e+01   2.961234e-01
  1.221524e+00   1.975778e+01   2.941598e-01
  1.226671e+00   1.979437e+01   2.960295e-01
  1.231817e+00   1.975219e+01   3.025413e-01
  1.236964e+00   1.971489e+01   3.001473e-01
  1.242110e+00   1.956499e+01   2.992530e-01
  1.247257e+00   1.889434e+01   2.998191e-01
  1.252404e+00   1.857262e+01   2.980489e-01
  1.257550e+00   1.819929e+01   2.989730e-01
  1.262697e+00   1.796213e+01   2.972772e-01
  1.267843e+00   1.776744e+01   2.971160e-01
  1.272990e+00   1.713733e+01   2.955636e-01
  1.278136e+00   1.707041e+01   2.986608e-01
  1.283283e+00   1.715403e+01   2.947262e-01
  1.288430e+00   1.663745e+01   2.970835e-01
  1.293576e+00   1.584440e+01   3.013349e-01
  1.298723e+00   1.596642e+01   3.019466e-01
  1.303869e+00   1.653948e+01   3.058718e-01
  1.309016e+00   1.532516e+01   3.072786e-01
  1.314162e+00   1.507558e+01   3.048110e-01
  1.319309e+00   1.517292e+01   3.089906e-01
  1.324456e+00   1.458690e+01   3.085282e-01
  1.329602e+00   1.430273e+01   3.059724e-01
  1.334749e+00   1.422160e+01   3.084137e-01
  1.339895e+00   1.454431e+01   3.094375e-01
  1.345042e+00   1.443692e+01   3.082000e-01
  1.350188e+00   1.403261e+01   3.095476e-01
  1.355335e+00   1.360969e+01   3.080766e-01
  1.360482e+00   1.329069e+01   3.029537e-01
  1.365628e+00   1.291131e+01   2.984081e-01
  1.370775e+00   1.346303e+01   2.997661e-01
  1.375921e+00   1.244889e+01   2.955494e-01
  1.381068e+00   1.262202e+01   2.941700e-01
  1.386214e+00   1.247259e+01   2.961709e-01
  1.391361e+00   1.207526e+01   2.902259e-01
  1.396508e+00   1.229218e+01   2.916627e-01
  1.401654e+00   1.162407e+01   2.902122e-01
  1.406801e+00   1.183117e+01   2.916068e-01
  1.411947e+00   1.179185e+01   2.871095e-01
  1.417094e+00   1.138392e+01   2.891129e-01
  1.422240e+00   1.154136e+01   2.864023e-01
  1.427387e+00   1.120302e+01   2.858868e-01
  1.432534e+00   1.099675e+01   2.852038e-01
  1.437680e+00   1.058128e+01   2.836480e-01
  1.442827e+00   1.013485e+01   2.811390e-01
  1.447973e+00   9.869110e+00   2.836828e-01
  1.453120e+00   1.011914e+01   2.811448e-01
  1.458266e+00   1.001637e+01   2.788953e-01
  1.463413e+00   9.442254e+00   2.795723e-01
  1.468560e+00   9.460157e+00   2.775694e-01
  1.473706e+00   9.470312e+00   2.764975e-01
  1.478853e+00   8.925444e+00   2.776075e-01
  1.483999e+00   9.052085e+00   2.766852e-01
  1.489146e+00   8.934109e+00   2.748486e-01
  1.494292e+00   8.448593e+00   2.745487e-01
  1.499439e+00   8.929068e+00   2.746227e-01
  1.504586e+00   8.452971e+00   2.725193e-01
  1.509732e+00   8.373276e+00   2.737284e-01
  1.514879e+00   8.360355e+00   2.724395e-01
  1.520025e+00   7.954422e+00   2.705981e-01
  1.525172e+00   7.556371e+00   2.721092e-01
  1.530318e+00   7.702897e+00   2.704156e-01
  1.535465e+00   7.153942e+00   2.706133e-01
  1.540612e+00   7.838499e+00   2.708362e-01
  1.545758e+00   7.218297e+00   2.686079e-01
  1.550905e+00   7.508434e+00   2.695560e-01
  1.556051e+00   7.166648e+00   2.679826e-01
  1.561198e+00   6.590437e+00   2.664479e-01
  1.566344e+00   7.233065e+00   2.667279e-01
  1.571491e+00   6.703188e+00   2.664908e-01
  1.576638e+00   6.754806e+00   2.675196e-01
  1.581784e+00   7.207765e+00   2.658238e-01
  1.586931e+00   6.523956e+00   2.646616e-01
  1.592077e+00   6.467091e+00   2.643545e-01
  1.597224e+00   6.370133e+00   2.641482e-01
  1.602370e+00   6.123604e+00   2.622229e-01
  1.607517e+00   5.987805e+00   2.641815e-01
  1.612664e+00   5.936981e+00   2.618848e-01
  1.617810e+00   5.704405e+00   2.622715e-01
  1.622957e+00   5.463014e+00   2.605766e-01
  1.628103e+00   5.043116e+00   2.577376e-01
  1.633250e+00   5.381449e+00   2.606475e-01
  1.638396e+00   5.677164e+00   2.599826e-01
  1.643543e+00   5.197215e+00   2.579716e-01
  1.648690e+00   5.082541e+00   2.586992e-01
  1.653836e+00   5.284670e+00   2.594749e-01
  1.658983e+00   4.817815e+00   2.559381e-01
  1.664129e+00   4.638980e+00   2.586258e-01
  1.669276e+00   4.809643e+00   2.580863e-01
  1.674422e+00   5.047299e+00   2.564694e-01
  1.679569e+00   5.012117e+00   2.572922e-01
  1.684716e+00   4.606930e+00   2.576826e-01
  1.689862e+00   4.464823e+00   2.543263e-01
  1.695009e+00   4.426114e+00   2.554239e-01
  1.700155e+00   4.189287e+00   2.552505e-01
  1.705302e+00   4.225020e+00   2.537159e-01
  1.710448e+00   4.008637e+00   2.553499e-01
  1.715595e+00   3.783844e+00   2.529954e-01
  1.720741e+00   3.765877e+00   2.518371e-01
  1.725888e+00   3.921205e+00   2.531072e-01
  1.731035e+00   3.678954e+00   2.518449e-01
  1.736181e+00   3.366257e+00   2.497179e-01
  1.741328e+00   3.896430e+00   2.509295e-01
  1.746474e+00   3.687703e+00   2.521711e-01
  1.751621e+00   4.055483e+00   2.506368e-01
  1.756767e+00   3.996794e+00   2.484515e-01
  1.761914e+00   3.516147e+00   2.498464e-01
  1.767061e+00   3.402702e+00   2.467657e-01
  1.772207e+00   3.534742e+00   2.467292e-01
  1.777354e+00   3.358684e+00   2.486627e-01
  1.782500e+00   3.249253e+00   2.472686e-01
  1.787647e+00   3.016115e+00   2.452062e-01
  1.792793e+00   2.968906e+00   2.475604e-01
  1.797940e+00   3.093145e+00   2.456797e-01
  1.803087e+00   3.332029e+00   2.460407e-01
  1.808233e+00   2.814406e+00   2.460817e-01
  1.813380e+00   3.005571e+00   2.454631e-01
  1.818526e+00   3.289949e+00   2.427280e-01
  1.823673e+00   2.638620e+00   2.449941e-01
  1.828819e+00   2.875061e+00   2.441287e-01
  1.833966e+00   2.698265e+00   2.434992e-01
  1.839113e+00   2.830236e+00   2.450398e-01
  1.844259e+00   2.321950e+00   2.430760e-01
  1.849406e+00   2.925731e+00   2.414517e-01
  1.854552e+00   2.974149e+00   2.452199e-01
  1.859699e+00   2.540370e+00   2.437194e-01
  1.864845e+00   2.599679e+00   2.429691e-01
  1.869992e+00   2.465562e+00   2.433803e-01
  1.875139e+00   2.102525e+00   2.422516e-01
  1.880285e+00   2.085131e+00   2.407361e-01
  1.885432e+00   2.447142e+00   2.424757e-01
  1.890578e+00   2.111278e+00   2.410914e-01
  1.895725e+00   2.139576e+00   2.399828e-01
  1.900871e+00   1.796901e+00   2.421223e-01
  1.906018e+00   2.388762e+00   2.414221e-01
  1.911165e+00   2.003054e+00   2.405276e-01
  1.916311e+00   2.565821e+00   2.426005e-01
  1.921458e+00   2.207618e+00   2.412648e-01
  1.926604e+00   2.044086e+00   2.393508e-01
  1.931751e+00   2.093192e+00   2.417973e-01
  1.936897e+00   1.774036e+00   2.393576e-01
  1.942044e+00   2.193741e+00   2.391698e-01
  1.947191e+00   1.551951e+00   2.399444e-01
  1.952337e+00   1.878727e+00   2.395679e-01
  1.957484e+00   2.003350e+00   2.385463e-01
  1.962630e+00   1.933018e+00   2.407702e-01
  1.967777e+00   2.131405e+00   2.398847e-01
  1.972923e+00   1.585881e+00   2.380764e-01
  1.978070e+00   1.803969e+00   2.394623e-01
  1.983217e+00   1.818136e+00   2.383346e-01
  1.988363e+00   2.055195e+00   2.383756e-01
  1.993510e+00   1.276336e+00   2.384295e-01
  1.998656e+00   1.793519e+00   2.388857e-01
  2.003803e+00   1.556817e+00   2.378453e-01
  2.008949e+00   1.724350e+00   2.388207e-01
  2.014096e+00   1.613363e+00   2.378500e-01
  2.019243e+00   1.528637e+00   2.368384e-01
  2.024389e+00   1.097500e+00   2.364141e-01
  2.029536e+00   1.980608e+00   2.370406e-01
  2.034682e+00   1.721127e+00   2.365387e-01
  2.039829e+00   1.588077e+00   2.376954e-01
  2.044975e+00   1.518107e+00   2.365426e-01
  2.050122e+00   1.718288e+00   2.379548e-01
  2.055269e+00   1.662141e+00   2.377587e-01
  2.060415e+00   1.278671e+00   2.372761e-01
  2.065562e+00   1.924546e+00   2.356260e-01
  2.070708e+00   1.521457e+00   2.366125e-01
  2.075855e+00   1.906841e+00   2.367335e-01
  2.081001e+00   1.546467e+00   2.357973e-01
  2.086148e+00   1.036501e+00   2.358613e-01
  2.091295e+00   1.779164e+00   2.364735e-01
  2.096441e+00   1.383005e+00   2.364428e-01
  2.101588e+00   1.557437e+00   2.355067e-01
  2.106734e+00   1.381622e+00   2.353491e-01
  2.111881e+00   1.511609e+00   2.393286e-01
  2.117027e+00   1.249664e+00   2.427176e-01
  2.122174e+00   1.541427e+00   2.438201e-01
  2.127321e+00   1.060578e+00   2.454730e-01
  2.132467e+00   1.167690e+00   2.484610e-01
  2.137614e+00   1.470143e+00   2.492402e-01
  2.142760e+00   1.089519e+00   2.505472e-01
  2.147907e+00   1.731031e+00   2.517970e-01
  2.153053e+00   1.426922e+00   2.518967e-01
  2.158200e+00   1.527676e+00   2.532149e-01
  2.163347e+00   1.407580e+00   2.552553e-01
  2.168493e+00   1.490319e+00   2.547756e-01
  2.173640e+00   1.251094e+00   2.543871e-01
  2.178786e+00   1.985772e+00   2.521828e-01
  2.183933e+00   1.225563e+00   2.498386e-01
  2.189079e+00   1.826558e+00   2.482000e-01
  2.194226e+00   1.402239e+00   2.453007e-01
  2.199373e+00   1.320313e+00   2.449482e-01
  2.204519e+00   1.079554e+00   2.432070e-01
  2.209666e+00   1.230220e+00   2.438158e-01
  2.214812e+00   1.441543e+00   2.435733e-01
  2.219959e+00   1.467960e+00   2.410365e-01
  2.225105e+00   1.661978e+00   2.422787e-01
  2.230252e+00   1.275809e+00   2.416985e-01
  2.235399e+00   1.231478e+00   2.397687e-01
  2.240545e+00   1.297144e+00   2.397728e-01
  2.245692e+00   1.567186e+00   2.407627e-01
  2.250838e+00   1.690647e+00   2.395417e-01
  2.255985e+00   9.809763e-01   2.379407e-01
  2.261131e+00   1.759315e+00   2.404724e-01
  2.266278e+00   1.107627e+00   2.369913e-01
  2.271425e+00   1.537695e+00   2.399022e-01
  2.276571e+00   1.498820e+00   2.388790e-01
  2.281718e+00   1.407541e+00   2.375560e-01
  2.286864e+00   1.659140e+00   2.389414e-01
  2.292011e+00   1.550241e+00   2.387786e-01
  2.297157e+00   1.459871e+00   2.366422e-01
  2.302304e+00   1.099275e+00   2.366608e-01
  2.307451e+00   1.316970e+00   2.384732e-01
  2.312597e+00   1.383852e+00   2.370430e-01
  2.317744e+00   1.198501e+00   2.351897e-01
  2.322890e+00   1.383744e+00   2.364928e-01
  2.328037e+00   1.353252e+00   2.347098e-01
  2.333183e+00   1.076588e+00   2.349261e-01
  2.338330e+00   1.197372e+00   2.360939e-01
  2.343477e+00   1.511166e+00   2.350916e-01
  2.348623e+00   1.528591e+00   2.341754e-01
  2.353770e+00   1.785898e+00   2.360718e-01
  2.358916e+00   1.591017e+00   2.355616e-01
  2.364063e+00   1.383855e+00   2.337252e-01
  2.369209e+00   1.556935e+00   2.347828e-01
  2.374356e+00   1.239449e+00   2.354195e-01
  2.379503e+00   1.733323e+00   2.335088e-01
  2.384649e+00   1.453413e+00   2.356285e-01
  2.389796e+00   1.084909e+00   2.323306e-01
  2.394942e+00   1.687981e+00   2.336367e-01
  2.400089e+00   1.405207e+00   2.358790e-01
  2.405235e+00   1.630514e+00   2.336987e-01
  2.410382e+00   1.034309e+00   2.318307e-01
  2.415529e+00   1.416178e+00   2.326395e-01
  2.420675e+00   1.760802e+00   2.334458e-01
  2.425822e+00   1.473812e+00   2.318068e-01
  2.430968e+00   1.273661e+00   2.330158e-01
  2.436115e+00   1.636369e+00   2.327121e-01
  2.441261e+00   1.739724e+00   2.314664e-01
  2.446408e+00   1.338777e+00   2.327612e-01
  2.451555e+00   1.346396e+00   2.311916e-01
  2.456701e+00   1.689588e+00   2.305094e-01
  2.461848e+00   1.892261e+00   2.330309e-01
  2.466994e+00   1.470117e+00   2.295623e-01
  2.472141e+00   1.763521e+00   2.297252e-01
  2.477287e+00   1.144668e+00   2.302773e-01
  2.482434e+00   1.343870e+00   2.289785e-01
  2.487581e+00   1.733312e+00   2.285950e-01
  2.492727e+00   1.304453e+00   2.300321e-01
  2.497874e+00   1.804271e+00   2.286711e-01
  2.503020e+00   1.611332e+00   2.274385e-01
  2.508167e+00   1.790500e+00   2.282691e-01
  2.513313e+00   1.455055e+00   2.286992e-01
  2.518460e+00   1.780330e+00   2.266328e-01
  2.523606e+00   1.628883e+00   2.292653e-01
  2.528753e+00   1.382723e+00   2.273876e-01
  2.533900e+00   2.068376e+00   2.273263e-01
  2.539046e+00   1.390302e+00   2.275983e-01
  2.544193e+00   1.591005e+00   2.275167e-01
  2.549339e+00   1.666546e+00   2.266436e-01
  2.554486e+00   1.500920e+00   2.286301e-01
  2.559632e+00   1.331652e+00   2.264338e-01
  2.564779e+00   1.387445e+00   2.253904e-01
  2.569926e+00   1.673568e+00   2.274177e-01
  2.575072e+00   1.927057e+00   2.326558e-01
  2.580219e+00   1.557275e+00   2.332577e-01
  2.585365e+00   2.023095e+00   2.369936e-01
  2.590512e+00   1.591169e+00   2.383162e-01
  2.595658e+00   1.980931e+00   2.371631e-01
  2.600805e+00   1.870144e+00   2.352541e-01
  2.605952e+00   1.422301e+00   2.320239e-01
  2.611098e+00   2.122780e+00   2.312058e-01
  2.616245e+00   1.695873e+00   2.323513e-01
  2.621391e+00   1.942385e+00   2.314571e-01
  2.626538e+00   1.996476e+00   2.291730e-01
  2.631684e+00   1.459016e+00   2.295307e-01
  2.636831e+00   2.013004e+00   2.293085e-01
  2.641978e+00   1.852535e+00   2.279493e-01
  2.647124e+00   2.003343e+00   2.307664e-01
  2.652271e+00   1.897086e+00   2.292415e-01
  2.657417e+00   1.913189e+00   2.282526e-01
  2.662564e+00   2.006775e+00   2.293560e-01
  2.667710e+00   1.977063e+00   2.294705e-01
  2.672857e+00   1.776559e+00   2.275575e-01
  2.678004e+00   1.945373e+00   2.281388e-01
  2.683150e+00   1.490471e+00   2.269648e-01
  2.688297e+00   1.507113e+00   2.263258e-01
  2.693443e+00   1.842583e+00   2.282011e-01
  2.698590e+00   1.545415e+00   2.272561e-01
  2.703736e+00   1.638027e+00   2.268212e-01
  2.708883e+00   1.723035e+00   2.278021e-01
  2.714030e+00   2.083570e+00   2.269570e-01
  2.719176e+00   1.745923e+00   2.258673e-01
  2.724323e+00   1.858449e+00   2.269323e-01
  2.729469e+00   1.818001e+00   2.254048e-01
  2.734616e+00   1.842700e+00   2.256661e-01
  2.739762e+00   1.699374e+00   2.258614e-01
  2.744909e+00   1.896973e+00   2.269213e-01
  2.750056e+00   1.664270e+00   2.238407e-01
  2.755202e+00   1.732182e+00   2.260604e-01
  2.760349e+00   1.528399e+00   2.239736e-01
  2.765495e+00   1.851240e+00   2.242955e-01
  2.770642e+00   1.787950e+00   2.246868e-01
  2.775788e+00   1.746041e+00   2.253551e-01
  2.780935e+00   1.930201e+00   2.240738e-01
  2.786082e+00   1.862562e+00   2.251687e-01
  2.791228e+00   1.615710e+00   2.240734e-01
  2.796375e+00   1.837868e+00   2.247185e-01
  2.801521e+00   1.668139e+00   2.240016e-01
  2.806668e+00   1.889051e+00   2.234065e-01
  2.811814e+00   2.438547e+00   2.236746e-01
  2.816961e+00   1.835273e+00   2.274437e-01
  2.822108e+00   1.928855e+00   2.288052e-01
  2.827254e+00   2.054754e+00   2.298349e-01
  2.832401e+00   1.987433e+00   2.309836e-01
  2.837547e+00   2.010916e+00   2.323292e-01
  2.842694e+00   1.988368e+00   2.307403e-01
  2.847840e+00   1.914686e+00   2.310847e-01
  2.852987e+00   1.583087e+00   2.305008e-01
  2.858134e+00   1.995610e+00   2.295080e-01
  2.863280e+00   1.967226e+00   2.303333e-01
  2.868427e+00   1.810803e+00   2.302448e-01
  2.873573e+00   2.007948e+00   2.299041e-01
  2.878720e+00   1.871788e+00   2.307429e-01
  2.883866e+00   1.694332e+00   2.299311e-01
  2.889013e+00   2.038546e+00   2.283895e-01
  2.894160e+00   1.895488e+00   2.280922e-01
  2.899306e+00   2.046708e+00   2.288244e-01
  2.904453e+00   2.156522e+00   2.279338e-01
  2.909599e+00   2.101154e+00   2.288223e-01
  2.914746e+00   1.906876e+00   2.291252e-01
  2.919892e+00   1.770645e+00   2.277584e-01
  2.925039e+00   1.781241e+00   2.293108e-01
  2.930186e+00   1.808522e+00   2.330268e-01
  2.935332e+00   2.138615e+00   2.359449e-01
  2.940479e+00   2.096529e+00   2.395964e-01
  2.945625e+00   2.149675e+00   2.408786e-01
  2.950772e+00   2.378629e+00   2.428570e-01
  2.955918e+00   1.964308e+00   2.439904e-01
  2.961065e+00   2.116787e+00   2.452635e-01
  2.966212e+00   1.956069e+00   2.466707e-01
  2.971358e+00   1.743543e+00   2.485597e-01
  2.976505e+00   1.659731e+00   2.493989e-01
  2.981651e+00   1.929447e+00   2.494682e-01
  2.986798e+00   1.656451e+00   2.526267e-01
  2.991944e+00   1.851933e+00   2.535036e-01
  2.997091e+00   2.191402e+00   2.481086e-01
  3.002238e+00   1.298248e+00   2.456866e-01
  3.007384e+00   1.775377e+00   2.436030e-01
  3.012531e+00   1.825232e+00   2.419399e-01
  3.017677e+00   1.645048e+00   2.410863e-01
  3.022824e+00   1.574557e+00   2.417198e-01
  3.027970e+00   1.927108e+00   2.391963e-01
  3.033117e+00   1.895877e+00   2.401664e-01
  3.038264e+00   2.154436e+00   2.407414e-01
  3.043410e+00   1.793263e+00   2.385010e-01
  3.048557e+00   1.813638e+00   2.388849e-01
  3.053703e+00   1.698102e+00   2.398337e-01
  3.058850e+00   1.884259e+00   2.397759e-01
  3.063996e+00   1.940824e+00   2.403774e-01
  3.069143e+00   1.531450e+00   2.393083e-01
  3.074290e+00   1.618916e+00   2.371473e-01
  3.079436e+00   1.721791e+00   2.389444e-01
  3.084583e+00   1.655164e+00   2.386242e-01
  3.089729e+00   1.820680e+00   2.376888e-01
  3.094876e+00   1.690450e+00   2.380300e-01
  3.100022e+00   1.449434e+00   2.379561e-01
  3.105169e+00   1.550853e+00   2.365503e-01
  3.110316e+00   1.541132e+00   2.377754e-01
  3.115462e+00   2.093844e+00   2.377038e-01
  3.120609e+00   1.849966e+00   2.349750e-01
  3.125755e+00   2.087603e+00   2.355866e-01
  3.130902e+00   1.500131e+00   2.357344e-01
  3.136048e+00   1.607414e+00   2.325375e-01
  3.141195e+00   2.250838e+00   2.353788e-01
  3.146342e+00   1.589488e+00   2.338007e-01
  3.151488e+00   1.523251e+00   2.318557e-01
  3.156635e+00   1.842869e+00   2.330411e-01
  3.161781e+00   1.475442e+00   2.337044e-01
  3.166928e+00   1.534388e+00   2.314131e-01
  3.172074e+00   1.983536e+00   2.327714e-01
  3.177221e+00   1.774592e+00   2.328318e-01
  3.182368e+00   1.935710e+00   2.321095e-01
  3.187514e+00   1.838939e+00   2.320500e-01
  3.192661e+00   1.533811e+00   2.333363e-01
  3.197807e+00   1.300721e+00   2.299490e-01
  3.202954e+00   1.718414e+00   2.318220e-01
  3.208100e+00   1.910862e+00   2.326347e-01
  3.213247e+00   1.921180e+00   2.310234e-01
  3.218394e+00   1.901897e+00   2.325896e-01
  3.223540e+00   1.592280e+00   2.328194e-01
  3.228687e+00   1.776224e+00   2.296791e-01
  3.233833e+00   1.898019e+00   2.308993e-01
  3.238980e+00   1.961588e+00   2.335440e-01
  3.244126e+00   1.780969e+00   2.296889e-01
  3.249273e+00   1.975705e+00   2.294430e-01
  3.254420e+00   2.278970e+00   2.327926e-01
  3.259566e+00   1.746011e+00   2.286265e-01
  3.264713e+00   1.804538e+00   2.305670e-01
  3.269859e+00   1.598152e+00   2.321862e-01
  3.275006e+00   2.181242e+00   2.295945e-01
  3.280152e+00   1.855075e+00   2.304392e-01
  3.285299e+00   1.624218e+00   2.323606e-01
  3.290446e+00   1.414636e+00   2.283363e-01
  3.295592e+00   1.606076e+00   2.293389e-01
  3.300739e+00   1.602974e+00   2.307330e-01
  3.305885e+00   1.769680e+00   2.280405e-01
  3.311032e+00   1.583097e+00   2.297089e-01
  3.316178e+00   1.431018e+00   2.300688e-01
  3.321325e+00   1.661148e+00   2.283429e-01
  3.326471e+00   1.077918e+00   2.281039e-01
  3.331618e+00   1.138575e+00   2.296081e-01
  3.336765e+00   1.613760e+00   2.271432e-01
  3.341911e+00   1.749233e+00   2.281205e-01
  3.347058e+00   1.699831e+00   2.291976e-01
  3.352204e+00   1.327554e+00   2.267074e-01
  3.357351e+00   1.645523e+00   2.275291e-01
  3.362497e+00   1.493801e+00   2.291521e-01
  3.367644e+00   1.295468e+00   2.255324e-01
  3.372791e+00   1.782897e+00   2.289344e-01
  3.377937e+00   1.563787e+00   2.287482e-01
  3.383084e+00   1.495618e+00   2.277294e-01
  3.388230e+00   1.842682e+00   2.275855e-01
  3.393377e+00   1.512026e+00   2.292411e-01
  3.398523e+00   1.730487e+00   2.270822e-01
  3.403670e+00   1.822680e+00   2.277829e-01
  3.408817e+00   1.637091e+00   2.289646e-01
  3.413963e+00   1.760796e+00   2.271640e-01
  3.419110e+00   1.352036e+00   2.268587e-01
  3.424256e+00   1.689007e+00   2.282812e-01
  3.429403e+00   1.445631e+00   2.259818e-01
  3.434549e+00   1.504321e+00   2.277663e-01
  3.439696e+00   1.264742e+00   2.273190e-01
  3.444843e+00   1.648448e+00   2.264933e-01
  3.449989e+00   1.960150e+00   2.270114e-01
  3.455136e+00   9.651366e-01   2.266912e-01
  3.460282e+00   1.649985e+00   2.261636e-01
  3.465429e+00   1.510182e+00   2.270985e-01
  3.470575e+00   1.192034e+00   2.262829e-01
  3.475722e+00   1.778981e+00   2.261297e-01
  3.480869e+00   1.637481e+00   2.255898e-01
  3.486015e+00   1.543018e+00   2.282868e-01
  3.491162e+00   1.398492e+00   2.250179e-01
  3.496308e+00   1.168386e+00   2.254996e-01
  3.501455e+00   1.276072e+00   2.266044e-01
  3.506601e+00   1.647899e+00   2.268991e-01
  3.511748e+00   1.460943e+00   2.247979e-01
  3.516895e+00   1.403256e+00   2.270245e-01
  3.522041e+00   1.333982e+00   2.251264e-01
  3.527188e+00   1.560515e+00   2.259320e-01
  3.532334e+00   1.530622e+00   2.257221e-01
  3.537481e+00   1.310485e+00   2.255709e-01
  3.542627e+00   1.533633e+00   2.253173e-01
  3.547774e+00   1.433312e+00   2.271595e-01
  3.552921e+00   1.201822e+00   2.246914e-01
  3.558067e+00   1.519488e+00   2.255580e-01
  3.563214e+00   1.325189e+00   2.268671e-01
  3.568360e+00   1.064865e+00   2.247055e-01
  3.573507e+00   1.189536e+00   2.244002e-01
  3.578653e+00   1.607602e+00   2.266667e-01
  3.583800e+00   1.270546e+00   2.248135e-01
  3.588947e+00   1.741320e+00   2.264844e-01
  3.594093e+00   1.605091e+00   2.264813e-01
  3.599240e+00   1.314216e+00   2.262731e-01
  3.604386e+00   1.362092e+00   2.238639e-01
  3.609533e+00   1.452269e+00   2.278790e-01
  3.614679e+00   1.206622e+00   2.245118e-01
  3.619826e+00   1.514830e+00   2.262921e-01
  3.624973e+00   1.723459e+00   2.260768e-01
  3.630119e+00   9.642296e-01   2.248812e-01
  3.635266e+00   9.558619e-01   2.245533e-01
  3.640412e+00   1.074244e+00   2.270218e-01
  3.645559e+00   1.359483e+00   2.252270e-01
  3.650705e+00   1.680483e+00   2.250198e-01
  3.655852e+00   1.352122e+00   2.256381e-01
  3.660999e+00   1.463204e+00   2.249796e-01
  3.666145e+00   1.275003e+00   2.239816e-01
  3.671292e+00   1.389829e+00   2.270968e-01
  3.676438e+00   1.346063e+00   2.237612e-01
  3.681585e+00   1.414964e+00   2.250941e-01
  3.686731e+00   1.603492e+00   2.266020e-01
  3.691878e+00   1.349519e+00   2.248273e-01
  3.697025e+00   8.743330e-01   2.229666e-01
  3.702171e+00   1.176058e+00   2.267110e-01
  3.707318e+00   1.437148e+00   2.243383e-01
  3.712464e+00   1.258666e+00   2.244197e-01
  3.717611e+00   1.631185e+00   2.264706e-01
  3.722757e+00   1.243534e+00   2.244125e-01
  3.727904e+00   9.944814e-01   2.248230e-01
  3.733051e+00   1.325510e+00   2.279721e-01
  3.738197e+00   1.396561e+00   2.243031e-01
  3.743344e+00   1.342463e+00   2.257461e-01
  3.748490e+00   7.571943e-01   2.294202e-01
  3.753637e+00   1.088320e+00   2.327935e-01
  3.758783e+00   1.491751e+00   2.363943e-01
  3.763930e+00   1.697756e+00   2.404928e-01
  3.769077e+00   1.303598e+00   2.404732e-01
  3.774223e+00   1.723728e+00   2.440089e-01
  3.779370e+00   1.394731e+00   2.439922e-01
  3.784516e+00   1.185753e+00   2.421487e-01
  3.789663e+00   1.310217e+00   2.444329e-01
  3.794809e+00   1.588245e+00   2.478316e-01
  3.799956e+00   9.507077e-01   2.440334e-01
  3.805103e+00   1.358507e+00   2.467110e-01
  3.810249e+00   1.356539e+00   2.475760e-01
  3.815396e+00   1.327951e+00   2.393595e-01
  3.820542e+00   1.321446e+00   2.378269e-01
  3.825689e+00   1.333318e+00   2.378549e-01
  3.830835e+00   1.680827e+00   2.345860e-01
  3.835982e+00   1.153541e+00   2.345083e-01
  3.841129e+00   1.233813e+00   2.356636e-01
  3.846275e+00   1.064476e+00   2.340288e-01
  3.851422e+00   1.105657e+00   2.335900e-01
  3.856568e+00   1.377427e+00   2.364343e-01
  3.861715e+00   8.010887e-01   2.319596e-01
  3.866861e+00   1.129452e+00   2.348354e-01
  3.872008e+00   1.604022e+00   2.362380e-01
  3.877155e+00   1.130157e+00   2.340542e-01
  3.882301e+00   1.460540e+00   2.350747e-01
  3.887448e+00   1.297929e+00   2.359736e-01
  3.892594e+00   1.280748e+00   2.332787e-01
  3.897741e+00   1.132799e+00   2.346243e-01
  3.902887e+00   8.923075e-01   2.348532e-01
  3.908034e+00   1.084512e+00   2.333696e-01
  3.913181e+00   1.473252e+00   2.350530e-01
  3.918327e+00   1.136438e+00   2.362318e-01
  3.923474e+00   1.248159e+00   2.339882e-01
  3.928620e+00   1.217036e+00   2.347894e-01
  3.933767e+00   1.220305e+00   2.356219e-01
  3.938913e+00   1.048562e+00   2.342864e-01
  3.944060e+00   1.077409e+00   2.350016e-01
  3.949207e+00   9.008251e-01   2.359455e-01
  3.954353e+00   1.405252e+00   2.350334e-01
  3.959500e+00   1.126429e+00   2.373628e-01
  3.964646e+00   1.265507e+00   2.371124e-01
  3.969793e+00   1.365117e+00   2.356733e-01
  3.974939e+00   1.125468e+00   2.364183e-01
  3.980086e+00   1.425736e+00   2.381492e-01
  3.985233e+00   9.745027e-01   2.357984e-01
  3.990379e+00   1.249394e+00   2.370800e-01
  3.995526e+00   8.945011e-01   2.375159e-01
  4.000672e+00   1.054792e+00   2.368145e-01
  4.005819e+00   1.207105e+00   2.383540e-01
  4.010965e+00   7.993050e-01   2.376280e-01
  4.016112e+00   7.359005e-01   2.363891e-01
  4.021259e+00   1.276484e+00   2.382994e-01
  4.026405e+00   9.643450e-01   2.381858e-01
  4.031552e+00   1.219170e+00   2.388597e-01
  4.036698e+00   8.237265e-01   2.380948e-01
  4.041845e+00   9.835448e-01   2.386923e-01
  4.046991e+00   1.179016e+00   2.381888e-01
  4.052138e+00   1.097332e+00   2.409679e-01
  4.057285e+00   1.256350e+00   2.391976e-01
  4.062431e+00   1.043197e+00   2.383095e-01
  4.067578e+00   1.375822e+00   2.405832e-01
  4.072724e+00   1.273902e+00   2.402183e-01
  4.077871e+00   1.082384e+00   2.384407e-01
  4.083017e+00   6.337702e-01   2.406533e-01
  4.088164e+00   9.759185e-01   2.392062e-01
  4.093311e+00   1.183793e+00   2.407982e-01
  4.098457e+00   1.152920e+00   2.412431e-01
  4.103604e+00   1.123251e+00   2.408655e-01
  4.108750e+00   1.270336e+00   2.405172e-01
  4.113897e+00   1.097172e+00   2.425882e-01
  4.119043e+00   1.180824e+00   2.410528e-01
  4.124190e+00   1.330508e+00   2.403967e-01
  4.129336e+00   1.389456e+00   2.416697e-01
  4.134483e+00   7.789700e-01   2.413231e-01
  4.139630e+00   1.342055e+00   2.424194e-01
  4.144776e+00   1.302319e+00   2.427185e-01
  4.149923e+00   5.794908e-01   2.412811e-01
  4.155069e+00   1.236142e+00   2.408603e-01
  4.160216e+00   1.307858e+00   2.438531e-01
  4.165362e+00   1.576500e+00   2.435985e-01
  4.170509e+00   1.234354e+00   2.422909e-01
  4.175656e+00   1.220176e+00   2.438847e-01
  4.180802e+00   5.601966e-01   2.417987e-01
  4.185949e+00   1.112026e+00   2.447479e-01
  4.191095e+00   1.557562e+00   2.469273e-01
  4.196242e+00   1.556780e+00   2.468879e-01
  4.201388e+00   1.506772e+00   2.482445e-01
  4.206535e+00   1.013939e+00   2.487854e-01
  4.211682e+00   1.049340e+00   2.497873e-01
  4.216828e+00   8.891541e-01   2.505514e-01
  4.221975e+00   1.253226e+00   2.510145e-01
  4.227121e+00   1.004214e+00   2.511024e-01
  4.232268e+00   9.952856e-01   2.517717e-01
  4.237414e+00   8.615051e-01   2.525047e-01
  4.242561e+00   1.344906e+00   2.541371e-01
  4.247708e+00   6.134759e-01   2.539007e-01
  4.252854e+00   1.802007e+00   2.566910e-01
  4.258001e+00   8.363230e-01   2.537647e-01
  4.263147e+00   9.741191e-01   2.566645e-01
  4.268294e+00   5.936086e-01   2.554200e-01
  4.273440e+00   1.293510e+00   2.591633e-01
  4.278587e+00   1.546030e+00   2.593423e-01
  4.283734e+00   9.845116e-01   2.584598e-01
  4.288880e+00   1.243433e+00   2.598568e-01
  4.294027e+00   1.149682e+00   2.589233e-01
  4.299173e+00   1.182780e+00   2.608216e-01
  4.304320e+00   1.259830e+00   2.597429e-01
  4.309466e+00   7.849032e-01   2.594919e-01
  4.314613e+00   1.428375e+00   2.608412e-01
  4.319760e+00   1.726798e+00   2.611731e-01
  4.324906e+00   1.143221e+00   2.618120e-01
  4.330053e+00   1.223183e+00   2.619725e-01
  4.335199e+00   1.324295e+00   2.621078e-01
  4.340346e+00   1.177866e+00   2.603144e-01
  4.345492e+00   1.650976e+00   2.630677e-01
  4.350639e+00   1.661146e+00   2.628671e-01
  4.355786e+00   1.130518e+00   2.642468e-01
  4.360932e+00   1.288918e+00   2.642592e-01
  4.366079e+00   1.569482e+00   2.643577e-01
  4.371225e+00   1.643784e+00   2.649223e-01
  4.376372e+00   1.144769e+00   2.661709e-01
  4.381518e+00   7.332334e-01   2.640093e-01
  4.386665e+00   8.911287e-01   2.652605e-01
  4.391812e+00   1.225015e+00   2.645086e-01
  4.396958e+00   7.325025e-01   2.652587e-01
  4.402105e+00   1.293723e+00   2.656409e-01
  4.407251e+00   1.656721e+00   2.677429e-01
  4.412398e+00   7.001870e-01   2.654343e-01
  4.417544e+00   1.063220e+00   2.678857e-01
  4.422691e+00   1.486107e+00   2.691042e-01
  4.427838e+00   1.361116e+00   2.695584e-01
  4.432984e+00   4.787634e-01   2.687545e-01
  4.438131e+00   1.355647e+00   2.722831e-01
  4.443277e+00   1.394926e+00   2.721163e-01
  4.448424e+00   1.615925e+00   2.738596e-01
  4.453570e+00   1.209351e+00   2.729064e-01
  4.458717e+00   1.331996e+00   2.760558e-01
  4.463864e+00   5.695078e-01   2.753388e-01
  4.469010e+00   1.514232e+00   2.792909e-01
  4.474157e+00   1.291695e+00   2.776260e-01
  4.479303e+00   1.200160e+00   2.783308e-01
  4.484450e+00   1.049420e+00   2.781539e-01
  4.489596e+00   1.371226e+00   2.798556e-01
  4.494743e+00   1.476292e+00   2.817758e-01
  4.499890e+00   1.240937e+00   2.820503e-01
  4.505036e+00   9.982039e-01   2.822003e-01
  4.510183e+00   1.055825e+00   2.830997e-01
  4.515329e+00   8.744079e-01   2.851960e-01
  4.520476e+00   1.784495e+00   2.866171e-01
  4.525622e+00   1.539897e+00   2.851434e-01
  4.530769e+00   6.642578e-01   2.858033e-01
  4.535916e+00   1.485875e+00   2.883522e-01
  4.541062e+00   1.593463e+00   2.882647e-01
  4.546209e+00   9.829098e-01   2.891678e-01
  4.551355e+00   1.054119e+00   2.879106e-01
  4.556502e+00   1.696264e+00   2.906590e-01
  4.561648e+00   1.444250e+00   2.908356e-01
  4.566795e+00   1.585194e+00   2.928915e-01
  4.571942e+00   1.502918e+00   2.918981e-01
  4.577088e+00   1.155841e+00   2.922682e-01
  4.582235e+00   7.158191e-01   2.947193e-01
  4.587381e+00   1.680410e+00   2.969944e-01
  4.592528e+00   8.372610e-01   2.935414e-01
  4.597674e+00   9.044541e-01   2.975588e-01
  4.602821e+00   1.445639e+00   2.979594e-01
  4.607968e+00   1.647838e+00   3.025295e-01
  4.613114e+00   1.537825e+00   3.016311e-01
  4.618261e+00   1.401344e+00   3.014960e-01
  4.623407e+00   1.410621e+00   3.016976e-01
  4.628554e+00   1.409024e+00   3.012949e-01
  4.633700e+00   1.762519e+00   3.036019e-01
  4.638847e+00   1.400099e+00   3.030140e-01
  4.643994e+00   1.460439e+00   3.037598e-01
  4.649140e+00   9.265928e-01   3.027895e-01
  4.654287e+00   9.789080e-01   3.040624e-01
  4.659433e+00   1.697896e+00   3.050086e-01
  4.664580e+00   1.277730e+00   3.044052e-01
  4.669726e+00   1.465412e+00   3.051785e-01
  4.674873e+00   8.933575e-01   3.043658e-01
  4.680020e+00   1.520824e+00   3.064557e-01
  4.685166e+00   1.076366e+00   3.081212e-01
  4.690313e+00   1.651608e+00   3.084970e-01
  4.695459e+00   9.293524e-01   3.080466e-01
  4.700606e+00   1.597285e+00   3.121449e-01
  4.705752e+00   2.033314e+00   3.128937e-01
  4.710899e+00   1.021620e+00   3.107662e-01
  4.716046e+00   1.007498e+00   3.130750e-01
  4.721192e+00   1.101368e+00   3.150395e-01
  4.726339e+00   1.435312e+00   3.164397e-01
  4.731485e+00   1.117409e+00   3.157488e-01
  4.736632e+00   9.701869e-01   3.175642e-01
  4.741778e+00   1.828345e+00   3.209521e-01
  4.746925e+00   1.927113e+00   3.205548e-01
  4.752072e+00   1.069309e+00   3.218313e-01
  4.757218e+00   1.062229e+00   3.206871e-01
  4.762365e+00   1.547677e+00   3.233552e-01
  4.767511e+00   1.107630e+00   3.217273e-01
  4.772658e+00   1.266663e+00   3.244181e-01
  4.777804e+00   1.762476e+00   3.266000e-01
  4.782951e+00   1.673136e+00   3.278431e-01
  4.788098e+00   1.449677e+00   3.277564e-01
  4.793244e+00   1.618233e+00   3.315118e-01
  4.798391e+00   8.584195e-01   3.314747e-01
  4.803537e+00   1.724447e+00   3.298686e-01
  4.808684e+00   1.253231e+00   3.320937e-01
  4.813830e+00   7.823679e-01   3.326080e-01
  4.818977e+00   1.555467e+00   3.339459e-01
  4.824124e+00   1.462836e+00   3.366153e-01
  4.829270e+00   1.154461e+00   3.362003e-01
  4.834417e+00   1.327769e+00   3.382154e-01
  4.839563e+00   1.780604e+00   3.410046e-01
  4.844710e+00   1.621203e+00   3.418188e-01
  4.849856e+00   1.015545e+00   3.377287e-01
  4.855003e+00   1.808903e+00   3.426253e-01
  4.860150e+00   1.869417e+00   3.438141e-01
  4.865296e+00   1.402153e+00   3.438860e-01
  4.870443e+00   1.900801e+00   3.468791e-01
  4.875589e+00   1.037285e+00   3.453081e-01
  4.880736e+00   1.094903e+00   3.472718e-01
  4.885882e+00   8.781170e-01   3.477495e-01
  4.891029e+00   1.205733e+00   3.512117e-01
  4.896176e+00   1.735550e+00   3.518445e-01
  4.901322e+00   8.125092e-01   3.494234e-01
  4.906469e+00   1.896777e+00   3.539298e-01
  4.911615e+00   1.410182e+00   3.545710e-01
  4.916762e+00   1.773225e+00   3.552579e-01
  4.921908e+00   1.213990e+00   3.573761e-01
  4.927055e+00   2.044138e+00   3.583365e-01
  4.932201e+00   1.369766e+00   3.610230e-01
  4.937348e+00   2.174001e+00   3.623652e-01
  4.942495e+00   8.768085e-01   3.619449e-01
  4.947641e+00   1.501163e+00   3.608431e-01
  4.952788e+00   1.991880e+00   3.637792e-01
  4.957934e+00   1.956204e+00   3.636787e-01
  4.963081e+00   1.715041e+00   3.645687e-01
  4.968227e+00   9.156066e-01   3.616508e-01
  4.973374e+00   1.835280e+00   3.652118e-01
  4.978521e+00   1.596897e+00   3.669834e-01
  4.983667e+00   1.436048e+00   3.643847e-01
  4.988814e+00   7.433533e-01   3.695678e-01
  4.993960e+00   1.316811e+00   3.671943e-01
  4.999107e+00   1.077457e+00   3.673880e-01
  5.004253e+00   1.128277e+00   3.701264e-01
  5.009400e+00   1.444265e+00   3.752054e-01
  5.014547e+00   1.210146e+00   3.780826e-01
  5.019693e+00   1.356567e+00   3.789001e-01
  5.024840e+00   1.399827e+00   3.881159e-01
  5.029986e+00   1.369210e+00   3.887739e-01
  5.035133e+00   1.670284e+00   3.997948e-01
  5.040279e+00   1.307089e+00   3.992551e-01
  5.045426e+00   4.720353e-01   4.004778e-01
  5.050573e+00   1.026996e+00   4.063021e-01
  5.055719e+00   1.546359e+00   4.119854e-01
  5.060866e+00   1.056960e+00   4.168310e-01
  5.066012e+00   1.499791e+00   4.203680e-01
  5.071159e+00   1.468511e+00   4.269299e-01
  5.076305e+00   9.534174e-01   4.311443e-01
  5.081452e+00   8.044427e-01   4.382516e-01
  5.086599e+00   1.343430e+00   4.425758e-01
  5.091745e+00   1.098121e+00   4.545340e-01
  5.096892e+00   9.777432e-01   4.692032e-01
  5.102038e+00   1.256055e+00   4.830779e-01
  5.107185e+00   4.453726e-01   4.954460e-01
  5.112331e+00   1.994892e+00   5.118575e-01
  5.117478e+00   1.704808e+00   5.181004e-01
  5.122625e+00   1.445664e+00   5.280015e-01
  5.127771e+00   7.481379e-01   5.408796e-01
  5.132918e+00   1.154415e+00   5.600830e-01
  5.138064e+00   1.564430e+00   5.497452e-01
  5.143211e+00   1.684748e+00   5.507798e-01
  5.148357e+00   1.997193e+00   5.577008e-01
  5.153504e+00   1.538353e+00   5.627227e-01
  5.158651e+00   1.371562e+00   5.740212e-01
  5.163797e+00   1.722539e+00   6.582509e-01
  5.168944e+00   9.576566e-01   8.415461e-01
  5.174090e+00   2.910321e+00   9.608105e-01
  5.179237e+00   2.303347e+00   1.662161e+00
