Sample description: 
Sample:   c= 0 mg/ml  Code: 
  1.407443e-01   6.127927e+01   1.083500e+00
  1.458909e-01   6.093872e+01   1.023860e+00
  1.510375e-01   5.977384e+01   9.680524e-01
  1.561841e-01   6.090879e+01   9.346913e-01
  1.613306e-01   6.119199e+01   8.912053e-01
  1.664772e-01   6.004797e+01   8.669688e-01
  1.716238e-01   6.063469e+01   8.327110e-01
  1.767703e-01   6.062427e+01   7.876952e-01
  1.819169e-01   5.993149e+01   7.745391e-01
  1.870635e-01   5.956427e+01   7.562969e-01
  1.922101e-01   5.881836e+01   7.158256e-01
  1.973566e-01   5.939369e+01   7.088982e-01
  2.025032e-01   6.021911e+01   6.902786e-01
  2.076498e-01   5.830601e+01   6.670766e-01
  2.127963e-01   5.820269e+01   6.601905e-01
  2.179429e-01   5.966072e+01   6.386693e-01
  2.230895e-01   5.924283e+01   6.183894e-01
  2.282360e-01   5.786025e+01   6.115831e-01
  2.333826e-01   5.751096e+01   5.996469e-01
  2.385292e-01   5.835254e+01   5.885991e-01
  2.436758e-01   5.787898e+01   5.778678e-01
  2.488223e-01   5.780674e+01   5.676099e-01
  2.539689e-01   5.690371e+01   5.553195e-01
  2.591155e-01   5.674755e+01   5.501075e-01
  2.642620e-01   5.644805e+01   5.388578e-01
  2.694086e-01   5.708040e+01   5.301731e-01
  2.745552e-01   5.603479e+01   5.218536e-01
  2.797018e-01   5.613453e+01   5.159594e-01
  2.848483e-01   5.524489e+01   5.053596e-01
  2.899949e-01   5.553458e+01   5.070682e-01
  2.951415e-01   5.523394e+01   5.109072e-01
  3.002880e-01   5.468553e+01   5.097314e-01
  3.054346e-01   5.544276e+01   5.111799e-01
  3.105812e-01   5.433756e+01   5.071923e-01
  3.157277e-01   5.320750e+01   5.030575e-01
  3.208743e-01   5.371242e+01   4.969057e-01
  3.260209e-01   5.416985e+01   5.009268e-01
  3.311675e-01   5.444204e+01   4.974611e-01
  3.363140e-01   5.248574e+01   4.949037e-01
  3.414606e-01   5.245514e+01   4.901397e-01
  3.466072e-01   5.277106e+01   4.867795e-01
  3.517537e-01   5.247410e+01   4.828333e-01
  3.569003e-01   5.279431e+01   4.733359e-01
  3.620469e-01   5.186525e+01   4.576374e-01
  3.671934e-01   5.180285e+01   4.506532e-01
  3.723400e-01   5.142696e+01   4.482368e-01
  3.774866e-01   5.099675e+01   4.388229e-01
  3.826332e-01   5.146843e+01   4.334669e-01
  3.877797e-01   5.030769e+01   4.308037e-01
  3.929263e-01   5.045982e+01   4.230961e-01
  3.980729e-01   5.025671e+01   4.189171e-01
  4.032194e-01   4.928316e+01   4.136557e-01
  4.083660e-01   4.919405e+01   4.040873e-01
  4.135126e-01   4.900403e+01   4.022622e-01
  4.186592e-01   4.826349e+01   4.002622e-01
  4.238057e-01   4.804792e+01   3.938533e-01
  4.289523e-01   4.764709e+01   3.891566e-01
  4.340989e-01   4.748272e+01   3.869704e-01
  4.392454e-01   4.770450e+01   3.853475e-01
  4.443920e-01   4.730164e+01   3.804995e-01
  4.495386e-01   4.811493e+01   3.792028e-01
  4.546851e-01   4.686084e+01   3.712102e-01
  4.598317e-01   4.615248e+01   3.694471e-01
  4.649783e-01   4.593816e+01   3.699661e-01
  4.701249e-01   4.540616e+01   3.724102e-01
  4.752714e-01   4.538619e+01   3.731766e-01
  4.804180e-01   4.482346e+01   3.757357e-01
  4.855646e-01   4.471990e+01   3.736202e-01
  4.907111e-01   4.412059e+01   3.740016e-01
  4.958577e-01   4.403376e+01   3.739809e-01
  5.010043e-01   4.448372e+01   3.740434e-01
  5.061509e-01   4.325051e+01   3.726223e-01
  5.112974e-01   4.322908e+01   3.760184e-01
  5.164440e-01   4.198727e+01   3.686951e-01
  5.215906e-01   4.268515e+01   3.692912e-01
  5.267371e-01   4.296497e+01   3.695869e-01
  5.318837e-01   4.206244e+01   3.680447e-01
  5.370303e-01   4.148316e+01   3.549870e-01
  5.421768e-01   4.147255e+01   3.522114e-01
  5.473234e-01   4.125089e+01   3.490352e-01
  5.524700e-01   4.071054e+01   3.413401e-01
  5.576166e-01   4.015712e+01   3.407294e-01
  5.627631e-01   4.020425e+01   3.376300e-01
  5.679097e-01   3.988779e+01   3.318262e-01
  5.730563e-01   3.971891e+01   3.300172e-01
  5.782028e-01   3.966578e+01   3.286712e-01
  5.833494e-01   3.836877e+01   3.222661e-01
  5.884960e-01   3.849211e+01   3.219847e-01
  5.936426e-01   3.776208e+01   3.217183e-01
  5.987891e-01   3.731576e+01   3.150938e-01
  6.039357e-01   3.704391e+01   3.145959e-01
  6.090823e-01   3.707754e+01   3.134317e-01
  6.142288e-01   3.752735e+01   3.093757e-01
  6.193754e-01   3.626603e+01   3.065202e-01
  6.245220e-01   3.604940e+01   3.057016e-01
  6.296685e-01   3.528479e+01   3.018200e-01
  6.348151e-01   3.556352e+01   3.024015e-01
  6.399617e-01   3.502612e+01   3.002267e-01
  6.451083e-01   3.503731e+01   2.967297e-01
  6.502548e-01   3.494009e+01   2.950573e-01
  6.554014e-01   3.428614e+01   2.936893e-01
  6.605480e-01   3.394901e+01   2.922759e-01
  6.656945e-01   3.371947e+01   2.964042e-01
  6.708411e-01   3.308125e+01   2.981971e-01
  6.759877e-01   3.270574e+01   2.967093e-01
  6.811343e-01   3.248422e+01   2.965425e-01
  6.862808e-01   3.239592e+01   2.965533e-01
  6.914274e-01   3.210491e+01   2.890909e-01
  6.965740e-01   3.167155e+01   2.853790e-01
  7.017205e-01   3.116248e+01   2.845792e-01
  7.068671e-01   3.144066e+01   2.813165e-01
  7.120137e-01   3.109668e+01   2.783859e-01
  7.171602e-01   3.045018e+01   2.784394e-01
  7.223068e-01   3.017548e+01   2.745987e-01
  7.274534e-01   3.055931e+01   2.728096e-01
  7.326000e-01   2.992169e+01   2.716877e-01
  7.377465e-01   2.930727e+01   2.673081e-01
  7.428931e-01   2.946634e+01   2.659680e-01
  7.480397e-01   2.891885e+01   2.647879e-01
  7.531862e-01   2.871542e+01   2.622751e-01
  7.583328e-01   2.828848e+01   2.617420e-01
  7.634794e-01   2.796736e+01   2.620389e-01
  7.686259e-01   2.757336e+01   2.592902e-01
  7.737725e-01   2.727018e+01   2.566971e-01
  7.789191e-01   2.729374e+01   2.579646e-01
  7.840657e-01   2.665860e+01   2.535932e-01
  7.892122e-01   2.639272e+01   2.526884e-01
  7.943588e-01   2.669856e+01   2.535095e-01
  7.995054e-01   2.567517e+01   2.502084e-01
  8.046519e-01   2.607148e+01   2.497357e-01
  8.097985e-01   2.525777e+01   2.485324e-01
  8.149451e-01   2.520187e+01   2.445726e-01
  8.200917e-01   2.476096e+01   2.441686e-01
  8.252382e-01   2.448566e+01   2.440946e-01
  8.303848e-01   2.472022e+01   2.411606e-01
  8.355314e-01   2.424504e+01   2.400372e-01
  8.406779e-01   2.425078e+01   2.391846e-01
  8.458245e-01   2.368721e+01   2.377076e-01
  8.509711e-01   2.317872e+01   2.363622e-01
  8.561176e-01   2.318362e+01   2.362428e-01
  8.612642e-01   2.288604e+01   2.350838e-01
  8.664108e-01   2.263580e+01   2.331106e-01
  8.715574e-01   2.231993e+01   2.335909e-01
  8.767039e-01   2.219870e+01   2.306812e-01
  8.818505e-01   2.168698e+01   2.300598e-01
  8.869971e-01   2.130498e+01   2.283228e-01
  8.921436e-01   2.103100e+01   2.292553e-01
  8.972902e-01   2.118148e+01   2.260831e-01
  9.024368e-01   2.058722e+01   2.267776e-01
  9.075834e-01   2.077283e+01   2.256905e-01
  9.127299e-01   2.060385e+01   2.230297e-01
  9.178765e-01   2.031311e+01   2.237820e-01
  9.230231e-01   2.020120e+01   2.274638e-01
  9.281696e-01   1.913689e+01   2.237035e-01
  9.333162e-01   1.949589e+01   2.259988e-01
  9.384628e-01   1.894971e+01   2.258716e-01
  9.436093e-01   1.898855e+01   2.233294e-01
  9.487559e-01   1.854284e+01   2.250192e-01
  9.539025e-01   1.808364e+01   2.245651e-01
  9.590491e-01   1.825294e+01   2.224967e-01
  9.641956e-01   1.826472e+01   2.238152e-01
  9.693422e-01   1.770796e+01   2.235234e-01
  9.744888e-01   1.833296e+01   2.224483e-01
  9.796353e-01   1.762198e+01   2.221586e-01
  9.847819e-01   1.767752e+01   2.225326e-01
  9.899285e-01   1.733620e+01   2.206996e-01
  9.950751e-01   1.681463e+01   2.208502e-01
  1.000222e+00   1.679197e+01   2.212870e-01
  1.005368e+00   1.635524e+01   2.203207e-01
  1.010515e+00   1.621628e+01   2.224853e-01
  1.015661e+00   1.630735e+01   2.243409e-01
  1.020808e+00   1.571880e+01   2.228463e-01
  1.025954e+00   1.581350e+01   2.236804e-01
  1.031101e+00   1.523283e+01   2.233418e-01
  1.036248e+00   1.490265e+01   2.226328e-01
  1.041394e+00   1.499901e+01   2.232403e-01
  1.046541e+00   1.492583e+01   2.232584e-01
  1.051687e+00   1.473455e+01   2.220312e-01
  1.056834e+00   1.454863e+01   2.221934e-01
  1.061980e+00   1.388704e+01   2.211358e-01
  1.067127e+00   1.421591e+01   2.213322e-01
  1.072274e+00   1.389847e+01   2.185732e-01
  1.077420e+00   1.384163e+01   2.195552e-01
  1.082567e+00   1.359004e+01   2.183386e-01
  1.087713e+00   1.376673e+01   2.182800e-01
  1.092860e+00   1.330424e+01   2.178079e-01
  1.098006e+00   1.316293e+01   2.168858e-01
  1.103153e+00   1.272119e+01   2.163299e-01
  1.108300e+00   1.234170e+01   2.157291e-01
  1.113446e+00   1.257926e+01   2.187912e-01
  1.118593e+00   1.196740e+01   2.176144e-01
  1.123739e+00   1.218210e+01   2.202827e-01
  1.128886e+00   1.147157e+01   2.182993e-01
  1.134032e+00   1.171035e+01   2.171485e-01
  1.139179e+00   1.178014e+01   2.182765e-01
  1.144326e+00   1.179527e+01   2.172680e-01
  1.149472e+00   1.131390e+01   2.183662e-01
  1.154619e+00   1.153722e+01   2.178150e-01
  1.159765e+00   1.094576e+01   2.168392e-01
  1.164912e+00   1.114882e+01   2.159635e-01
  1.170058e+00   1.076743e+01   2.157197e-01
  1.175205e+00   1.057370e+01   2.142432e-01
  1.180352e+00   1.043228e+01   2.116908e-01
  1.185498e+00   1.018340e+01   2.115225e-01
  1.190645e+00   1.016667e+01   2.103281e-01
  1.195791e+00   9.712815e+00   2.084954e-01
  1.200938e+00   9.355578e+00   2.074919e-01
  1.206084e+00   9.550179e+00   2.063303e-01
  1.211231e+00   9.618535e+00   2.052536e-01
  1.216378e+00   8.615456e+00   2.044619e-01
  1.221524e+00   8.812941e+00   2.031610e-01
  1.226671e+00   8.853152e+00   2.046473e-01
  1.231817e+00   8.902401e+00   2.093103e-01
  1.236964e+00   8.941614e+00   2.076191e-01
  1.242110e+00   8.643398e+00   2.071743e-01
  1.247257e+00   8.566660e+00   2.088992e-01
  1.252404e+00   8.684279e+00   2.078646e-01
  1.257550e+00   8.032379e+00   2.075934e-01
  1.262697e+00   8.456409e+00   2.079742e-01
  1.267843e+00   8.331735e+00   2.076454e-01
  1.272990e+00   7.922899e+00   2.068129e-01
  1.278136e+00   7.988625e+00   2.092607e-01
  1.283283e+00   7.495037e+00   2.054586e-01
  1.288430e+00   7.416463e+00   2.076018e-01
  1.293576e+00   7.405104e+00   2.116990e-01
  1.298723e+00   7.184568e+00   2.116813e-01
  1.303869e+00   7.223448e+00   2.136965e-01
  1.309016e+00   6.862862e+00   2.148300e-01
  1.314162e+00   7.125829e+00   2.149639e-01
  1.319309e+00   6.719929e+00   2.167809e-01
  1.324456e+00   6.962647e+00   2.178051e-01
  1.329602e+00   6.617436e+00   2.152727e-01
  1.334749e+00   6.189713e+00   2.176107e-01
  1.339895e+00   6.687387e+00   2.177032e-01
  1.345042e+00   6.553944e+00   2.175326e-01
  1.350188e+00   6.752300e+00   2.194479e-01
  1.355335e+00   6.097229e+00   2.181089e-01
  1.360482e+00   6.205420e+00   2.144372e-01
  1.365628e+00   6.344238e+00   2.122430e-01
  1.370775e+00   5.700635e+00   2.114768e-01
  1.375921e+00   6.032334e+00   2.109235e-01
  1.381068e+00   6.069818e+00   2.090542e-01
  1.386214e+00   5.963646e+00   2.103221e-01
  1.391361e+00   5.317681e+00   2.062610e-01
  1.396508e+00   5.879385e+00   2.075287e-01
  1.401654e+00   5.218175e+00   2.066898e-01
  1.406801e+00   5.240075e+00   2.072743e-01
  1.411947e+00   5.067482e+00   2.039785e-01
  1.417094e+00   5.339622e+00   2.062452e-01
  1.422240e+00   5.457035e+00   2.043913e-01
  1.427387e+00   5.229489e+00   2.035065e-01
  1.432534e+00   5.339192e+00   2.043470e-01
  1.437680e+00   4.691798e+00   2.025822e-01
  1.442827e+00   4.850672e+00   2.015671e-01
  1.447973e+00   4.797294e+00   2.039823e-01
  1.453120e+00   4.324254e+00   2.011278e-01
  1.458266e+00   4.548213e+00   2.000852e-01
  1.463413e+00   4.569167e+00   2.011778e-01
  1.468560e+00   4.242197e+00   1.988899e-01
  1.473706e+00   4.140904e+00   1.984037e-01
  1.478853e+00   4.288003e+00   1.998128e-01
  1.483999e+00   3.883642e+00   1.986604e-01
  1.489146e+00   4.040223e+00   1.982038e-01
  1.494292e+00   4.357332e+00   1.989885e-01
  1.499439e+00   4.217524e+00   1.974443e-01
  1.504586e+00   3.932266e+00   1.965254e-01
  1.509732e+00   3.331848e+00   1.971306e-01
  1.514879e+00   3.534427e+00   1.959671e-01
  1.520025e+00   3.733739e+00   1.959704e-01
  1.525172e+00   3.796980e+00   1.975952e-01
  1.530318e+00   3.491717e+00   1.952147e-01
  1.535465e+00   3.288152e+00   1.959032e-01
  1.540612e+00   3.254969e+00   1.955437e-01
  1.545758e+00   3.181119e+00   1.944120e-01
  1.550905e+00   3.515098e+00   1.949859e-01
  1.556051e+00   3.116719e+00   1.936760e-01
  1.561198e+00   3.237926e+00   1.938954e-01
  1.566344e+00   3.199262e+00   1.930492e-01
  1.571491e+00   3.094371e+00   1.939283e-01
  1.576638e+00   2.737813e+00   1.937447e-01
  1.581784e+00   3.117218e+00   1.924111e-01
  1.586931e+00   2.751923e+00   1.921936e-01
  1.592077e+00   3.094261e+00   1.929498e-01
  1.597224e+00   2.978411e+00   1.917874e-01
  1.602370e+00   2.880855e+00   1.912236e-01
  1.607517e+00   2.674077e+00   1.920974e-01
  1.612664e+00   2.501259e+00   1.904737e-01
  1.617810e+00   2.515829e+00   1.913482e-01
  1.622957e+00   2.641273e+00   1.906374e-01
  1.628103e+00   2.484196e+00   1.893800e-01
  1.633250e+00   2.537954e+00   1.901869e-01
  1.638396e+00   2.435509e+00   1.901955e-01
  1.643543e+00   2.207881e+00   1.883384e-01
  1.648690e+00   2.677566e+00   1.896160e-01
  1.653836e+00   2.455555e+00   1.898421e-01
  1.658983e+00   2.073652e+00   1.875007e-01
  1.664129e+00   2.101588e+00   1.895929e-01
  1.669276e+00   1.879371e+00   1.885529e-01
  1.674422e+00   2.415871e+00   1.881082e-01
  1.679569e+00   2.047431e+00   1.881544e-01
  1.684716e+00   1.909146e+00   1.884490e-01
  1.689862e+00   2.007678e+00   1.865297e-01
  1.695009e+00   1.923054e+00   1.871241e-01
  1.700155e+00   2.087214e+00   1.876723e-01
  1.705302e+00   2.196747e+00   1.867733e-01
  1.710448e+00   2.116648e+00   1.877723e-01
  1.715595e+00   1.586456e+00   1.859174e-01
  1.720741e+00   2.064617e+00   1.852160e-01
  1.725888e+00   1.783075e+00   1.859381e-01
  1.731035e+00   1.775150e+00   1.859297e-01
  1.736181e+00   1.485758e+00   1.839302e-01
  1.741328e+00   1.898851e+00   1.847128e-01
  1.746474e+00   1.693237e+00   1.854761e-01
  1.751621e+00   1.382881e+00   1.840416e-01
  1.756767e+00   1.406000e+00   1.827426e-01
  1.761914e+00   1.848364e+00   1.838692e-01
  1.767061e+00   1.558512e+00   1.814912e-01
  1.772207e+00   1.722376e+00   1.822796e-01
  1.777354e+00   1.391318e+00   1.830737e-01
  1.782500e+00   1.351725e+00   1.819655e-01
  1.787647e+00   1.389401e+00   1.813528e-01
  1.792793e+00   1.256514e+00   1.832510e-01
  1.797940e+00   1.537613e+00   1.814766e-01
  1.803087e+00   8.640103e-01   1.806856e-01
  1.808233e+00   9.885072e-01   1.811602e-01
  1.813380e+00   1.202574e+00   1.810325e-01
  1.818526e+00   1.168211e+00   1.791058e-01
  1.823673e+00   1.098511e+00   1.809313e-01
  1.828819e+00   1.414433e+00   1.805673e-01
  1.833966e+00   1.383219e+00   1.803088e-01
  1.839113e+00   1.259148e+00   1.810414e-01
  1.844259e+00   9.893246e-01   1.798192e-01
  1.849406e+00   1.126462e+00   1.783580e-01
  1.854552e+00   1.005070e+00   1.805997e-01
  1.859699e+00   1.159238e+00   1.798802e-01
  1.864845e+00   5.833744e-01   1.793471e-01
  1.869992e+00   9.292974e-01   1.799810e-01
  1.875139e+00   1.183289e+00   1.794261e-01
  1.880285e+00   6.179123e-01   1.785990e-01
  1.885432e+00   1.005266e+00   1.796829e-01
  1.890578e+00   7.414029e-01   1.783535e-01
  1.895725e+00   9.858167e-01   1.780395e-01
  1.900871e+00   1.040914e+00   1.802368e-01
  1.906018e+00   1.102491e+00   1.788148e-01
  1.911165e+00   9.027777e-01   1.779186e-01
  1.916311e+00   1.267365e+00   1.794253e-01
  1.921458e+00   8.792577e-01   1.790980e-01
  1.926604e+00   5.943380e-01   1.777111e-01
  1.931751e+00   8.571125e-01   1.789306e-01
  1.936897e+00   5.139892e-01   1.775716e-01
  1.942044e+00   8.205361e-01   1.769327e-01
  1.947191e+00   7.515218e-01   1.782397e-01
  1.952337e+00   1.030125e+00   1.779507e-01
  1.957484e+00   1.014740e+00   1.769689e-01
  1.962630e+00   7.184891e-01   1.787036e-01
  1.967777e+00   4.128882e-01   1.776136e-01
  1.972923e+00   8.742056e-01   1.768812e-01
  1.978070e+00   1.109561e+00   1.782138e-01
  1.983217e+00   9.953431e-01   1.768650e-01
  1.988363e+00   8.868477e-01   1.769074e-01
  1.993510e+00   3.409428e-01   1.768419e-01
  1.998656e+00   1.037812e+00   1.776260e-01
  2.003803e+00   3.104208e-01   1.765335e-01
  2.008949e+00   7.074143e-01   1.772039e-01
  2.014096e+00   5.200041e-01   1.766427e-01
  2.019243e+00   9.445207e-01   1.764789e-01
  2.024389e+00   5.895744e-01   1.763861e-01
  2.029536e+00   7.722753e-01   1.763950e-01
  2.034682e+00   7.445321e-01   1.756809e-01
  2.039829e+00   6.657422e-01   1.765496e-01
  2.044975e+00   5.717592e-01   1.758710e-01
  2.050122e+00   2.786052e-02   1.753803e-01
  2.055269e+00   5.687588e-01   1.764574e-01
  2.060415e+00   6.576427e-01   1.761276e-01
  2.065562e+00   6.746291e-01   1.753258e-01
  2.070708e+00   6.221181e-01   1.752940e-01
  2.075855e+00   4.038189e-01   1.747932e-01
  2.081001e+00   6.642458e-01   1.751071e-01
  2.086148e+00   4.403530e-01   1.756861e-01
  2.091295e+00   1.674999e-01   1.746974e-01
  2.096441e+00   7.017956e-01   1.752826e-01
  2.101588e+00   7.316629e-01   1.747932e-01
  2.106734e+00   8.682939e-01   1.752377e-01
  2.111881e+00   4.959191e-01   1.778545e-01
  2.117027e+00   7.901185e-01   1.808138e-01
  2.122174e+00   3.032399e-01   1.809588e-01
  2.127321e+00   5.663100e-01   1.832917e-01
  2.132467e+00   7.584874e-01   1.854446e-01
  2.137614e+00   7.733986e-01   1.851982e-01
  2.142760e+00   4.720431e-01   1.863002e-01
  2.147907e+00   6.786640e-01   1.866121e-01
  2.153053e+00   4.863078e-01   1.878393e-01
  2.158200e+00   4.512295e-01   1.874407e-01
  2.163347e+00   9.011759e-01   1.905342e-01
  2.168493e+00   4.235652e-01   1.893520e-01
  2.173640e+00   7.342135e-01   1.892406e-01
  2.178786e+00   8.765305e-01   1.876133e-01
  2.183933e+00   6.656711e-01   1.859919e-01
  2.189079e+00   6.611412e-01   1.843442e-01
  2.194226e+00   4.557383e-01   1.817285e-01
  2.199373e+00   5.603467e-01   1.817136e-01
  2.204519e+00   5.333524e-01   1.811562e-01
  2.209666e+00   4.786636e-01   1.809960e-01
  2.214812e+00   7.702844e-01   1.813296e-01
  2.219959e+00   5.672612e-01   1.790724e-01
  2.225105e+00   6.604576e-01   1.802855e-01
  2.230252e+00   5.041009e-01   1.800802e-01
  2.235399e+00   3.672479e-01   1.776489e-01
  2.240545e+00   4.984904e-01   1.779163e-01
  2.245692e+00   8.319821e-01   1.790407e-01
  2.250838e+00   5.269710e-01   1.773582e-01
  2.255985e+00   1.266375e-01   1.775457e-01
  2.261131e+00   5.684076e-01   1.780490e-01
  2.266278e+00   5.005689e-01   1.768641e-01
  2.271425e+00   4.651079e-01   1.775897e-01
  2.276571e+00   7.349218e-01   1.774331e-01
  2.281718e+00   7.070073e-01   1.765615e-01
  2.286864e+00   4.324785e-01   1.767508e-01
  2.292011e+00   6.006054e-01   1.776477e-01
  2.297157e+00   6.159006e-01   1.753109e-01
  2.302304e+00   9.312274e-01   1.764951e-01
  2.307451e+00   5.174358e-01   1.769082e-01
  2.312597e+00   6.047953e-01   1.758942e-01
  2.317744e+00   4.232223e-01   1.747534e-01
  2.322890e+00   7.185631e-01   1.764476e-01
  2.328037e+00   5.092875e-01   1.748620e-01
  2.333183e+00   3.698401e-01   1.745848e-01
  2.338330e+00   3.756079e-01   1.759222e-01
  2.343477e+00   7.768859e-01   1.746253e-01
  2.348623e+00   8.212391e-01   1.741254e-01
  2.353770e+00   5.726950e-01   1.756143e-01
  2.358916e+00   5.807177e-01   1.747514e-01
  2.364063e+00   1.067786e+00   1.742054e-01
  2.369209e+00   4.996667e-01   1.743369e-01
  2.374356e+00   6.910977e-01   1.747313e-01
  2.379503e+00   9.379000e-01   1.736667e-01
  2.384649e+00   5.817575e-01   1.745213e-01
  2.389796e+00   5.179286e-01   1.734773e-01
  2.394942e+00   4.941306e-01   1.728360e-01
  2.400089e+00   8.558123e-01   1.749821e-01
  2.405235e+00   3.099497e-01   1.731688e-01
  2.410382e+00   7.246581e-01   1.726523e-01
  2.415529e+00   7.995644e-01   1.731964e-01
  2.420675e+00   6.248980e-01   1.725407e-01
  2.425822e+00   6.279574e-01   1.723177e-01
  2.430968e+00   5.048368e-01   1.735368e-01
  2.436115e+00   7.531914e-01   1.731936e-01
  2.441261e+00   7.286803e-01   1.718866e-01
  2.446408e+00   5.443813e-01   1.730921e-01
  2.451555e+00   6.152420e-01   1.714721e-01
  2.456701e+00   4.847891e-01   1.710689e-01
  2.461848e+00   6.126732e-01   1.722652e-01
  2.466994e+00   7.797247e-01   1.706946e-01
  2.472141e+00   8.811696e-01   1.706984e-01
  2.477287e+00   7.868103e-01   1.715770e-01
  2.482434e+00   1.123586e+00   1.708762e-01
  2.487581e+00   1.172270e+00   1.701870e-01
  2.492727e+00   5.910761e-01   1.709119e-01
  2.497874e+00   1.070125e+00   1.695333e-01
  2.503020e+00   7.987720e-01   1.692288e-01
  2.508167e+00   7.101402e-01   1.695487e-01
  2.513313e+00   8.280225e-01   1.697932e-01
  2.518460e+00   5.486900e-01   1.683622e-01
  2.523606e+00   8.516657e-01   1.705815e-01
  2.528753e+00   5.679696e-01   1.685293e-01
  2.533900e+00   7.492102e-01   1.684430e-01
  2.539046e+00   9.230924e-01   1.696384e-01
  2.544193e+00   6.286715e-01   1.685475e-01
  2.549339e+00   9.665897e-01   1.682925e-01
  2.554486e+00   8.436467e-01   1.695927e-01
  2.559632e+00   9.834337e-01   1.686475e-01
  2.564779e+00   6.949935e-01   1.677961e-01
  2.569926e+00   7.560475e-01   1.694010e-01
  2.575072e+00   5.984383e-01   1.724243e-01
  2.580219e+00   5.415794e-01   1.730306e-01
  2.585365e+00   5.504509e-01   1.753289e-01
  2.590512e+00   5.483798e-01   1.762592e-01
  2.595658e+00   5.081598e-01   1.760312e-01
  2.600805e+00   1.043720e+00   1.748320e-01
  2.605952e+00   7.202258e-01   1.726563e-01
  2.611098e+00   3.903369e-01   1.709535e-01
  2.616245e+00   8.691021e-01   1.727510e-01
  2.621391e+00   7.429328e-01   1.717100e-01
  2.626538e+00   9.624444e-01   1.702302e-01
  2.631684e+00   8.823154e-01   1.704575e-01
  2.636831e+00   7.872936e-01   1.699754e-01
  2.641978e+00   8.916020e-01   1.689910e-01
  2.647124e+00   9.314351e-01   1.712810e-01
  2.652271e+00   9.317317e-01   1.702545e-01
  2.657417e+00   6.087894e-01   1.688674e-01
  2.662564e+00   8.024517e-01   1.703914e-01
  2.667710e+00   5.252141e-01   1.701458e-01
  2.672857e+00   8.549645e-01   1.691193e-01
  2.678004e+00   9.493585e-01   1.694918e-01
  2.683150e+00   8.655288e-01   1.688699e-01
  2.688297e+00   7.615919e-01   1.682030e-01
  2.693443e+00   7.087555e-01   1.690613e-01
  2.698590e+00   6.240041e-01   1.688661e-01
  2.703736e+00   4.207576e-01   1.677358e-01
  2.708883e+00   7.679816e-01   1.689645e-01
  2.714030e+00   6.452992e-01   1.677559e-01
  2.719176e+00   7.942245e-01   1.672813e-01
  2.724323e+00   5.441084e-01   1.678563e-01
  2.729469e+00   8.282105e-01   1.675175e-01
  2.734616e+00   7.648055e-01   1.673667e-01
  2.739762e+00   8.772497e-01   1.678501e-01
  2.744909e+00   7.981507e-01   1.676771e-01
  2.750056e+00   5.256370e-01   1.662370e-01
  2.755202e+00   6.904564e-01   1.680893e-01
  2.760349e+00   8.117409e-01   1.666185e-01
  2.765495e+00   7.246440e-01   1.661673e-01
  2.770642e+00   5.688426e-01   1.665996e-01
  2.775788e+00   5.854123e-01   1.667686e-01
  2.780935e+00   1.056367e+00   1.661263e-01
  2.786082e+00   8.534994e-01   1.670692e-01
  2.791228e+00   7.483791e-01   1.665745e-01
  2.796375e+00   8.270211e-01   1.667230e-01
  2.801521e+00   6.683338e-01   1.662820e-01
  2.806668e+00   7.756905e-01   1.655085e-01
  2.811814e+00   1.015028e+00   1.654817e-01
  2.816961e+00   7.108494e-01   1.684013e-01
  2.822108e+00   9.610380e-01   1.694340e-01
  2.827254e+00   7.677102e-01   1.698198e-01
  2.832401e+00   5.662286e-01   1.703233e-01
  2.837547e+00   7.931406e-01   1.715204e-01
  2.842694e+00   7.344463e-01   1.708048e-01
  2.847840e+00   7.863122e-01   1.709632e-01
  2.852987e+00   7.918612e-01   1.715237e-01
  2.858134e+00   8.647766e-01   1.702803e-01
  2.863280e+00   9.776686e-01   1.710062e-01
  2.868427e+00   8.011796e-01   1.707224e-01
  2.873573e+00   9.236578e-01   1.704860e-01
  2.878720e+00   8.269570e-01   1.704169e-01
  2.883866e+00   8.192748e-01   1.703830e-01
  2.889013e+00   5.677546e-01   1.690124e-01
  2.894160e+00   9.659252e-01   1.696282e-01
  2.899306e+00   8.699774e-01   1.691946e-01
  2.904453e+00   7.979202e-01   1.682853e-01
  2.909599e+00   7.724495e-01   1.692354e-01
  2.914746e+00   9.150211e-01   1.697779e-01
  2.919892e+00   8.882049e-01   1.690356e-01
  2.925039e+00   7.299435e-01   1.699283e-01
  2.930186e+00   9.032249e-01   1.723178e-01
  2.935332e+00   8.314611e-01   1.747812e-01
  2.940479e+00   6.346766e-01   1.771962e-01
  2.945625e+00   8.472018e-01   1.789426e-01
  2.950772e+00   1.115468e+00   1.798834e-01
  2.955918e+00   7.132112e-01   1.811796e-01
  2.961065e+00   6.445305e-01   1.814313e-01
  2.966212e+00   8.795940e-01   1.831121e-01
  2.971358e+00   6.926261e-01   1.844848e-01
  2.976505e+00   6.848469e-01   1.848894e-01
  2.981651e+00   1.030456e+00   1.853604e-01
  2.986798e+00   8.704214e-01   1.876990e-01
  2.991944e+00   9.214447e-01   1.876398e-01
  2.997091e+00   7.840196e-01   1.834226e-01
  3.002238e+00   8.424788e-01   1.830061e-01
  3.007384e+00   7.113802e-01   1.808498e-01
  3.012531e+00   6.921019e-01   1.793442e-01
  3.017677e+00   7.005004e-01   1.785473e-01
  3.022824e+00   9.264249e-01   1.794038e-01
  3.027970e+00   1.110499e+00   1.777866e-01
  3.033117e+00   9.210744e-01   1.780168e-01
  3.038264e+00   8.597473e-01   1.785374e-01
  3.043410e+00   7.827119e-01   1.767006e-01
  3.048557e+00   6.186031e-01   1.777034e-01
  3.053703e+00   7.416100e-01   1.780416e-01
  3.058850e+00   6.418996e-01   1.781287e-01
  3.063996e+00   7.981842e-01   1.778746e-01
  3.069143e+00   7.487908e-01   1.776354e-01
  3.074290e+00   3.949895e-01   1.760344e-01
  3.079436e+00   7.067097e-01   1.770057e-01
  3.084583e+00   8.537055e-01   1.776431e-01
  3.089729e+00   5.060425e-01   1.763149e-01
  3.094876e+00   6.919936e-01   1.766054e-01
  3.100022e+00   6.454265e-01   1.768705e-01
  3.105169e+00   1.191397e+00   1.765344e-01
  3.110316e+00   1.148253e+00   1.770957e-01
  3.115462e+00   7.301162e-01   1.760062e-01
  3.120609e+00   6.300350e-01   1.740053e-01
  3.125755e+00   7.530149e-01   1.744776e-01
  3.130902e+00   1.000305e+00   1.757285e-01
  3.136048e+00   6.094599e-01   1.727371e-01
  3.141195e+00   9.150718e-01   1.744258e-01
  3.146342e+00   7.357901e-01   1.735394e-01
  3.151488e+00   6.616400e-01   1.722497e-01
  3.156635e+00   7.753721e-01   1.729031e-01
  3.161781e+00   5.270801e-01   1.735244e-01
  3.166928e+00   9.035207e-01   1.719490e-01
  3.172074e+00   9.316757e-01   1.729673e-01
  3.177221e+00   8.567594e-01   1.730655e-01
  3.182368e+00   1.054561e+00   1.723757e-01
  3.187514e+00   6.604463e-01   1.722517e-01
  3.192661e+00   8.089043e-01   1.736098e-01
  3.197807e+00   8.331203e-01   1.714012e-01
  3.202954e+00   6.423852e-01   1.717218e-01
  3.208100e+00   9.349180e-01   1.729521e-01
  3.213247e+00   5.194837e-01   1.705726e-01
  3.218394e+00   7.441237e-01   1.722195e-01
  3.223540e+00   7.564499e-01   1.724598e-01
  3.228687e+00   5.313619e-01   1.700420e-01
  3.233833e+00   7.378201e-01   1.715011e-01
  3.238980e+00   1.059688e+00   1.736962e-01
  3.244126e+00   7.831579e-01   1.705552e-01
  3.249273e+00   6.584286e-01   1.703386e-01
  3.254420e+00   5.781315e-01   1.719499e-01
  3.259566e+00   9.893245e-01   1.703608e-01
  3.264713e+00   9.118760e-01   1.709520e-01
  3.269859e+00   8.643668e-01   1.717361e-01
  3.275006e+00   8.172069e-01   1.703670e-01
  3.280152e+00   7.782226e-01   1.706998e-01
  3.285299e+00   5.507568e-01   1.720344e-01
  3.290446e+00   4.553352e-01   1.693064e-01
  3.295592e+00   6.804111e-01   1.703857e-01
  3.300739e+00   9.598259e-01   1.714440e-01
  3.305885e+00   7.462322e-01   1.693427e-01
  3.311032e+00   6.959956e-01   1.705274e-01
  3.316178e+00   6.933630e-01   1.715818e-01
  3.321325e+00   1.115474e+00   1.702357e-01
  3.326471e+00   9.565769e-01   1.705011e-01
  3.331618e+00   6.419280e-01   1.705941e-01
  3.336765e+00   9.239249e-01   1.690370e-01
  3.341911e+00   6.690227e-01   1.691835e-01
  3.347058e+00   5.155443e-01   1.697292e-01
  3.352204e+00   7.901834e-01   1.689681e-01
  3.357351e+00   9.446883e-01   1.693594e-01
  3.362497e+00   9.173807e-01   1.708450e-01
  3.367644e+00   7.536249e-01   1.680909e-01
  3.372791e+00   6.565101e-01   1.694773e-01
  3.377937e+00   6.691223e-01   1.695866e-01
  3.383084e+00   1.030934e+00   1.698744e-01
  3.388230e+00   4.554096e-01   1.687331e-01
  3.393377e+00   8.873177e-01   1.699804e-01
  3.398523e+00   5.811574e-01   1.685015e-01
  3.403670e+00   8.869796e-01   1.690165e-01
  3.408817e+00   8.975294e-01   1.703191e-01
  3.413963e+00   5.858200e-01   1.692335e-01
  3.419110e+00   5.816422e-01   1.688440e-01
  3.424256e+00   8.410074e-01   1.699865e-01
  3.429403e+00   6.446860e-01   1.677874e-01
  3.434549e+00   7.934934e-01   1.691094e-01
  3.439696e+00   7.021962e-01   1.692775e-01
  3.444843e+00   3.929413e-01   1.684429e-01
  3.449989e+00   7.707919e-01   1.684438e-01
  3.455136e+00   9.456745e-01   1.697633e-01
  3.460282e+00   7.188105e-01   1.682513e-01
  3.465429e+00   7.929335e-01   1.687021e-01
  3.470575e+00   5.125451e-01   1.686730e-01
  3.475722e+00   3.761882e-01   1.676361e-01
  3.480869e+00   4.020833e-01   1.672187e-01
  3.486015e+00   8.345628e-01   1.699861e-01
  3.491162e+00   7.198206e-01   1.673575e-01
  3.496308e+00   4.654045e-01   1.678552e-01
  3.501455e+00   6.504390e-01   1.687911e-01
  3.506601e+00   5.622523e-01   1.680369e-01
  3.511748e+00   2.061662e-01   1.666673e-01
  3.516895e+00   7.651554e-01   1.689724e-01
  3.522041e+00   5.959049e-01   1.674074e-01
  3.527188e+00   6.386883e-01   1.676515e-01
  3.532334e+00   5.679166e-01   1.678168e-01
  3.537481e+00   7.015341e-01   1.678506e-01
  3.542627e+00   5.255617e-01   1.673871e-01
  3.547774e+00   4.091727e-01   1.685349e-01
  3.552921e+00   5.647426e-01   1.674124e-01
  3.558067e+00   8.463020e-01   1.681171e-01
  3.563214e+00   5.654411e-01   1.682372e-01
  3.568360e+00   4.677370e-01   1.676912e-01
  3.573507e+00   8.709190e-01   1.675002e-01
  3.578653e+00   6.236085e-01   1.684777e-01
  3.583800e+00   6.980048e-01   1.675125e-01
  3.588947e+00   6.009970e-01   1.677155e-01
  3.594093e+00   3.761749e-01   1.681395e-01
  3.599240e+00   5.277490e-01   1.679124e-01
  3.604386e+00   4.333203e-01   1.665157e-01
  3.609533e+00   6.184223e-01   1.693466e-01
  3.614679e+00   5.785978e-01   1.668862e-01
  3.619826e+00   6.367923e-01   1.685556e-01
  3.624973e+00   4.615642e-01   1.681149e-01
  3.630119e+00   4.696159e-01   1.676449e-01
  3.635266e+00   3.707872e-01   1.667636e-01
  3.640412e+00   6.635464e-01   1.693068e-01
  3.645559e+00   2.345721e-01   1.666048e-01
  3.650705e+00   4.828413e-01   1.668995e-01
  3.655852e+00   5.494227e-01   1.677072e-01
  3.660999e+00   6.861451e-01   1.671933e-01
  3.666145e+00   6.660033e-01   1.669133e-01
  3.671292e+00   7.690760e-01   1.690749e-01
  3.676438e+00   6.070111e-01   1.663972e-01
  3.681585e+00   5.671740e-01   1.669619e-01
  3.686731e+00   5.507191e-01   1.683048e-01
  3.691878e+00   6.202962e-01   1.675176e-01
  3.697025e+00   4.421365e-01   1.664262e-01
  3.702171e+00   7.881773e-01   1.690695e-01
  3.707318e+00   4.813447e-01   1.667227e-01
  3.712464e+00   6.079902e-01   1.674162e-01
  3.717611e+00   7.292220e-01   1.688351e-01
  3.722757e+00   2.853053e-01   1.670241e-01
  3.727904e+00   4.391578e-01   1.672366e-01
  3.733051e+00   5.174192e-01   1.693258e-01
  3.738197e+00   4.215821e-01   1.668003e-01
  3.743344e+00   6.049091e-01   1.677414e-01
  3.748490e+00   5.795936e-01   1.716395e-01
  3.753637e+00   7.376737e-01   1.737694e-01
  3.758783e+00   3.509371e-01   1.756607e-01
  3.763930e+00   4.150585e-01   1.781551e-01
  3.769077e+00   6.390389e-01   1.786163e-01
  3.774223e+00   3.836148e-01   1.809121e-01
  3.779370e+00   4.915623e-01   1.815758e-01
  3.784516e+00   2.062786e-01   1.798411e-01
  3.789663e+00   4.666542e-01   1.812401e-01
  3.794809e+00   7.229603e-01   1.839368e-01
  3.799956e+00   4.380276e-01   1.821257e-01
  3.805103e+00   2.877281e-01   1.833703e-01
  3.810249e+00   4.551389e-01   1.838624e-01
  3.815396e+00   5.528560e-01   1.783659e-01
  3.820542e+00   7.897239e-01   1.770384e-01
  3.825689e+00   4.722929e-01   1.769098e-01
  3.830835e+00   2.969287e-01   1.738817e-01
  3.835982e+00   6.854318e-01   1.747249e-01
  3.841129e+00   5.698096e-01   1.754030e-01
  3.846275e+00   5.256472e-01   1.743277e-01
  3.851422e+00   4.460861e-01   1.740465e-01
  3.856568e+00   7.539427e-01   1.763346e-01
  3.861715e+00   8.226467e-01   1.732873e-01
  3.866861e+00   8.419029e-01   1.750886e-01
  3.872008e+00   4.011256e-01   1.755876e-01
  3.877155e+00   1.269220e-01   1.737381e-01
  3.882301e+00   4.434517e-01   1.747230e-01
  3.887448e+00   4.882291e-01   1.757439e-01
  3.892594e+00   4.092834e-01   1.740152e-01
  3.897741e+00   5.198663e-01   1.747763e-01
  3.902887e+00   4.827921e-01   1.760321e-01
  3.908034e+00   4.033105e-01   1.737774e-01
  3.913181e+00   4.331439e-01   1.749357e-01
  3.918327e+00   5.716286e-01   1.757307e-01
  3.923474e+00   3.590441e-01   1.740341e-01
  3.928620e+00   7.397674e-01   1.752193e-01
  3.933767e+00   4.987116e-01   1.752703e-01
  3.938913e+00   4.249119e-01   1.743274e-01
  3.944060e+00   8.730068e-01   1.755165e-01
  3.949207e+00   3.982111e-01   1.763884e-01
  3.954353e+00   9.356872e-01   1.750613e-01
  3.959500e+00   5.825512e-01   1.769096e-01
  3.964646e+00   3.892618e-01   1.763074e-01
  3.969793e+00   4.456812e-01   1.751399e-01
  3.974939e+00   6.505306e-01   1.762768e-01
  3.980086e+00   3.534503e-01   1.765433e-01
  3.985233e+00   4.104833e-01   1.759100e-01
  3.990379e+00   1.908100e-01   1.763403e-01
  3.995526e+00   5.132066e-01   1.770650e-01
  4.000672e+00   1.142370e-01   1.761038e-01
  4.005819e+00   1.903692e-01   1.773345e-01
  4.010965e+00   6.471198e-01   1.774273e-01
  4.016112e+00   5.526316e-01   1.769506e-01
  4.021259e+00   6.398006e-01   1.777385e-01
  4.026405e+00   7.945198e-01   1.776339e-01
  4.031552e+00   6.813635e-01   1.777518e-01
  4.036698e+00   6.855060e-01   1.780623e-01
  4.041845e+00   3.978218e-01   1.778365e-01
  4.046991e+00   5.344466e-01   1.775022e-01
  4.052138e+00   4.993346e-01   1.788649e-01
  4.057285e+00   5.133491e-01   1.776389e-01
  4.062431e+00   3.705649e-01   1.774343e-01
  4.067578e+00   5.708480e-01   1.791143e-01
  4.072724e+00   2.965532e-01   1.789140e-01
  4.077871e+00   4.766705e-01   1.779250e-01
  4.083017e+00   8.345937e-01   1.801284e-01
  4.088164e+00   8.728511e-01   1.794351e-01
  4.093311e+00   3.942714e-01   1.787910e-01
  4.098457e+00   2.593382e-01   1.792216e-01
  4.103604e+00   4.010141e-01   1.788006e-01
  4.108750e+00   3.322301e-01   1.789937e-01
  4.113897e+00   5.336106e-01   1.801165e-01
  4.119043e+00   4.650842e-01   1.799933e-01
  4.124190e+00   2.029962e-01   1.789976e-01
  4.129336e+00   5.871018e-01   1.803184e-01
  4.134483e+00   5.562369e-01   1.800661e-01
  4.139630e+00   3.807296e-01   1.801356e-01
  4.144776e+00   5.952322e-01   1.806030e-01
  4.149923e+00   7.287464e-01   1.805037e-01
  4.155069e+00   5.274937e-01   1.797012e-01
  4.160216e+00   3.398359e-01   1.809748e-01
  4.165362e+00   3.233715e-01   1.801265e-01
  4.170509e+00   6.980610e-01   1.805810e-01
  4.175656e+00   7.310780e-01   1.815719e-01
  4.180802e+00   5.707649e-01   1.808767e-01
  4.185949e+00   6.877396e-01   1.826879e-01
  4.191095e+00   5.791634e-01   1.837014e-01
  4.196242e+00   4.563156e-01   1.833716e-01
  4.201388e+00   9.148386e-02   1.839249e-01
  4.206535e+00   3.608979e-01   1.849729e-01
  4.211682e+00   6.101674e-01   1.857737e-01
  4.216828e+00   5.580540e-01   1.861445e-01
  4.221975e+00   6.049363e-01   1.869395e-01
  4.227121e+00   7.180945e-01   1.874908e-01
  4.232268e+00   5.221380e-01   1.875979e-01
  4.237414e+00   6.804295e-01   1.887573e-01
  4.242561e+00   4.651107e-01   1.895795e-01
  4.247708e+00   4.850542e-01   1.892440e-01
  4.252854e+00   3.139987e-01   1.899550e-01
  4.258001e+00   5.148943e-01   1.893769e-01
  4.263147e+00   5.080601e-01   1.908222e-01
  4.268294e+00   5.217986e-01   1.914076e-01
  4.273440e+00   6.843122e-01   1.927623e-01
  4.278587e+00   9.642509e-01   1.928135e-01
  4.283734e+00   5.959931e-01   1.932045e-01
  4.288880e+00   6.236278e-01   1.934206e-01
  4.294027e+00   4.439735e-01   1.929524e-01
  4.299173e+00   5.131363e-01   1.942562e-01
  4.304320e+00   2.824195e-01   1.927129e-01
  4.309466e+00   2.038720e-01   1.932384e-01
  4.314613e+00   3.181671e-01   1.936653e-01
  4.319760e+00   6.759473e-01   1.940901e-01
  4.324906e+00   6.930085e-01   1.950375e-01
  4.330053e+00   6.766143e-01   1.950530e-01
  4.335199e+00   8.557833e-01   1.955978e-01
  4.340346e+00   3.548609e-01   1.942861e-01
  4.345492e+00   7.779636e-01   1.951160e-01
  4.350639e+00   2.887901e-01   1.949340e-01
  4.355786e+00   4.923343e-01   1.967198e-01
  4.360932e+00   5.860623e-03   1.956785e-01
  4.366079e+00   6.890913e-01   1.969495e-01
  4.371225e+00   2.516129e-01   1.965864e-01
  4.376372e+00   3.960663e-01   1.980767e-01
  4.381518e+00   6.276248e-01   1.973442e-01
  4.386665e+00   3.564599e-01   1.975278e-01
  4.391812e+00   8.255173e-01   1.975046e-01
  4.396958e+00   3.644935e-01   1.974712e-01
  4.402105e+00   5.165049e-01   1.977015e-01
  4.407251e+00   3.930706e-01   1.983291e-01
  4.412398e+00   5.801926e-01   1.985516e-01
  4.417544e+00   3.201749e-01   1.993135e-01
  4.422691e+00   5.988214e-01   2.001703e-01
  4.427838e+00   5.402414e-01   2.004423e-01
  4.432984e+00   3.419274e-01   2.006937e-01
  4.438131e+00   7.318206e-01   2.029943e-01
  4.443277e+00   7.138426e-01   2.020180e-01
  4.448424e+00   8.578246e-01   2.033969e-01
  4.453570e+00   6.342611e-01   2.033847e-01
  4.458717e+00   2.083967e-01   2.048634e-01
  4.463864e+00   5.259342e-01   2.053982e-01
  4.469010e+00   4.453221e-01   2.071286e-01
  4.474157e+00   7.554788e-01   2.064216e-01
  4.479303e+00   8.228025e-01   2.067329e-01
  4.484450e+00   5.956939e-01   2.081247e-01
  4.489596e+00   5.234475e-01   2.084236e-01
  4.494743e+00   8.262492e-01   2.096890e-01
  4.499890e+00   3.136816e-01   2.094957e-01
  4.505036e+00   4.089976e-01   2.094950e-01
  4.510183e+00   5.966857e-01   2.114699e-01
  4.515329e+00   2.725046e-01   2.119700e-01
  4.520476e+00   4.283675e-01   2.125796e-01
  4.525622e+00   2.389370e-01   2.110639e-01
  4.530769e+00   5.134937e-01   2.127359e-01
  4.535916e+00   1.039771e+00   2.144590e-01
  4.541062e+00   8.052671e-01   2.149781e-01
  4.546209e+00   6.092001e-01   2.148767e-01
  4.551355e+00   1.081732e+00   2.154499e-01
  4.556502e+00   6.883018e-01   2.165898e-01
  4.561648e+00   6.973106e-01   2.171431e-01
  4.566795e+00   6.987373e-01   2.167174e-01
  4.571942e+00   5.649977e-01   2.170209e-01
  4.577088e+00   3.841865e-01   2.168224e-01
  4.582235e+00   4.534557e-01   2.192874e-01
  4.587381e+00   4.231041e-01   2.202905e-01
  4.592528e+00   6.674780e-01   2.196421e-01
  4.597674e+00   5.143418e-01   2.223681e-01
  4.602821e+00   5.106654e-01   2.216238e-01
  4.607968e+00   8.476876e-01   2.247250e-01
  4.613114e+00   5.163149e-01   2.252933e-01
  4.618261e+00   4.781949e-01   2.236275e-01
  4.623407e+00   8.984371e-01   2.247047e-01
  4.628554e+00   3.663677e-01   2.241690e-01
  4.633700e+00   7.286171e-01   2.251891e-01
  4.638847e+00   3.179743e-01   2.253292e-01
  4.643994e+00   4.194683e-01   2.257638e-01
  4.649140e+00   6.012049e-01   2.263780e-01
  4.654287e+00   2.752412e-01   2.261217e-01
  4.659433e+00   5.465143e-01   2.272455e-01
  4.664580e+00   2.857212e-01   2.259753e-01
  4.669726e+00   7.594317e-01   2.273544e-01
  4.674873e+00   7.987304e-01   2.269670e-01
  4.680020e+00   4.416888e-01   2.275187e-01
  4.685166e+00   3.722877e-01   2.287819e-01
  4.690313e+00   9.488935e-02   2.285523e-01
  4.695459e+00   6.432067e-01   2.304462e-01
  4.700606e+00   8.428034e-01   2.323166e-01
  4.705752e+00   2.647743e-01   2.320663e-01
  4.710899e+00   4.810278e-01   2.318809e-01
  4.716046e+00   1.578838e-01   2.323866e-01
  4.721192e+00   6.986343e-01   2.340374e-01
  4.726339e+00   6.196096e-01   2.344840e-01
  4.731485e+00   1.013886e+00   2.360013e-01
  4.736632e+00   3.928956e-02   2.349244e-01
  4.741778e+00   5.656598e-01   2.373406e-01
  4.746925e+00   2.578828e-01   2.377676e-01
  4.752072e+00   3.397536e-01   2.391596e-01
  4.757218e+00   1.697919e-01   2.387115e-01
  4.762365e+00   4.221031e-01   2.402037e-01
  4.767511e+00   6.430238e-01   2.406437e-01
  4.772658e+00   7.247017e-01   2.414647e-01
  4.777804e+00   1.035223e+00   2.439055e-01
  4.782951e+00   4.173747e-01   2.441185e-01
  4.788098e+00   7.472746e-01   2.441911e-01
  4.793244e+00   4.271206e-01   2.451889e-01
  4.798391e+00   5.627016e-01   2.473986e-01
  4.803537e+00   5.025932e-01   2.453610e-01
  4.808684e+00   6.459049e-01   2.467532e-01
  4.813830e+00   6.221464e-01   2.481435e-01
  4.818977e+00   5.872717e-01   2.486607e-01
  4.824124e+00   5.532474e-01   2.491962e-01
  4.829270e+00   1.033329e+00   2.507395e-01
  4.834417e+00   6.720987e-01   2.519095e-01
  4.839563e+00   7.796742e-01   2.535683e-01
  4.844710e+00   5.476930e-01   2.539001e-01
  4.849856e+00   7.143164e-01   2.526587e-01
  4.855003e+00   4.316528e-01   2.536130e-01
  4.860150e+00   5.304081e-01   2.558346e-01
  4.865296e+00   4.457245e-01   2.553990e-01
  4.870443e+00   7.602076e-01   2.580173e-01
  4.875589e+00   2.940211e-01   2.570820e-01
  4.880736e+00   4.674566e-01   2.581500e-01
  4.885882e+00   4.502956e-01   2.594930e-01
  4.891029e+00   7.630124e-01   2.614579e-01
  4.896176e+00   5.372061e-01   2.610258e-01
  4.901322e+00   3.040110e-01   2.609481e-01
  4.906469e+00   5.710412e-01   2.623940e-01
  4.911615e+00   7.791299e-01   2.642416e-01
  4.916762e+00   8.950337e-01   2.646447e-01
  4.921908e+00   7.047021e-02   2.650259e-01
  4.927055e+00   6.134390e-01   2.655849e-01
  4.932201e+00   1.056221e+00   2.694921e-01
  4.937348e+00   6.811863e-01   2.686291e-01
  4.942495e+00   6.009141e-01   2.695482e-01
  4.947641e+00   8.100116e-01   2.692743e-01
  4.952788e+00   1.014729e+00   2.689440e-01
  4.957934e+00   5.427954e-01   2.698047e-01
  4.963081e+00   6.305565e-01   2.700240e-01
  4.968227e+00   7.566066e-01   2.699323e-01
  4.973374e+00   5.832777e-01   2.711962e-01
  4.978521e+00   6.239896e-01   2.717573e-01
  4.983667e+00   9.919930e-01   2.731414e-01
  4.988814e+00   7.099167e-01   2.759940e-01
  4.993960e+00   3.952785e-01   2.732847e-01
  4.999107e+00   2.796947e-01   2.735780e-01
  5.004253e+00   5.067772e-01   2.757637e-01
  5.009400e+00   7.899946e-01   2.804875e-01
  5.014547e+00   2.369980e-01   2.816374e-01
  5.019693e+00   6.532545e-01   2.822245e-01
  5.024840e+00   5.874570e-01   2.880752e-01
  5.029986e+00   5.132045e-01   2.889667e-01
  5.035133e+00   3.211169e-01   2.959484e-01
  5.040279e+00   5.431325e-01   2.961873e-01
  5.045426e+00   2.308258e-01   2.984508e-01
  5.050573e+00   7.783909e-01   3.022169e-01
  5.055719e+00   6.940801e-01   3.052361e-01
  5.060866e+00   7.729883e-01   3.113743e-01
  5.066012e+00   5.821787e-01   3.118650e-01
  5.071159e+00   8.360683e-01   3.183411e-01
  5.076305e+00   5.644590e-01   3.209754e-01
  5.081452e+00   6.526520e-01   3.269487e-01
  5.086599e+00   4.792207e-01   3.282828e-01
  5.091745e+00   5.655567e-01   3.387582e-01
  5.096892e+00   6.248435e-01   3.500038e-01
  5.102038e+00   7.307381e-01   3.597046e-01
  5.107185e+00  -5.799494e-02   3.703526e-01
  5.112331e+00   6.591746e-01   3.805745e-01
  5.117478e+00   8.288788e-01   3.842415e-01
  5.122625e+00   2.024791e-01   3.928449e-01
  5.127771e+00   1.078840e+00   4.036118e-01
  5.132918e+00   5.436960e-01   4.144537e-01
  5.138064e+00   2.518959e-01   4.059521e-01
  5.143211e+00   3.060308e-01   4.094104e-01
  5.148357e+00   3.103572e-01   4.131970e-01
  5.153504e+00  -1.854384e-01   4.158240e-01
  5.158651e+00   1.283813e+00   4.282185e-01
  5.163797e+00   4.101392e-01   4.888698e-01
  5.168944e+00   3.897699e-01   6.193032e-01
  5.174090e+00   1.272808e+00   7.120380e-01
  5.179237e+00   1.020945e-01   1.241101e+00
