Sample description: 
Sample:   c= 0 mg/ml  Code: 
  1.510375e-01   4.341073e+01   8.524384e-01
  1.561841e-01   4.380419e+01   8.209082e-01
  1.613306e-01   4.457654e+01   7.812620e-01
  1.664772e-01   4.298248e+01   7.570637e-01
  1.716238e-01   4.281382e+01   7.223706e-01
  1.767703e-01   4.435140e+01   6.871024e-01
  1.819169e-01   4.328809e+01   6.739602e-01
  1.870635e-01   4.263280e+01   6.555223e-01
  1.922101e-01   4.239616e+01   6.202240e-01
  1.973566e-01   4.207610e+01   6.123614e-01
  2.025032e-01   4.239373e+01   5.948992e-01
  2.076498e-01   4.143792e+01   5.737928e-01
  2.127963e-01   4.225038e+01   5.695894e-01
  2.179429e-01   4.193165e+01   5.463089e-01
  2.230895e-01   4.207487e+01   5.305199e-01
  2.282360e-01   4.288733e+01   5.277923e-01
  2.333826e-01   4.227806e+01   5.168829e-01
  2.385292e-01   4.146479e+01   5.024478e-01
  2.436758e-01   4.152277e+01   4.933624e-01
  2.488223e-01   4.188180e+01   4.860318e-01
  2.539689e-01   4.007425e+01   4.726581e-01
  2.591155e-01   4.214599e+01   4.727143e-01
  2.642620e-01   4.068364e+01   4.604305e-01
  2.694086e-01   4.087021e+01   4.523852e-01
  2.745552e-01   4.064027e+01   4.454117e-01
  2.797018e-01   4.117151e+01   4.405253e-01
  2.848483e-01   4.053443e+01   4.325179e-01
  2.899949e-01   4.015264e+01   4.327483e-01
  2.951415e-01   3.959759e+01   4.356555e-01
  3.002880e-01   3.922781e+01   4.343317e-01
  3.054346e-01   3.944468e+01   4.337883e-01
  3.105812e-01   3.824357e+01   4.293936e-01
  3.157277e-01   3.891553e+01   4.295661e-01
  3.208743e-01   3.833004e+01   4.232770e-01
  3.260209e-01   3.906560e+01   4.261445e-01
  3.311675e-01   3.860631e+01   4.217536e-01
  3.363140e-01   3.858342e+01   4.224703e-01
  3.414606e-01   3.817393e+01   4.185974e-01
  3.466072e-01   3.876661e+01   4.148594e-01
  3.517537e-01   3.777092e+01   4.106746e-01
  3.569003e-01   3.801564e+01   4.025576e-01
  3.620469e-01   3.766365e+01   3.896978e-01
  3.671934e-01   3.698441e+01   3.822775e-01
  3.723400e-01   3.685505e+01   3.814654e-01
  3.774866e-01   3.644246e+01   3.722813e-01
  3.826332e-01   3.699311e+01   3.683685e-01
  3.877797e-01   3.644013e+01   3.669720e-01
  3.929263e-01   3.587271e+01   3.593279e-01
  3.980729e-01   3.649012e+01   3.571247e-01
  4.032194e-01   3.604819e+01   3.525406e-01
  4.083660e-01   3.611401e+01   3.454968e-01
  4.135126e-01   3.589754e+01   3.438300e-01
  4.186592e-01   3.548632e+01   3.419460e-01
  4.238057e-01   3.480439e+01   3.349480e-01
  4.289523e-01   3.474034e+01   3.321261e-01
  4.340989e-01   3.453969e+01   3.304953e-01
  4.392454e-01   3.397420e+01   3.277228e-01
  4.443920e-01   3.401216e+01   3.239160e-01
  4.495386e-01   3.429528e+01   3.222874e-01
  4.546851e-01   3.300195e+01   3.153697e-01
  4.598317e-01   3.301329e+01   3.146187e-01
  4.649783e-01   3.271200e+01   3.154289e-01
  4.701249e-01   3.366406e+01   3.190939e-01
  4.752714e-01   3.256029e+01   3.175530e-01
  4.804180e-01   3.221890e+01   3.207623e-01
  4.855646e-01   3.275513e+01   3.195997e-01
  4.907111e-01   3.172308e+01   3.190367e-01
  4.958577e-01   3.161969e+01   3.192909e-01
  5.010043e-01   3.128038e+01   3.183084e-01
  5.061509e-01   3.118936e+01   3.184585e-01
  5.112974e-01   3.081796e+01   3.207147e-01
  5.164440e-01   3.137086e+01   3.175398e-01
  5.215906e-01   3.125144e+01   3.162013e-01
  5.267371e-01   3.033691e+01   3.150131e-01
  5.318837e-01   3.010176e+01   3.144419e-01
  5.370303e-01   3.023806e+01   3.037165e-01
  5.421768e-01   3.050069e+01   3.018024e-01
  5.473234e-01   2.980292e+01   2.988043e-01
  5.524700e-01   2.919444e+01   2.925348e-01
  5.576166e-01   2.948305e+01   2.926431e-01
  5.627631e-01   2.915014e+01   2.893196e-01
  5.679097e-01   2.893594e+01   2.845669e-01
  5.730563e-01   2.891653e+01   2.834385e-01
  5.782028e-01   2.824781e+01   2.815412e-01
  5.833494e-01   2.845054e+01   2.772405e-01
  5.884960e-01   2.790545e+01   2.766691e-01
  5.936426e-01   2.798905e+01   2.772211e-01
  5.987891e-01   2.755240e+01   2.711600e-01
  6.039357e-01   2.713953e+01   2.707254e-01
  6.090823e-01   2.708526e+01   2.695974e-01
  6.142288e-01   2.733034e+01   2.658318e-01
  6.193754e-01   2.649714e+01   2.639069e-01
  6.245220e-01   2.638415e+01   2.634555e-01
  6.296685e-01   2.589976e+01   2.602482e-01
  6.348151e-01   2.562413e+01   2.597950e-01
  6.399617e-01   2.614788e+01   2.597214e-01
  6.451083e-01   2.553938e+01   2.561281e-01
  6.502548e-01   2.516040e+01   2.538757e-01
  6.554014e-01   2.502324e+01   2.529271e-01
  6.605480e-01   2.446259e+01   2.519417e-01
  6.656945e-01   2.453160e+01   2.558073e-01
  6.708411e-01   2.440598e+01   2.583836e-01
  6.759877e-01   2.379432e+01   2.563325e-01
  6.811343e-01   2.389914e+01   2.566903e-01
  6.862808e-01   2.364808e+01   2.568424e-01
  6.914274e-01   2.342836e+01   2.500150e-01
  6.965740e-01   2.324005e+01   2.466377e-01
  7.017205e-01   2.247309e+01   2.462675e-01
  7.068671e-01   2.291253e+01   2.434420e-01
  7.120137e-01   2.250029e+01   2.407497e-01
  7.171602e-01   2.268888e+01   2.415463e-01
  7.223068e-01   2.230832e+01   2.378823e-01
  7.274534e-01   2.230429e+01   2.362455e-01
  7.326000e-01   2.171748e+01   2.351452e-01
  7.377465e-01   2.148711e+01   2.319737e-01
  7.428931e-01   2.171799e+01   2.309839e-01
  7.480397e-01   2.135689e+01   2.300011e-01
  7.531862e-01   2.112092e+01   2.277515e-01
  7.583328e-01   2.129205e+01   2.279772e-01
  7.634794e-01   2.056872e+01   2.279932e-01
  7.686259e-01   2.063580e+01   2.259260e-01
  7.737725e-01   2.046191e+01   2.244391e-01
  7.789191e-01   2.010308e+01   2.246130e-01
  7.840657e-01   1.962075e+01   2.211232e-01
  7.892122e-01   1.954155e+01   2.200418e-01
  7.943588e-01   1.940641e+01   2.208782e-01
  7.995054e-01   1.940533e+01   2.188224e-01
  8.046519e-01   1.867781e+01   2.171267e-01
  8.097985e-01   1.850283e+01   2.167444e-01
  8.149451e-01   1.841355e+01   2.133238e-01
  8.200917e-01   1.837587e+01   2.133721e-01
  8.252382e-01   1.797869e+01   2.130141e-01
  8.303848e-01   1.832199e+01   2.107329e-01
  8.355314e-01   1.795791e+01   2.096402e-01
  8.406779e-01   1.797867e+01   2.093700e-01
  8.458245e-01   1.765191e+01   2.080420e-01
  8.509711e-01   1.770806e+01   2.076081e-01
  8.561176e-01   1.682943e+01   2.063560e-01
  8.612642e-01   1.679757e+01   2.054439e-01
  8.664108e-01   1.687170e+01   2.044283e-01
  8.715574e-01   1.630783e+01   2.043454e-01
  8.767039e-01   1.619198e+01   2.018628e-01
  8.818505e-01   1.590965e+01   2.014407e-01
  8.869971e-01   1.582031e+01   2.006015e-01
  8.921436e-01   1.594572e+01   2.018286e-01
  8.972902e-01   1.545359e+01   1.980442e-01
  9.024368e-01   1.551155e+01   1.993482e-01
  9.075834e-01   1.531098e+01   1.977127e-01
  9.127299e-01   1.542659e+01   1.961896e-01
  9.178765e-01   1.513859e+01   1.967762e-01
  9.230231e-01   1.460942e+01   1.992638e-01
  9.281696e-01   1.484663e+01   1.975682e-01
  9.333162e-01   1.473647e+01   1.991170e-01
  9.384628e-01   1.370442e+01   1.980886e-01
  9.436093e-01   1.436613e+01   1.969286e-01
  9.487559e-01   1.394491e+01   1.982699e-01
  9.539025e-01   1.397763e+01   1.986468e-01
  9.590491e-01   1.338626e+01   1.956376e-01
  9.641956e-01   1.355486e+01   1.972367e-01
  9.693422e-01   1.293209e+01   1.966603e-01
  9.744888e-01   1.356644e+01   1.959934e-01
  9.796353e-01   1.300831e+01   1.961058e-01
  9.847819e-01   1.282495e+01   1.959596e-01
  9.899285e-01   1.276974e+01   1.948932e-01
  9.950751e-01   1.263839e+01   1.953271e-01
  1.000222e+00   1.245971e+01   1.950725e-01
  1.005368e+00   1.243873e+01   1.951644e-01
  1.010515e+00   1.195425e+01   1.964320e-01
  1.015661e+00   1.196761e+01   1.978873e-01
  1.020808e+00   1.196740e+01   1.974733e-01
  1.025954e+00   1.194278e+01   1.983628e-01
  1.031101e+00   1.138139e+01   1.975974e-01
  1.036248e+00   1.146651e+01   1.981055e-01
  1.041394e+00   1.159264e+01   1.983175e-01
  1.046541e+00   1.093476e+01   1.976459e-01
  1.051687e+00   1.083924e+01   1.965726e-01
  1.056834e+00   1.084165e+01   1.969916e-01
  1.061980e+00   1.088154e+01   1.965698e-01
  1.067127e+00   1.043153e+01   1.958742e-01
  1.072274e+00   1.046248e+01   1.943122e-01
  1.077420e+00   1.053176e+01   1.953101e-01
  1.082567e+00   1.028304e+01   1.939663e-01
  1.087713e+00   9.814206e+00   1.933650e-01
  1.092860e+00   1.005293e+01   1.938826e-01
  1.098006e+00   9.641420e+00   1.927664e-01
  1.103153e+00   9.661995e+00   1.926729e-01
  1.108300e+00   9.412390e+00   1.927459e-01
  1.113446e+00   9.393819e+00   1.943735e-01
  1.118593e+00   9.242992e+00   1.943513e-01
  1.123739e+00   8.945971e+00   1.956694e-01
  1.128886e+00   9.202516e+00   1.950462e-01
  1.134032e+00   9.049071e+00   1.941932e-01
  1.139179e+00   8.742103e+00   1.947406e-01
  1.144326e+00   8.985300e+00   1.938685e-01
  1.149472e+00   8.470963e+00   1.946327e-01
  1.154619e+00   8.312386e+00   1.935949e-01
  1.159765e+00   8.427336e+00   1.937327e-01
  1.164912e+00   8.620337e+00   1.932625e-01
  1.170058e+00   8.061932e+00   1.925388e-01
  1.175205e+00   7.723929e+00   1.911328e-01
  1.180352e+00   7.768806e+00   1.892760e-01
  1.185498e+00   7.336226e+00   1.884443e-01
  1.190645e+00   7.480818e+00   1.878827e-01
  1.195791e+00   7.372119e+00   1.865265e-01
  1.200938e+00   7.152771e+00   1.855780e-01
  1.206084e+00   7.095044e+00   1.843322e-01
  1.211231e+00   6.991307e+00   1.832422e-01
  1.216378e+00   6.676460e+00   1.831220e-01
  1.221524e+00   7.200698e+00   1.827282e-01
  1.226671e+00   6.957054e+00   1.835588e-01
  1.231817e+00   6.868696e+00   1.875409e-01
  1.236964e+00   7.080124e+00   1.864862e-01
  1.242110e+00   6.993019e+00   1.858345e-01
  1.247257e+00   6.364343e+00   1.868299e-01
  1.252404e+00   6.843603e+00   1.864354e-01
  1.257550e+00   6.413854e+00   1.865449e-01
  1.262697e+00   6.394545e+00   1.864780e-01
  1.267843e+00   6.252258e+00   1.859292e-01
  1.272990e+00   5.894176e+00   1.850839e-01
  1.278136e+00   6.111326e+00   1.877296e-01
  1.283283e+00   5.763404e+00   1.848462e-01
  1.288430e+00   6.015844e+00   1.870077e-01
  1.293576e+00   5.660354e+00   1.898691e-01
  1.298723e+00   5.612854e+00   1.905167e-01
  1.303869e+00   5.595289e+00   1.920818e-01
  1.309016e+00   5.713190e+00   1.939431e-01
  1.314162e+00   5.313518e+00   1.931818e-01
  1.319309e+00   5.497030e+00   1.955139e-01
  1.324456e+00   5.288860e+00   1.956962e-01
  1.329602e+00   5.362255e+00   1.942803e-01
  1.334749e+00   5.141481e+00   1.966083e-01
  1.339895e+00   5.024038e+00   1.958267e-01
  1.345042e+00   4.844398e+00   1.960156e-01
  1.350188e+00   4.821346e+00   1.967311e-01
  1.355335e+00   4.621471e+00   1.959482e-01
  1.360482e+00   4.367014e+00   1.925480e-01
  1.365628e+00   4.729702e+00   1.912277e-01
  1.370775e+00   4.632034e+00   1.912353e-01
  1.375921e+00   4.158550e+00   1.888928e-01
  1.381068e+00   4.296005e+00   1.875715e-01
  1.386214e+00   4.317463e+00   1.891581e-01
  1.391361e+00   4.441072e+00   1.863171e-01
  1.396508e+00   4.075569e+00   1.866143e-01
  1.401654e+00   4.227305e+00   1.869089e-01
  1.406801e+00   4.216314e+00   1.874093e-01
  1.411947e+00   4.027726e+00   1.842803e-01
  1.417094e+00   4.571156e+00   1.864919e-01
  1.422240e+00   3.844774e+00   1.840805e-01
  1.427387e+00   3.510104e+00   1.828164e-01
  1.432534e+00   4.055281e+00   1.841984e-01
  1.437680e+00   3.612683e+00   1.834771e-01
  1.442827e+00   3.748512e+00   1.819507e-01
  1.447973e+00   3.400613e+00   1.836158e-01
  1.453120e+00   3.464617e+00   1.821885e-01
  1.458266e+00   3.472949e+00   1.808074e-01
  1.463413e+00   3.383674e+00   1.814684e-01
  1.468560e+00   3.197709e+00   1.797096e-01
  1.473706e+00   2.956447e+00   1.788477e-01
  1.478853e+00   3.256754e+00   1.806350e-01
  1.483999e+00   3.345092e+00   1.798339e-01
  1.489146e+00   3.109951e+00   1.788758e-01
  1.494292e+00   3.223012e+00   1.794736e-01
  1.499439e+00   2.970140e+00   1.784764e-01
  1.504586e+00   3.000227e+00   1.778085e-01
  1.509732e+00   2.716463e+00   1.786845e-01
  1.514879e+00   3.072208e+00   1.776876e-01
  1.520025e+00   2.650675e+00   1.771363e-01
  1.525172e+00   2.621022e+00   1.782197e-01
  1.530318e+00   3.033234e+00   1.771398e-01
  1.535465e+00   2.673222e+00   1.775540e-01
  1.540612e+00   2.911892e+00   1.775077e-01
  1.545758e+00   2.413199e+00   1.761822e-01
  1.550905e+00   2.623086e+00   1.761597e-01
  1.556051e+00   2.547089e+00   1.756901e-01
  1.561198e+00   2.378779e+00   1.755627e-01
  1.566344e+00   2.764459e+00   1.754902e-01
  1.571491e+00   2.597019e+00   1.755131e-01
  1.576638e+00   2.400987e+00   1.759410e-01
  1.581784e+00   2.371950e+00   1.742357e-01
  1.586931e+00   2.410288e+00   1.747903e-01
  1.592077e+00   2.386119e+00   1.750046e-01
  1.597224e+00   2.338745e+00   1.737486e-01
  1.602370e+00   2.374490e+00   1.736384e-01
  1.607517e+00   2.083662e+00   1.743929e-01
  1.612664e+00   1.969011e+00   1.727501e-01
  1.617810e+00   2.236517e+00   1.735146e-01
  1.622957e+00   2.076017e+00   1.727159e-01
  1.628103e+00   1.907476e+00   1.717182e-01
  1.633250e+00   2.089185e+00   1.727980e-01
  1.638396e+00   1.620244e+00   1.724452e-01
  1.643543e+00   1.741956e+00   1.708461e-01
  1.648690e+00   1.950180e+00   1.714519e-01
  1.653836e+00   1.843910e+00   1.721397e-01
  1.658983e+00   1.302871e+00   1.697452e-01
  1.664129e+00   1.752481e+00   1.721442e-01
  1.669276e+00   1.224217e+00   1.709163e-01
  1.674422e+00   1.876451e+00   1.703246e-01
  1.679569e+00   1.560079e+00   1.706440e-01
  1.684716e+00   1.629387e+00   1.712163e-01
  1.689862e+00   1.480801e+00   1.690557e-01
  1.695009e+00   1.573145e+00   1.701912e-01
  1.700155e+00   1.639411e+00   1.703384e-01
  1.705302e+00   1.683360e+00   1.693988e-01
  1.710448e+00   1.274141e+00   1.696280e-01
  1.715595e+00   1.345146e+00   1.691300e-01
  1.720741e+00   1.493166e+00   1.680536e-01
  1.725888e+00   1.405766e+00   1.690208e-01
  1.731035e+00   1.635199e+00   1.689848e-01
  1.736181e+00   1.349190e+00   1.675397e-01
  1.741328e+00   1.579742e+00   1.682909e-01
  1.746474e+00   1.356035e+00   1.684349e-01
  1.751621e+00   1.310368e+00   1.678759e-01
  1.756767e+00   1.440642e+00   1.664564e-01
  1.761914e+00   1.539615e+00   1.670362e-01
  1.767061e+00   1.249278e+00   1.649371e-01
  1.772207e+00   9.804236e-01   1.652997e-01
  1.777354e+00   1.293971e+00   1.664659e-01
  1.782500e+00   9.953493e-01   1.654970e-01
  1.787647e+00   1.015991e+00   1.647156e-01
  1.792793e+00   1.139031e+00   1.666656e-01
  1.797940e+00   1.177232e+00   1.650535e-01
  1.803087e+00   1.030587e+00   1.647851e-01
  1.808233e+00   9.701493e-01   1.647025e-01
  1.813380e+00   1.193166e+00   1.646874e-01
  1.818526e+00   9.014571e-01   1.629602e-01
  1.823673e+00   1.329476e+00   1.649473e-01
  1.828819e+00   1.061039e+00   1.638554e-01
  1.833966e+00   8.471593e-01   1.634108e-01
  1.839113e+00   9.531574e-01   1.644930e-01
  1.844259e+00   7.997231e-01   1.638263e-01
  1.849406e+00   1.018889e+00   1.623178e-01
  1.854552e+00   9.783986e-01   1.645605e-01
  1.859699e+00   1.110088e+00   1.639106e-01
  1.864845e+00   6.758286e-01   1.630995e-01
  1.869992e+00   8.729744e-01   1.639427e-01
  1.875139e+00   8.518345e-01   1.631887e-01
  1.880285e+00   1.266829e+00   1.632802e-01
  1.885432e+00   1.144427e+00   1.639122e-01
  1.890578e+00   9.310979e-01   1.628149e-01
  1.895725e+00   6.403157e-01   1.622020e-01
  1.900871e+00   6.635876e-01   1.634578e-01
  1.906018e+00   8.453116e-01   1.623125e-01
  1.911165e+00   8.450536e-01   1.622167e-01
  1.916311e+00   6.247321e-01   1.626525e-01
  1.921458e+00   5.707167e-01   1.624614e-01
  1.926604e+00   6.077784e-01   1.621992e-01
  1.931751e+00   8.850942e-01   1.631282e-01
  1.936897e+00   8.700418e-01   1.622896e-01
  1.942044e+00   6.334083e-01   1.610602e-01
  1.947191e+00   7.662910e-01   1.626150e-01
  1.952337e+00   9.319689e-01   1.620803e-01
  1.957484e+00   6.341672e-01   1.607771e-01
  1.962630e+00   1.010631e+00   1.631606e-01
  1.967777e+00   4.666484e-01   1.615759e-01
  1.972923e+00   8.802724e-01   1.611736e-01
  1.978070e+00   7.049088e-01   1.616103e-01
  1.983217e+00   1.086409e+00   1.614526e-01
  1.988363e+00   6.900431e-01   1.606518e-01
  1.993510e+00   5.710263e-01   1.614074e-01
  1.998656e+00   1.031847e+00   1.615937e-01
  2.003803e+00   2.483181e-01   1.607530e-01
  2.008949e+00   7.898178e-01   1.618098e-01
  2.014096e+00   5.711346e-01   1.609975e-01
  2.019243e+00   9.179793e-01   1.607460e-01
  2.024389e+00   7.475460e-01   1.607069e-01
  2.029536e+00   5.043203e-01   1.605853e-01
  2.034682e+00   6.042961e-01   1.600108e-01
  2.039829e+00   7.028169e-01   1.608096e-01
  2.044975e+00   4.471934e-01   1.601347e-01
  2.050122e+00   7.812645e-01   1.609022e-01
  2.055269e+00   4.212151e-01   1.604461e-01
  2.060415e+00   6.651734e-01   1.606786e-01
  2.065562e+00   6.074158e-01   1.594048e-01
  2.070708e+00   5.048120e-01   1.598953e-01
  2.075855e+00   4.222855e-01   1.595052e-01
  2.081001e+00   6.102097e-01   1.594467e-01
  2.086148e+00   7.455562e-01   1.606430e-01
  2.091295e+00   3.981029e-01   1.595070e-01
  2.096441e+00   6.369700e-01   1.597077e-01
  2.101588e+00   6.061040e-01   1.591971e-01
  2.106734e+00   6.479397e-01   1.593136e-01
  2.111881e+00   6.085164e-01   1.620406e-01
  2.117027e+00   4.253025e-01   1.646202e-01
  2.122174e+00   2.546741e-01   1.648161e-01
  2.127321e+00   3.191323e-01   1.664351e-01
  2.132467e+00   8.429395e-01   1.689631e-01
  2.137614e+00   6.123784e-01   1.688088e-01
  2.142760e+00   3.947781e-01   1.698379e-01
  2.147907e+00   7.556311e-01   1.705325e-01
  2.153053e+00   4.272580e-01   1.710539e-01
  2.158200e+00   6.365271e-01   1.713581e-01
  2.163347e+00   4.929642e-01   1.732719e-01
  2.168493e+00   7.840213e-01   1.730227e-01
  2.173640e+00   4.282347e-01   1.721473e-01
  2.178786e+00   1.209987e-01   1.697326e-01
  2.183933e+00   7.267243e-01   1.696905e-01
  2.189079e+00   5.650104e-01   1.675987e-01
  2.194226e+00   5.060157e-01   1.655846e-01
  2.199373e+00   5.878856e-01   1.657539e-01
  2.204519e+00   4.275531e-01   1.649419e-01
  2.209666e+00   1.027272e+00   1.658977e-01
  2.214812e+00   2.631865e-01   1.645945e-01
  2.219959e+00   5.659598e-01   1.630830e-01
  2.225105e+00   5.651692e-01   1.639671e-01
  2.230252e+00   9.859635e-01   1.646592e-01
  2.235399e+00   5.073648e-01   1.619938e-01
  2.240545e+00   4.111922e-01   1.621735e-01
  2.245692e+00   6.022469e-01   1.629880e-01
  2.250838e+00   5.336075e-01   1.614902e-01
  2.255985e+00   5.298088e-01   1.621558e-01
  2.261131e+00   7.003439e-01   1.623499e-01
  2.266278e+00   5.447778e-01   1.612108e-01
  2.271425e+00   5.131122e-01   1.621281e-01
  2.276571e+00   4.108743e-01   1.614002e-01
  2.281718e+00   3.815899e-01   1.608409e-01
  2.286864e+00   5.469378e-01   1.611349e-01
  2.292011e+00   2.633998e-01   1.614477e-01
  2.297157e+00   4.949491e-01   1.597869e-01
  2.302304e+00   5.078472e-01   1.605082e-01
  2.307451e+00   7.518986e-01   1.615573e-01
  2.312597e+00   6.309004e-01   1.606246e-01
  2.317744e+00   3.530619e-01   1.591475e-01
  2.322890e+00   5.714864e-01   1.605072e-01
  2.328037e+00   3.701871e-01   1.591950e-01
  2.333183e+00   6.071387e-01   1.596994e-01
  2.338330e+00   2.722751e-01   1.601511e-01
  2.343477e+00   4.055302e-01   1.589413e-01
  2.348623e+00   6.395221e-01   1.585479e-01
  2.353770e+00   3.265635e-01   1.596567e-01
  2.358916e+00   3.464133e-01   1.591223e-01
  2.364063e+00   5.370507e-01   1.581860e-01
  2.369209e+00   5.093375e-01   1.589703e-01
  2.374356e+00   4.697795e-01   1.590351e-01
  2.379503e+00   3.166960e-01   1.573529e-01
  2.384649e+00   4.778838e-01   1.589371e-01
  2.389796e+00   6.726634e-01   1.580264e-01
  2.394942e+00   5.157151e-01   1.577017e-01
  2.400089e+00   5.556336e-01   1.592095e-01
  2.405235e+00   7.114831e-01   1.583513e-01
  2.410382e+00   4.959938e-01   1.571252e-01
  2.415529e+00   5.822281e-01   1.577376e-01
  2.420675e+00   5.988897e-01   1.571800e-01
  2.425822e+00   6.853201e-01   1.570423e-01
  2.430968e+00   5.450022e-01   1.581589e-01
  2.436115e+00   4.210177e-01   1.575335e-01
  2.441261e+00   6.513458e-01   1.565838e-01
  2.446408e+00   6.447648e-01   1.579673e-01
  2.451555e+00   5.503407e-01   1.566509e-01
  2.456701e+00   4.825732e-01   1.556261e-01
  2.461848e+00   7.484330e-01   1.572934e-01
  2.466994e+00   5.612875e-01   1.555014e-01
  2.472141e+00   7.320630e-01   1.553967e-01
  2.477287e+00   6.012112e-01   1.561424e-01
  2.482434e+00   6.749910e-01   1.554480e-01
  2.487581e+00   4.555507e-01   1.538085e-01
  2.492727e+00   3.220108e-01   1.555991e-01
  2.497874e+00   7.700878e-01   1.544041e-01
  2.503020e+00   7.461054e-01   1.543090e-01
  2.508167e+00   5.383948e-01   1.539340e-01
  2.513313e+00   4.775551e-01   1.543504e-01
  2.518460e+00   4.025619e-01   1.530313e-01
  2.523606e+00   4.241580e-01   1.545946e-01
  2.528753e+00   8.240308e-01   1.540414e-01
  2.533900e+00   7.407233e-01   1.537672e-01
  2.539046e+00   9.489847e-01   1.543588e-01
  2.544193e+00   4.600528e-01   1.536484e-01
  2.549339e+00   8.574226e-01   1.533136e-01
  2.554486e+00   6.632284e-01   1.546658e-01
  2.559632e+00   7.968638e-01   1.534264e-01
  2.564779e+00   5.849295e-01   1.528002e-01
  2.569926e+00   4.249814e-01   1.538976e-01
  2.575072e+00   4.665160e-01   1.569923e-01
  2.580219e+00   7.638886e-01   1.578048e-01
  2.585365e+00   5.001900e-01   1.597680e-01
  2.590512e+00   6.842273e-01   1.610120e-01
  2.595658e+00   6.042094e-01   1.603277e-01
  2.600805e+00   5.358363e-01   1.587268e-01
  2.605952e+00   5.115574e-01   1.569636e-01
  2.611098e+00   3.416602e-01   1.557407e-01
  2.616245e+00   5.409185e-01   1.568375e-01
  2.621391e+00   4.608950e-01   1.559201e-01
  2.626538e+00   5.763532e-01   1.546111e-01
  2.631684e+00   4.820975e-01   1.553016e-01
  2.636831e+00   2.033975e-01   1.540946e-01
  2.641978e+00   9.937553e-01   1.540820e-01
  2.647124e+00   7.247400e-01   1.557453e-01
  2.652271e+00   5.181985e-01   1.547645e-01
  2.657417e+00   9.133359e-01   1.542331e-01
  2.662564e+00   3.624859e-01   1.545688e-01
  2.667710e+00   5.454811e-01   1.547356e-01
  2.672857e+00   7.881086e-01   1.538988e-01
  2.678004e+00   6.585081e-01   1.543437e-01
  2.683150e+00   7.133706e-01   1.539532e-01
  2.688297e+00   5.124945e-01   1.532178e-01
  2.693443e+00   5.878365e-01   1.540708e-01
  2.698590e+00   8.128461e-01   1.540413e-01
  2.703736e+00   7.410530e-01   1.534134e-01
  2.708883e+00   7.709700e-01   1.538951e-01
  2.714030e+00   7.174775e-01   1.532349e-01
  2.719176e+00   5.826712e-01   1.519957e-01
  2.724323e+00   7.915164e-01   1.533631e-01
  2.729469e+00   3.408427e-01   1.521118e-01
  2.734616e+00   6.406537e-01   1.521555e-01
  2.739762e+00   8.640924e-01   1.529242e-01
  2.744909e+00   6.225628e-01   1.529945e-01
  2.750056e+00   9.612465e-01   1.519734e-01
  2.755202e+00   4.109909e-01   1.526710e-01
  2.760349e+00   8.095576e-01   1.519115e-01
  2.765495e+00   6.621761e-01   1.513204e-01
  2.770642e+00   7.034922e-01   1.519865e-01
  2.775788e+00   8.051632e-01   1.522193e-01
  2.780935e+00   8.016749e-01   1.510210e-01
  2.786082e+00   5.782978e-01   1.519801e-01
  2.791228e+00   7.545028e-01   1.519805e-01
  2.796375e+00   6.445582e-01   1.516139e-01
  2.801521e+00   4.156033e-01   1.513016e-01
  2.806668e+00   4.217391e-01   1.506971e-01
  2.811814e+00   5.389924e-01   1.502006e-01
  2.816961e+00   4.800835e-01   1.531557e-01
  2.822108e+00   8.020242e-01   1.543070e-01
  2.827254e+00   5.532738e-01   1.544626e-01
  2.832401e+00   7.675358e-01   1.555695e-01
  2.837547e+00   8.121216e-01   1.562607e-01
  2.842694e+00   7.309959e-01   1.556722e-01
  2.847840e+00   8.713968e-01   1.558534e-01
  2.852987e+00   8.977723e-01   1.561925e-01
  2.858134e+00   5.984860e-01   1.548943e-01
  2.863280e+00   5.097396e-01   1.553245e-01
  2.868427e+00   9.069631e-01   1.556758e-01
  2.873573e+00   7.497150e-01   1.550173e-01
  2.878720e+00   8.981444e-01   1.552731e-01
  2.883866e+00   5.096757e-01   1.549363e-01
  2.889013e+00   6.717108e-01   1.541886e-01
  2.894160e+00   8.607485e-01   1.546034e-01
  2.899306e+00   6.273250e-01   1.540541e-01
  2.904453e+00   1.044242e+00   1.536949e-01
  2.909599e+00   5.274433e-01   1.539513e-01
  2.914746e+00   9.577036e-01   1.547302e-01
  2.919892e+00   5.554158e-01   1.534429e-01
  2.925039e+00   4.333679e-01   1.546859e-01
  2.930186e+00   9.593994e-01   1.572619e-01
  2.935332e+00   7.636238e-01   1.594755e-01
  2.940479e+00   8.787320e-01   1.617970e-01
  2.945625e+00   6.283139e-01   1.626504e-01
  2.950772e+00   3.686123e-01   1.629462e-01
  2.955918e+00   6.091081e-01   1.646721e-01
  2.961065e+00   6.749243e-01   1.656041e-01
  2.966212e+00   6.487023e-01   1.666083e-01
  2.971358e+00   7.117286e-01   1.680156e-01
  2.976505e+00   7.087103e-01   1.686638e-01
  2.981651e+00   5.934872e-01   1.684973e-01
  2.986798e+00   1.007391e+00   1.713543e-01
  2.991944e+00   5.599758e-01   1.707633e-01
  2.997091e+00   7.223437e-01   1.670863e-01
  3.002238e+00   4.356472e-01   1.661266e-01
  3.007384e+00   5.049588e-01   1.645374e-01
  3.012531e+00   2.839715e-01   1.628141e-01
  3.017677e+00   5.765288e-01   1.629675e-01
  3.022824e+00   7.894506e-01   1.631149e-01
  3.027970e+00   8.307009e-01   1.617690e-01
  3.033117e+00   6.549298e-01   1.621311e-01
  3.038264e+00   7.789688e-01   1.627932e-01
  3.043410e+00   3.200933e-01   1.604423e-01
  3.048557e+00   7.723194e-01   1.620851e-01
  3.053703e+00   3.969886e-01   1.618962e-01
  3.058850e+00   5.928094e-01   1.624199e-01
  3.063996e+00   6.709818e-01   1.618164e-01
  3.069143e+00   5.790823e-01   1.615032e-01
  3.074290e+00   6.502755e-01   1.606038e-01
  3.079436e+00   5.575398e-01   1.611120e-01
  3.084583e+00   4.688582e-01   1.615645e-01
  3.089729e+00   7.496168e-01   1.608007e-01
  3.094876e+00   4.707309e-01   1.604936e-01
  3.100022e+00   5.934256e-01   1.611375e-01
  3.105169e+00   3.022427e-01   1.598293e-01
  3.110316e+00   8.008839e-01   1.607029e-01
  3.115462e+00   6.042055e-01   1.602220e-01
  3.120609e+00   8.863009e-01   1.591288e-01
  3.125755e+00   4.726487e-01   1.586426e-01
  3.130902e+00   7.368429e-01   1.597358e-01
  3.136048e+00   5.052199e-01   1.572154e-01
  3.141195e+00   7.730172e-01   1.587849e-01
  3.146342e+00   5.710648e-01   1.577863e-01
  3.151488e+00   6.412701e-01   1.569505e-01
  3.156635e+00   5.566294e-01   1.572613e-01
  3.161781e+00   3.493959e-01   1.580088e-01
  3.166928e+00   7.753690e-01   1.564889e-01
  3.172074e+00   6.526363e-01   1.569389e-01
  3.177221e+00   8.098233e-01   1.577976e-01
  3.182368e+00   5.407450e-01   1.565345e-01
  3.187514e+00   7.187985e-01   1.569824e-01
  3.192661e+00   5.994816e-01   1.576837e-01
  3.197807e+00   4.615872e-01   1.558400e-01
  3.202954e+00   4.107345e-01   1.564814e-01
  3.208100e+00   8.920480e-01   1.574145e-01
  3.213247e+00   6.939849e-01   1.557993e-01
  3.218394e+00   8.537033e-01   1.571462e-01
  3.223540e+00   6.922936e-01   1.573880e-01
  3.228687e+00   7.789480e-01   1.556211e-01
  3.233833e+00   3.571898e-01   1.558725e-01
  3.238980e+00   6.192541e-01   1.578154e-01
  3.244126e+00   5.469295e-01   1.553668e-01
  3.249273e+00   5.648831e-01   1.551342e-01
  3.254420e+00   5.199706e-01   1.565366e-01
  3.259566e+00   5.156692e-01   1.546329e-01
  3.264713e+00   5.130258e-01   1.553608e-01
  3.269859e+00   8.414381e-01   1.569467e-01
  3.275006e+00   8.460880e-01   1.552878e-01
  3.280152e+00   1.458614e-01   1.548736e-01
  3.285299e+00   6.081404e-01   1.570286e-01
  3.290446e+00   6.311325e-01   1.545487e-01
  3.295592e+00   5.000832e-01   1.550948e-01
  3.300739e+00   7.192758e-01   1.559900e-01
  3.305885e+00   5.074081e-01   1.540618e-01
  3.311032e+00   5.759513e-01   1.551169e-01
  3.316178e+00   6.291851e-01   1.560125e-01
  3.321325e+00   2.884326e-01   1.539628e-01
  3.326471e+00   5.432810e-01   1.549827e-01
  3.331618e+00   3.823854e-01   1.550924e-01
  3.336765e+00   6.095655e-01   1.536735e-01
  3.341911e+00   5.404786e-01   1.539997e-01
  3.347058e+00   8.343958e-01   1.550584e-01
  3.352204e+00   6.603353e-01   1.537450e-01
  3.357351e+00   6.121987e-01   1.540102e-01
  3.362497e+00   2.031640e-01   1.547180e-01
  3.367644e+00   7.936167e-01   1.532454e-01
  3.372791e+00   5.797337e-01   1.543488e-01
  3.377937e+00   5.812927e-01   1.544137e-01
  3.383084e+00   5.457834e-01   1.538489e-01
  3.388230e+00   4.937466e-01   1.539020e-01
  3.393377e+00   8.975216e-01   1.547820e-01
  3.398523e+00   5.542658e-01   1.534407e-01
  3.403670e+00   6.763246e-01   1.536121e-01
  3.408817e+00   7.532513e-01   1.552091e-01
  3.413963e+00   4.092012e-01   1.536638e-01
  3.419110e+00   3.846152e-01   1.537668e-01
  3.424256e+00   3.111392e-01   1.543606e-01
  3.429403e+00   6.438205e-01   1.527798e-01
  3.434549e+00   7.353828e-01   1.541479e-01
  3.439696e+00   8.509762e-01   1.545121e-01
  3.444843e+00   2.015916e-01   1.530436e-01
  3.449989e+00   6.306341e-01   1.532303e-01
  3.455136e+00   6.131877e-01   1.542722e-01
  3.460282e+00   6.095024e-01   1.532604e-01
  3.465429e+00   4.532256e-01   1.534967e-01
  3.470575e+00   5.099660e-01   1.536336e-01
  3.475722e+00   3.426400e-01   1.525091e-01
  3.480869e+00   8.355762e-01   1.529077e-01
  3.486015e+00   5.023112e-01   1.543306e-01
  3.491162e+00   5.702725e-01   1.524148e-01
  3.496308e+00   4.137368e-01   1.526543e-01
  3.501455e+00   4.219039e-01   1.535500e-01
  3.506601e+00   2.191083e-01   1.527129e-01
  3.511748e+00   8.099468e-01   1.529433e-01
  3.516895e+00   4.675952e-01   1.535531e-01
  3.522041e+00   4.987858e-01   1.524090e-01
  3.527188e+00   5.689728e-01   1.524473e-01
  3.532334e+00   3.556722e-01   1.526268e-01
  3.537481e+00   5.139729e-01   1.528587e-01
  3.542627e+00   3.218094e-01   1.523818e-01
  3.547774e+00   7.619843e-01   1.538153e-01
  3.552921e+00   5.079201e-01   1.529491e-01
  3.558067e+00   3.568199e-01   1.526638e-01
  3.563214e+00   4.054120e-01   1.532643e-01
  3.568360e+00   4.821144e-01   1.528636e-01
  3.573507e+00   5.324317e-01   1.521891e-01
  3.578653e+00   6.650727e-01   1.537111e-01
  3.583800e+00   3.245488e-01   1.522176e-01
  3.588947e+00   5.094627e-01   1.529577e-01
  3.594093e+00   4.155175e-01   1.534376e-01
  3.599240e+00   6.549160e-01   1.532609e-01
  3.604386e+00   4.479316e-01   1.519488e-01
  3.609533e+00   5.952838e-01   1.539118e-01
  3.614679e+00   4.803509e-01   1.519580e-01
  3.619826e+00   2.329951e-01   1.529981e-01
  3.624973e+00   2.368299e-01   1.527359e-01
  3.630119e+00   4.418332e-01   1.527537e-01
  3.635266e+00   5.491406e-01   1.524555e-01
  3.640412e+00   8.359715e-01   1.544075e-01
  3.645559e+00   5.283020e-01   1.521067e-01
  3.650705e+00   4.028084e-01   1.521899e-01
  3.655852e+00   5.953153e-01   1.529549e-01
  3.660999e+00   5.278614e-01   1.522801e-01
  3.666145e+00   3.754164e-01   1.517738e-01
  3.671292e+00   5.116212e-01   1.539176e-01
  3.676438e+00   5.437537e-01   1.518329e-01
  3.681585e+00   2.877540e-01   1.520593e-01
  3.686731e+00   6.443052e-01   1.534060e-01
  3.691878e+00   3.962866e-01   1.522751e-01
  3.697025e+00   3.687442e-01   1.513265e-01
  3.702171e+00   5.360538e-01   1.535002e-01
  3.707318e+00   4.328278e-01   1.518060e-01
  3.712464e+00   6.725562e-01   1.525996e-01
  3.717611e+00   4.080501e-01   1.534263e-01
  3.722757e+00   4.157223e-01   1.522958e-01
  3.727904e+00   2.774400e-01   1.522694e-01
  3.733051e+00   5.396369e-01   1.541901e-01
  3.738197e+00   5.002360e-01   1.521775e-01
  3.743344e+00   4.445363e-01   1.529454e-01
  3.748490e+00   7.933242e-01   1.567415e-01
  3.753637e+00   5.071101e-01   1.578369e-01
  3.758783e+00   2.889451e-01   1.599965e-01
  3.763930e+00   5.959816e-01   1.623160e-01
  3.769077e+00   4.114474e-01   1.623896e-01
  3.774223e+00   4.230099e-01   1.647644e-01
  3.779370e+00   6.423364e-01   1.654851e-01
  3.784516e+00   5.981740e-01   1.644384e-01
  3.789663e+00   2.753848e-01   1.650676e-01
  3.794809e+00   5.271592e-01   1.671086e-01
  3.799956e+00   3.888677e-01   1.658391e-01
  3.805103e+00   6.945602e-01   1.674838e-01
  3.810249e+00   7.004434e-01   1.678563e-01
  3.815396e+00   6.997152e-01   1.625554e-01
  3.820542e+00   4.068238e-01   1.608399e-01
  3.825689e+00   4.060068e-01   1.611511e-01
  3.830835e+00   4.422632e-01   1.587585e-01
  3.835982e+00   5.072029e-01   1.590184e-01
  3.841129e+00   2.441825e-01   1.593366e-01
  3.846275e+00   3.854580e-01   1.586182e-01
  3.851422e+00   4.309860e-01   1.584779e-01
  3.856568e+00   5.994573e-01   1.605104e-01
  3.861715e+00   7.633663e-01   1.577289e-01
  3.866861e+00   5.382803e-01   1.595283e-01
  3.872008e+00   2.146296e-01   1.596549e-01
  3.877155e+00   2.640366e-01   1.583415e-01
  3.882301e+00   3.854211e-01   1.592093e-01
  3.887448e+00   2.952430e-01   1.597980e-01
  3.892594e+00   5.097958e-01   1.585075e-01
  3.897741e+00   5.222353e-01   1.594614e-01
  3.902887e+00   5.061320e-01   1.604127e-01
  3.908034e+00   5.901546e-01   1.585420e-01
  3.913181e+00   5.326623e-01   1.593353e-01
  3.918327e+00   4.872805e-01   1.601122e-01
  3.923474e+00   4.032271e-01   1.586724e-01
  3.928620e+00   2.862923e-01   1.591160e-01
  3.933767e+00   4.886164e-01   1.598562e-01
  3.938913e+00   1.815522e-01   1.586859e-01
  3.944060e+00   5.341705e-01   1.593997e-01
  3.949207e+00   3.116447e-01   1.603895e-01
  3.954353e+00   5.118120e-01   1.591343e-01
  3.959500e+00   4.780714e-01   1.610168e-01
  3.964646e+00   3.905089e-01   1.607456e-01
  3.969793e+00   4.421900e-01   1.596927e-01
  3.974939e+00   3.828700e-01   1.603078e-01
  3.980086e+00   6.385571e-01   1.613604e-01
  3.985233e+00   4.698921e-01   1.602153e-01
  3.990379e+00   6.713206e-01   1.613433e-01
  3.995526e+00   4.136714e-01   1.613308e-01
  4.000672e+00   9.402233e-02   1.601896e-01
  4.005819e+00   3.632197e-01   1.618880e-01
  4.010965e+00   5.351167e-01   1.613349e-01
  4.016112e+00   4.773247e-01   1.609577e-01
  4.021259e+00   5.087671e-01   1.617732e-01
  4.026405e+00   5.481339e-01   1.614657e-01
  4.031552e+00   3.845224e-01   1.618179e-01
  4.036698e+00   4.956820e-01   1.619775e-01
  4.041845e+00   3.991318e-01   1.619696e-01
  4.046991e+00   1.385297e-01   1.616109e-01
  4.052138e+00   4.696623e-01   1.633184e-01
  4.057285e+00   7.709872e-01   1.624128e-01
  4.062431e+00   6.221233e-01   1.621968e-01
  4.067578e+00   3.136823e-01   1.629032e-01
  4.072724e+00   2.707374e-01   1.630628e-01
  4.077871e+00   3.674135e-01   1.619217e-01
  4.083017e+00   4.746206e-01   1.636920e-01
  4.088164e+00   2.834004e-01   1.624883e-01
  4.093311e+00   8.766062e-01   1.633591e-01
  4.098457e+00   5.398526e-01   1.640614e-01
  4.103604e+00   4.811182e-01   1.630526e-01
  4.108750e+00   4.070598e-01   1.632817e-01
  4.113897e+00   2.392002e-01   1.639723e-01
  4.119043e+00   3.587829e-01   1.638958e-01
  4.124190e+00   4.557398e-01   1.634664e-01
  4.129336e+00   3.980923e-02   1.636897e-01
  4.134483e+00   3.766015e-01   1.639186e-01
  4.139630e+00   6.698034e-01   1.643878e-01
  4.144776e+00   3.230727e-01   1.642326e-01
  4.149923e+00   2.134144e-01   1.638680e-01
  4.155069e+00   2.838521e-01   1.634963e-01
  4.160216e+00   3.173725e-01   1.646066e-01
  4.165362e+00   2.621208e-01   1.643274e-01
  4.170509e+00   4.405204e-01   1.644158e-01
  4.175656e+00   2.073153e-01   1.650989e-01
  4.180802e+00   3.985116e-01   1.647345e-01
  4.185949e+00   4.043491e-01   1.659667e-01
  4.191095e+00   4.227909e-01   1.671958e-01
  4.196242e+00   5.677205e-01   1.675926e-01
  4.201388e+00   4.736276e-01   1.682720e-01
  4.206535e+00   5.270703e-01   1.689025e-01
  4.211682e+00   5.913790e-01   1.696719e-01
  4.216828e+00   3.907840e-01   1.695265e-01
  4.221975e+00   4.902352e-01   1.704483e-01
  4.227121e+00   3.833110e-01   1.704619e-01
  4.232268e+00   3.689710e-01   1.709304e-01
  4.237414e+00   5.843039e-01   1.719505e-01
  4.242561e+00   3.140632e-01   1.724242e-01
  4.247708e+00   4.165925e-01   1.723190e-01
  4.252854e+00   4.821322e-01   1.731763e-01
  4.258001e+00   4.291451e-01   1.725489e-01
  4.263147e+00   4.277045e-01   1.739379e-01
  4.268294e+00   3.533209e-01   1.740799e-01
  4.273440e+00   7.569961e-01   1.755776e-01
  4.278587e+00   7.282714e-01   1.753936e-01
  4.283734e+00   4.895112e-01   1.760194e-01
  4.288880e+00   2.502936e-01   1.756999e-01
  4.294027e+00   2.365794e-01   1.755218e-01
  4.299173e+00   1.004010e-01   1.764165e-01
  4.304320e+00   4.684192e-01   1.760661e-01
  4.309466e+00   5.543449e-01   1.765791e-01
  4.314613e+00   2.158190e-01   1.763356e-01
  4.319760e+00   6.483852e-01   1.769725e-01
  4.324906e+00   3.614063e-01   1.774915e-01
  4.330053e+00   3.671357e-01   1.770790e-01
  4.335199e+00   8.575784e-01   1.780533e-01
  4.340346e+00   2.357335e-01   1.769240e-01
  4.345492e+00   5.735990e-01   1.780801e-01
  4.350639e+00   3.326329e-01   1.775620e-01
  4.355786e+00   4.024362e-02   1.789344e-01
  4.360932e+00   5.124499e-01   1.789906e-01
  4.366079e+00   5.989797e-01   1.791170e-01
  4.371225e+00   3.513073e-01   1.792113e-01
  4.376372e+00   4.124559e-01   1.802099e-01
  4.381518e+00   4.723398e-01   1.800902e-01
  4.386665e+00   4.987291e-01   1.801979e-01
  4.391812e+00   5.704579e-01   1.795090e-01
  4.396958e+00   2.685428e-01   1.797815e-01
  4.402105e+00   2.314338e-01   1.800448e-01
  4.407251e+00   2.447671e-01   1.803237e-01
  4.412398e+00   6.269981e-01   1.810632e-01
  4.417544e+00   1.597071e-01   1.814752e-01
  4.422691e+00   5.532562e-01   1.821339e-01
  4.427838e+00   2.150004e-01   1.820836e-01
  4.432984e+00   4.383434e-01   1.828825e-01
  4.438131e+00   4.566882e-01   1.849724e-01
  4.443277e+00   5.233361e-01   1.841351e-01
  4.448424e+00   4.381922e-01   1.850552e-01
  4.453570e+00   2.667521e-01   1.847917e-01
  4.458717e+00   3.840845e-01   1.869438e-01
  4.463864e+00   6.125985e-01   1.872082e-01
  4.469010e+00   2.690442e-01   1.886041e-01
  4.474157e+00   1.933047e-01   1.873023e-01
  4.479303e+00   4.900853e-01   1.881469e-01
  4.484450e+00   4.164545e-01   1.897324e-01
  4.489596e+00   5.691100e-01   1.895861e-01
  4.494743e+00   6.839406e-01   1.907012e-01
  4.499890e+00   5.405121e-01   1.913376e-01
  4.505036e+00   5.891155e-01   1.916036e-01
  4.510183e+00   6.574814e-02   1.914783e-01
  4.515329e+00   4.780957e-01   1.937273e-01
  4.520476e+00   5.152474e-01   1.937216e-01
  4.525622e+00   6.216984e-01   1.933913e-01
  4.530769e+00   7.934933e-01   1.946509e-01
  4.535916e+00   8.073275e-02   1.947996e-01
  4.541062e+00   1.774839e-01   1.949538e-01
  4.546209e+00   5.188160e-01   1.959839e-01
  4.551355e+00   4.183985e-01   1.955356e-01
  4.556502e+00   8.512474e-01   1.971057e-01
  4.561648e+00   1.913338e-01   1.973213e-01
  4.566795e+00   5.517460e-01   1.976190e-01
  4.571942e+00   4.726835e-01   1.974278e-01
  4.577088e+00   6.526110e-01   1.981265e-01
  4.582235e+00   6.855013e-01   2.001532e-01
  4.587381e+00   4.495913e-01   2.009357e-01
  4.592528e+00   6.108711e-01   2.005550e-01
  4.597674e+00   2.745855e-01   2.022545e-01
  4.602821e+00   5.714833e-01   2.026390e-01
  4.607968e+00   4.196240e-01   2.043043e-01
  4.613114e+00   2.218002e-01   2.046978e-01
  4.618261e+00   5.110474e-01   2.041428e-01
  4.623407e+00   4.991378e-01   2.042222e-01
  4.628554e+00   4.424269e-01   2.043023e-01
  4.633700e+00   5.483331e-01   2.052359e-01
  4.638847e+00   8.532591e-01   2.062146e-01
  4.643994e+00   3.447730e-01   2.056966e-01
  4.649140e+00   5.112231e-01   2.062896e-01
  4.654287e+00   6.443709e-01   2.061880e-01
  4.659433e+00   6.825738e-01   2.076149e-01
  4.664580e+00   3.666474e-01   2.058335e-01
  4.669726e+00   7.008103e-01   2.074160e-01
  4.674873e+00   8.389167e-01   2.068938e-01
  4.680020e+00   4.451664e-01   2.071656e-01
  4.685166e+00   5.536290e-01   2.090206e-01
  4.690313e+00   4.349075e-01   2.087394e-01
  4.695459e+00   6.632659e-01   2.100597e-01
  4.700606e+00   4.713803e-01   2.110510e-01
  4.705752e+00   5.052131e-01   2.117671e-01
  4.710899e+00   2.646158e-01   2.109844e-01
  4.716046e+00   1.008419e+00   2.134058e-01
  4.721192e+00   2.799407e-01   2.130440e-01
  4.726339e+00   6.192409e-01   2.137448e-01
  4.731485e+00   4.619125e-01   2.144709e-01
  4.736632e+00   1.172219e-01   2.146719e-01
  4.741778e+00   5.148385e-01   2.160537e-01
  4.746925e+00   1.428976e-01   2.166690e-01
  4.752072e+00   7.723476e-01   2.188895e-01
  4.757218e+00   9.089689e-01   2.178896e-01
  4.762365e+00   7.626077e-01   2.197293e-01
  4.767511e+00   6.526022e-01   2.193626e-01
  4.772658e+00   7.038724e-01   2.201494e-01
  4.777804e+00   4.037358e-01   2.209760e-01
  4.782951e+00   1.021960e-01   2.214726e-01
  4.788098e+00   6.813875e-02   2.212407e-01
  4.793244e+00   2.375903e-01   2.232116e-01
  4.798391e+00  -4.239072e-02   2.248050e-01
  4.803537e+00   6.521912e-01   2.240666e-01
  4.808684e+00   2.228215e-01   2.241449e-01
  4.813830e+00   3.448434e-01   2.257856e-01
  4.818977e+00   5.829206e-01   2.263219e-01
  4.824124e+00   7.711447e-01   2.280736e-01
  4.829270e+00   9.073706e-01   2.281784e-01
  4.834417e+00   2.755418e-01   2.287496e-01
  4.839563e+00   2.963947e-01   2.303243e-01
  4.844710e+00   6.567147e-01   2.319081e-01
  4.849856e+00   9.407098e-01   2.308091e-01
  4.855003e+00   3.234727e-01   2.316509e-01
  4.860150e+00   5.798660e-02   2.325331e-01
  4.865296e+00   2.744827e-01   2.330336e-01
  4.870443e+00   1.254388e-01   2.336649e-01
  4.875589e+00   3.143529e-01   2.340820e-01
  4.880736e+00   4.269317e-01   2.347022e-01
  4.885882e+00   7.063964e-01   2.370237e-01
  4.891029e+00   7.447019e-01   2.381815e-01
  4.896176e+00   4.981020e-01   2.378619e-01
  4.901322e+00   4.664532e-02   2.375169e-01
  4.906469e+00   4.589314e-01   2.396063e-01
  4.911615e+00   4.279632e-01   2.396166e-01
  4.916762e+00   5.491352e-01   2.408671e-01
  4.921908e+00   4.316241e-01   2.421996e-01
  4.927055e+00   1.440516e-01   2.413124e-01
  4.932201e+00   6.054955e-01   2.443052e-01
  4.937348e+00   5.282592e-01   2.443358e-01
  4.942495e+00   4.705028e-01   2.451563e-01
  4.947641e+00   3.811516e-01   2.447392e-01
  4.952788e+00   6.849125e-01   2.449910e-01
  4.957934e+00   2.696986e-01   2.458387e-01
  4.963081e+00   4.046487e-01   2.461951e-01
  4.968227e+00   5.075210e-01   2.455160e-01
  4.973374e+00   3.452896e-01   2.464841e-01
  4.978521e+00   7.268041e-01   2.480628e-01
  4.983667e+00   2.048102e-01   2.480306e-01
  4.988814e+00  -2.941981e-01   2.492860e-01
  4.993960e+00   4.553209e-01   2.487513e-01
  4.999107e+00   5.898608e-01   2.497972e-01
  5.004253e+00   1.878902e-01   2.505385e-01
  5.009400e+00   2.789959e-01   2.546220e-01
  5.014547e+00   3.664818e-01   2.567030e-01
  5.019693e+00   3.701369e-01   2.567836e-01
  5.024840e+00   4.249721e-01   2.619488e-01
  5.029986e+00   3.226713e-01   2.632828e-01
  5.035133e+00   5.843270e-01   2.710678e-01
  5.040279e+00   6.907912e-01   2.698684e-01
  5.045426e+00   3.261377e-01   2.726804e-01
  5.050573e+00   1.916081e-01   2.742684e-01
  5.055719e+00   9.248282e-01   2.793879e-01
  5.060866e+00   6.310209e-01   2.838060e-01
  5.066012e+00   3.190440e-01   2.839070e-01
  5.071159e+00   6.147486e-01   2.890432e-01
  5.076305e+00   4.284150e-01   2.915669e-01
  5.081452e+00   2.910762e-01   2.964741e-01
  5.086599e+00   1.226685e-01   2.984442e-01
  5.091745e+00   6.804284e-01   3.086967e-01
  5.096892e+00   6.537248e-01   3.188178e-01
  5.102038e+00  -1.627730e-01   3.254427e-01
  5.107185e+00   8.926658e-01   3.386528e-01
  5.112331e+00   1.286614e+00   3.470298e-01
  5.117478e+00   6.104387e-01   3.498193e-01
  5.122625e+00   4.394638e-01   3.588234e-01
  5.127771e+00   5.924689e-01   3.672553e-01
  5.132918e+00   6.767190e-01   3.780662e-01
  5.138064e+00  -2.637074e-01   3.688288e-01
  5.143211e+00   2.982076e-01   3.739570e-01
  5.148357e+00   3.644430e-01   3.786334e-01
  5.153504e+00   5.961599e-01   3.793952e-01
  5.158651e+00   1.322347e-01   3.880367e-01
  5.163797e+00   8.291777e-01   4.475520e-01
  5.168944e+00  -1.005393e-02   5.642441e-01
  5.174090e+00   1.889084e+00   6.544001e-01
  5.179237e+00   3.098474e+00   1.155681e+00
