  0.  3022093.5  100.
  .0199999996  3018110.75  100.
  .0399999991  3006165.5  100.
  .0599999987  2986301.75  100.
  .0799999982  2958759.75  100.
  .100000001  2923871.  100.
  .119999997  2882006.25  100.
  .140000001  2833613.75  100.
  .159999996  2779195.25  100.
  .180000007  2719289.  100.
  .200000003  2654492.  100.
  .219999999  2585420.75  100.
  .239999995  2512704.5  100.
  .25999999  2436983.25  100.
  .280000001  2358895.  100.
  .300000012  2279053.75  100.
  .319999993  2198058.5  100.
  .340000004  2116482.25  100.
  .360000014  2034845.62  100.
  .379999995  1953645.38  100.
  .400000006  1873325.5  100.
  .419999987  1794277.12  100.
  .439999998  1716851.12  100.
  .460000008  1641345.12  100.
  .479999989  1568005.88  100.
  .5  1497036.  100.
  .519999981  1428592.  100.
  .540000021  1362786.75  100.
  .560000002  1299704.25  100.
  .579999983  1239382.38  100.
  .600000024  1181833.88  100.
  .620000005  1127046.38  100.
  .639999986  1074981.38  100.
  .660000026  1025585.12  100.
  .680000007  978785.75  100.
  .699999988  934499.688  100.
  .720000029  892635.812  100.
  .74000001  853092.25  100.
  .75999999  815766.5  100.
  .779999971  780550.  100.
  .800000012  747335.375  100.
  .819999993  716015.875  100.
  .839999974  686484.562  100.
  .860000014  658636.625  100.
  .879999995  632371.625  100.
  .899999976  607590.375  100.
  .920000017  584199.938  100.
  .939999998  562110.812  100.
  .959999979  541238.688  100.
  .980000019  521500.75  100.
  1.  502821.844  100.
  1.01999998  485130.594  100.
  1.03999996  468359.875  100.
  1.05999994  452448.344  100.
  1.08000004  437337.906  100.
  1.10000002  422974.25  100.
  1.12  409309.094  100.
  1.13999999  396296.125  100.
  1.15999997  383893.531  100.
  1.17999995  372063.719  100.
  1.20000005  360770.125  100.
  1.22000003  349981.312  100.
  1.24000001  339667.344  100.
  1.25999999  329800.281  100.
  1.27999997  320355.188  100.
  1.29999995  311309.062  100.
  1.32000005  302639.656  100.
  1.34000003  294327.156  100.
  1.36000001  286352.375  100.
  1.38  278698.5  100.
  1.39999998  271348.375  100.
  1.41999996  264286.25  100.
  1.44000006  257497.75  100.
  1.46000004  250969.  100.
  1.48000002  244686.688  100.
  1.5  238638.875  100.
  1.51999998  232813.422  100.
  1.53999996  227198.781  100.
  1.55999994  221784.75  100.
  1.58000004  216561.391  100.
  1.60000002  211519.203  100.
  1.62  206648.656  100.
  1.63999999  201941.672  100.
  1.65999997  197390.141  100.
  1.67999995  192985.984  100.
  1.70000005  188722.531  100.
  1.72000003  184592.734  100.
  1.74000001  180590.125  100.
  1.75999999  176698.875  100.
  1.77999997  172917.859  100.
  1.79999995  169265.281  100.
  1.82000005  165705.781  100.
  1.84000003  162314.062  100.
  1.86000001  158946.656  100.
  1.88  155692.984  100.
  1.89999998  152442.516  100.
  1.91999996  149286.875  100.
  1.94000006  146377.125  100.
  1.96000004  143500.297  100.
  1.98000002  140699.312  100.
  2.  137833.672  100.
  2.01999998  135208.656  100.
  2.03999996  132685.312  100.
  2.05999994  130166.141  100.
  2.07999992  127552.312  100.
  2.0999999  125244.938  100.
  2.11999989  123009.305  100.
  2.1400001  120760.586  100.
  2.16000009  118356.367  100.
  2.18000007  116336.289  100.
  2.20000005  114341.031  100.
  2.22000003  112297.484  100.
  2.24000001  110311.  100.
  2.25999999  108375.938  100.
  2.27999997  106655.742  100.
  2.29999995  104681.703  100.
  2.31999993  103098.469  100.
  2.33999991  101396.266  100.
  2.3599999  99723.7891  100.
  2.38000011  98193.9219  100.
  2.4000001  96610.0234  100.
  2.42000008  94974.375  100.
  2.44000006  93657.7109  100.
  2.46000004  92157.0234  100.
  2.48000002  90926.3125  100.
  2.5  89448.7656  100.
  2.51999998  88241.1328  100.
  2.53999996  86785.2969  100.
  2.55999994  85598.0469  100.
  2.57999992  84556.0312  100.
  2.5999999  83202.4609  100.
  2.61999989  82114.0156  100.
  2.6400001  80962.2344  100.
  2.66000009  79993.0156  100.
  2.68000007  78784.3516  100.
  2.70000005  77886.9062  100.
  2.72000003  76760.5312  100.
  2.74000001  75752.8359  100.
  2.75999999  74786.4688  100.
  2.77999997  73849.6953  100.
  2.79999995  72968.1484  100.
  2.81999993  71937.6641  100.
  2.83999991  71124.5234  100.
  2.8599999  70282.4375  100.
  2.88000011  69441.0469  100.
  2.9000001  68594.0391  100.
  2.92000008  67755.8516  100.
  2.94000006  66951.0391  100.
  2.96000004  66039.2891  100.
  2.98000002  65212.3594  100.
  3.  64526.707  100.
  3.01999998  63844.6875  100.
  3.03999996  63034.1289  100.
  3.05999994  62308.6992  100.
  3.07999992  61665.7031  100.
  3.0999999  60981.0039  100.
  3.11999989  60159.3477  100.
  3.1400001  59463.2891  100.
  3.16000009  58802.6562  100.
  3.18000007  58013.7891  100.
  3.20000005  57532.625  100.
  3.22000003  56606.3359  100.
  3.24000001  56131.5078  100.
  3.25999999  55558.6523  100.
  3.27999997  54895.8594  100.
  3.29999995  54242.9727  100.
  3.31999993  53744.2969  100.
  3.33999991  53071.6484  100.
  3.3599999  52566.1016  100.
  3.38000011  52125.582  100.
  3.4000001  51371.7695  100.
  3.42000008  50842.1094  100.
  3.44000006  50321.4883  100.
  3.46000004  49828.7578  100.
  3.48000002  49282.3203  100.
  3.5  48690.6992  100.
  3.51999998  48352.5586  100.
  3.53999996  47776.7266  100.
  3.55999994  47405.4258  100.
  3.57999992  46799.9023  100.
  3.5999999  46382.7148  100.
  3.61999989  45945.2383  100.
  3.6400001  45481.6172  100.
  3.66000009  44988.3711  100.
  3.68000007  44577.9922  100.
  3.70000005  44111.9219  100.
  3.72000003  43650.9336  100.
  3.74000001  43412.0781  100.
  3.75999999  42870.293  100.
  3.77999997  42543.0859  100.
  3.79999995  42145.7148  100.
  3.81999993  41626.0078  100.
  3.83999991  41465.1992  100.
  3.8599999  40984.1523  100.
  3.88000011  40678.0586  100.
  3.9000001  40258.1836  100.
  3.92000008  39950.9062  100.
  3.94000006  39658.2539  100.
  3.96000004  39310.0469  100.
  3.98000002  39055.6758  100.
  4.  38763.2891  100.
  4.01999998  38450.2812  100.
  4.03999996  38100.5078  100.
  4.05999994  37823.1641  100.
  4.07999992  37592.1289  100.
  4.0999999  37272.9648  100.
  4.11999989  37010.4492  100.
  4.13999987  36774.9805  100.
  4.15999985  36459.6328  100.
  4.17999983  36171.5859  100.
  4.19999981  35918.7812  100.
  4.21999979  35574.4766  100.
  4.23999977  35406.8086  100.
  4.26000023  35115.4727  100.
  4.28000021  34885.707  100.
  4.30000019  34597.7578  100.
  4.32000017  34374.0469  100.
  4.34000015  34137.0742  100.
  4.36000013  33819.875  100.
  4.38000011  33700.5195  100.
  4.4000001  33402.5742  100.
  4.42000008  33184.207  100.
  4.44000006  33000.0586  100.
  4.46000004  32718.8027  100.
  4.48000002  32559.1699  100.
  4.5  32388.5469  100.
  4.51999998  32173.8301  100.
  4.53999996  31952.4355  100.
  4.55999994  31728.8145  100.
  4.57999992  31569.8848  100.
  4.5999999  31387.3281  100.
  4.61999989  31165.7207  100.
  4.63999987  30997.2559  100.
  4.65999985  30812.0098  100.
  4.67999983  30595.9277  100.
  4.69999981  30418.2344  100.
  4.71999979  30273.1367  100.
  4.73999977  30094.0273  100.
  4.76000023  29983.9668  100.
  4.78000021  29753.1973  100.
  4.80000019  29611.6172  100.
  4.82000017  29439.2617  100.
  4.84000015  29289.8516  100.
  4.86000013  29087.291  100.
  4.88000011  28983.125  100.
  4.9000001  28814.0215  100.
  4.92000008  28646.0176  100.
  4.94000006  28480.5254  100.
  4.96000004  28332.2578  100.
  4.98000002  28164.9082  100.
  5.  28025.5684  100.
  5.01999998  27886.127  100.
  5.03999996  27742.793  100.
  5.05999994  27570.8594  100.
  5.07999992  27425.9023  100.
  5.0999999  27320.7441  100.
  5.11999989  27159.6543  100.
  5.13999987  27005.0723  100.
  5.15999985  26894.9414  100.
  5.17999983  26786.1641  100.
  5.19999981  26631.9023  100.
  5.21999979  26489.1543  100.
  5.23999977  26385.8242  100.
  5.26000023  26284.2949  100.
  5.28000021  26139.9297  100.
  5.30000019  26045.4805  100.
  5.32000017  25914.7871  100.
  5.34000015  25800.3945  100.
  5.36000013  25681.1582  100.
  5.38000011  25520.2031  100.
  5.4000001  25433.7148  100.
  5.42000008  25343.2402  100.
  5.44000006  25202.791  100.
  5.46000004  25091.5918  100.
  5.48000002  24986.3926  100.
  5.5  24896.8652  100.
  5.51999998  24789.8789  100.
  5.53999996  24683.8262  100.
  5.55999994  24580.3281  100.
  5.57999992  24523.4004  100.
  5.5999999  24400.1602  100.
  5.61999989  24284.7637  100.
  5.63999987  24218.873  100.
  5.65999985  24135.7227  100.
  5.67999983  24057.625  100.
  5.69999981  23950.3223  100.
  5.71999979  23862.2422  100.
  5.73999977  23810.9707  100.
  5.76000023  23720.0586  100.
  5.78000021  23648.7539  100.
  5.80000019  23584.832  100.
  5.82000017  23472.9043  100.
  5.84000015  23441.9473  100.
  5.86000013  23350.1836  100.
  5.88000011  23290.9805  100.
  5.9000001  23223.2227  100.
  5.92000008  23150.4824  100.
  5.94000006  23075.9863  100.
  5.96000004  23000.5957  100.
  5.98000002  22918.3184  100.
  6.  22872.9297  100.
