  0.  125408376.  100.
  .0199999996  125217680.  100.
  .0399999991  124643336.  100.
  .0599999987  123690640.  100.
  .0799999982  122367464.  100.
  .100000001  120685112.  100.
  .119999997  118657424.  100.
  .140000001  116301336.  100.
  .159999996  113635624.  100.
  .180000007  110682232.  100.
  .200000003  107464584.  100.
  .219999999  104007896.  100.
  .239999995  100339176.  100.
  .25999999  96486464.  100.
  .280000001  92478592.  100.
  .300000012  88344904.  100.
  .319999993  84115088.  100.
  .340000004  79818472.  100.
  .360000014  75484360.  100.
  .379999995  71140880.  100.
  .400000006  66815508.  100.
  .419999987  62534200.  100.
  .439999998  58321624.  100.
  .460000008  54200588.  100.
  .479999989  50192216.  100.
  .5  46315328.  100.
  .519999981  42586728.  100.
  .540000021  39020976.  100.
  .560000002  35630288.  100.
  .579999983  32424606.  100.
  .600000024  29411394.  100.
  .620000005  26596068.  100.
  .639999986  23981638.  100.
  .660000026  21569008.  100.
  .680000007  19357084.  100.
  .699999988  17342880.  100.
  .720000029  15521695.  100.
  .74000001  13887205.  100.
  .75999999  12431741.  100.
  .779999971  11146444.  100.
  .800000012  10021418.  100.
  .819999993  9045963.  100.
  .839999974  8208750.5  100.
  .860000014  7498064.5  100.
  .879999995  6901907.5  100.
  .899999976  6408240.5  100.
  .920000017  6005103.5  100.
  .939999998  5680786.5  100.
  .959999979  5423973.  100.
  .980000019  5223851.  100.
  1.  5070219.  100.
  1.01999998  4953568.5  100.
  1.03999996  4865149.5  100.
  1.05999994  4797051.  100.
  1.08000004  4742205.  100.
  1.10000002  4694407.  100.
  1.12  4648341.  100.
  1.13999999  4599549.  100.
  1.15999997  4544418.5  100.
  1.17999995  4480125.5  100.
  1.20000005  4404630.  100.
  1.22000003  4316567.5  100.
  1.24000001  4215227.5  100.
  1.25999999  4100482.5  100.
  1.27999997  3972675.75  100.
  1.29999995  3832614.75  100.
  1.32000005  3681449.25  100.
  1.34000003  3520607.75  100.
  1.36000001  3351750.25  100.
  1.38  3176666.5  100.
  1.39999998  2997243.25  100.
  1.41999996  2815379.5  100.
  1.44000006  2632962.75  100.
  1.46000004  2451808.25  100.
  1.48000002  2273617.  100.
  1.5  2099949.75  100.
  1.51999998  1932198.25  100.
  1.53999996  1771567.  100.
  1.55999994  1619066.5  100.
  1.58000004  1475494.75  100.
  1.60000002  1341450.  100.
  1.62  1217321.38  100.
  1.63999999  1103308.75  100.
  1.65999997  999429.188  100.
  1.67999995  905530.312  100.
  1.70000005  821319.062  100.
  1.72000003  746369.562  100.
  1.74000001  680149.5  100.
  1.75999999  622045.25  100.
  1.77999997  571377.812  100.
  1.79999995  527424.25  100.
  1.82000005  489445.031  100.
  1.84000003  456693.906  100.
  1.86000001  428441.875  100.
  1.88  403988.125  100.
  1.89999998  382676.969  100.
  1.91999996  363904.344  100.
  1.94000006  347129.219  100.
  1.96000004  331880.594  100.
  1.98000002  317757.312  100.
  2.  304434.344  100.
  2.01999998  291659.844  100.
  2.03999996  279252.531  100.
  2.05999994  267099.844  100.
  2.07999992  255151.359  100.
  2.0999999  243413.234  100.
  2.11999989  231939.875  100.
  2.1400001  220826.922  100.
  2.16000009  210202.594  100.
  2.18000007  200219.766  100.
  2.20000005  191046.406  100.
  2.22000003  182858.641  100.
  2.24000001  175832.594  100.
  2.25999999  170136.594  100.
  2.27999997  165926.5  100.
  2.29999995  163338.453  100.
  2.31999993  162485.109  100.
  2.33999991  163451.812  100.
  2.3599999  166293.734  100.
  2.38000011  171033.953  100.
  2.4000001  177663.484  100.
  2.42000008  186140.  100.
  2.44000006  196389.609  100.
  2.46000004  208308.109  100.
  2.48000002  221763.391  100.
  2.5  236598.828  100.
  2.51999998  252634.984  100.
  2.53999996  269675.969  100.
  2.55999994  287462.969  100.
  2.57999992  306058.125  100.
  2.5999999  324533.625  100.
  2.61999989  343743.625  100.
  2.6400001  362293.781  100.
  2.66000009  380457.375  100.
  2.68000007  398750.469  100.
  2.70000005  415964.094  100.
  2.72000003  431290.562  100.
  2.74000001  446683.875  100.
  2.75999999  460761.375  100.
  2.77999997  474272.844  100.
  2.79999995  484208.688  100.
  2.81999993  494561.312  100.
  2.83999991  502201.781  100.
  2.8599999  508257.688  100.
  2.88000011  513451.625  100.
  2.9000001  516349.906  100.
  2.92000008  517929.875  100.
  2.94000006  517753.844  100.
  2.96000004  516045.656  100.
  2.98000002  513267.094  100.
  3.  509875.031  100.
  3.01999998  503783.625  100.
  3.03999996  496808.719  100.
  3.05999994  490073.5  100.
  3.07999992  481219.062  100.
  3.0999999  471853.375  100.
  3.11999989  462671.219  100.
  3.1400001  452481.906  100.
  3.16000009  442076.469  100.
  3.18000007  431543.531  100.
  3.20000005  421687.906  100.
  3.22000003  410449.031  100.
  3.24000001  400654.094  100.
  3.25999999  390202.094  100.
  3.27999997  380925.188  100.
  3.29999995  371593.406  100.
  3.31999993  362580.469  100.
  3.33999991  354690.844  100.
  3.3599999  346977.219  100.
  3.38000011  339830.188  100.
  3.4000001  333614.781  100.
  3.42000008  327909.  100.
  3.44000006  323083.375  100.
  3.46000004  318523.969  100.
  3.48000002  314859.656  100.
  3.5  311596.094  100.
  3.51999998  309276.781  100.
  3.53999996  307156.438  100.
  3.55999994  305601.156  100.
  3.57999992  304479.906  100.
  3.5999999  303632.844  100.
  3.61999989  303491.438  100.
  3.6400001  303430.156  100.
  3.66000009  303630.844  100.
  3.68000007  304014.281  100.
  3.70000005  304794.156  100.
  3.72000003  305487.094  100.
  3.74000001  306057.156  100.
  3.75999999  306810.031  100.
  3.77999997  307385.625  100.
  3.79999995  307853.406  100.
  3.81999993  308119.219  100.
  3.83999991  307963.438  100.
  3.8599999  307715.219  100.
  3.88000011  307701.438  100.
  3.9000001  306931.188  100.
  3.92000008  305838.375  100.
  3.94000006  304325.  100.
  3.96000004  302453.938  100.
  3.98000002  300411.438  100.
  4.  297906.562  100.
  4.01999998  294915.969  100.
  4.03999996  291348.312  100.
  4.05999994  287920.375  100.
  4.07999992  283933.906  100.
  4.0999999  279409.531  100.
  4.11999989  274735.375  100.
  4.13999987  269569.938  100.
  4.15999985  264300.344  100.
  4.17999983  258655.281  100.
  4.19999981  252941.156  100.
  4.21999979  246909.016  100.
  4.23999977  240747.656  100.
  4.26000023  234715.172  100.
  4.28000021  228322.578  100.
  4.30000019  222257.  100.
  4.32000017  215861.  100.
  4.34000015  209877.422  100.
  4.36000013  203974.297  100.
  4.38000011  198142.891  100.
  4.4000001  192565.359  100.
  4.42000008  187173.391  100.
  4.44000006  182164.984  100.
  4.46000004  177461.5  100.
  4.48000002  173372.406  100.
  4.5  169816.516  100.
  4.51999998  166127.297  100.
  4.53999996  163379.547  100.
  4.55999994  160884.344  100.
  4.57999992  159093.297  100.
  4.5999999  157736.438  100.
  4.61999989  157075.531  100.
  4.63999987  156718.031  100.
  4.65999985  157221.812  100.
  4.67999983  158131.531  100.
  4.69999981  159419.156  100.
  4.71999979  161271.219  100.
  4.73999977  163586.734  100.
  4.76000023  166407.297  100.
  4.78000021  169551.891  100.
  4.80000019  173250.172  100.
  4.82000017  177221.719  100.
  4.84000015  181219.75  100.
  4.86000013  185776.391  100.
  4.88000011  190164.609  100.
  4.9000001  194860.781  100.
  4.92000008  199782.781  100.
  4.94000006  204419.453  100.
  4.96000004  209168.297  100.
  4.98000002  213825.312  100.
  5.  218218.812  100.
  5.01999998  222184.516  100.
  5.03999996  226646.938  100.
  5.05999994  229903.391  100.
  5.07999992  233326.766  100.
  5.0999999  236090.641  100.
  5.11999989  238658.234  100.
  5.13999987  240645.938  100.
  5.15999985  242315.703  100.
  5.17999983  243048.531  100.
  5.19999981  243687.078  100.
  5.21999979  243722.609  100.
  5.23999977  243106.469  100.
  5.26000023  242000.25  100.
  5.28000021  240445.391  100.
  5.30000019  238271.125  100.
  5.32000017  235727.219  100.
  5.34000015  232687.406  100.
  5.36000013  229264.656  100.
  5.38000011  225393.422  100.
  5.4000001  221841.594  100.
  5.42000008  217021.422  100.
  5.44000006  212178.875  100.
  5.46000004  207521.047  100.
  5.48000002  202515.047  100.
  5.5  197444.078  100.
  5.51999998  192399.312  100.
  5.53999996  187060.016  100.
  5.55999994  182355.156  100.
  5.57999992  177371.688  100.
  5.5999999  172628.312  100.
  5.61999989  168348.781  100.
  5.63999987  164287.109  100.
  5.65999985  160123.047  100.
  5.67999983  156961.547  100.
  5.69999981  153825.438  100.
  5.71999979  151112.734  100.
  5.73999977  148821.609  100.
  5.76000023  147124.031  100.
  5.78000021  145808.891  100.
  5.80000019  144989.766  100.
  5.82000017  144551.734  100.
  5.84000015  144749.484  100.
  5.86000013  145276.062  100.
  5.88000011  146356.984  100.
  5.9000001  147827.469  100.
  5.92000008  149696.156  100.
  5.94000006  151854.312  100.
  5.96000004  154488.453  100.
  5.98000002  157485.266  100.
  6.  160679.25  100.
