  0.521838E+00  0.209024E+02  0.171289E+00
  0.524572E+00  0.204454E+02  0.169704E+00
  0.527306E+00  0.206254E+02  0.169078E+00
  0.530040E+00  0.200643E+02  0.169158E+00
  0.532774E+00  0.199260E+02  0.164858E+00
  0.535508E+00  0.198669E+02  0.167003E+00
  0.538242E+00  0.194845E+02  0.165805E+00
  0.540976E+00  0.194912E+02  0.164173E+00
  0.543710E+00  0.190371E+02  0.163795E+00
  0.546445E+00  0.186908E+02  0.161286E+00
  0.549179E+00  0.185949E+02  0.161110E+00
  0.551913E+00  0.181608E+02  0.158382E+00
  0.554647E+00  0.178396E+02  0.158444E+00
  0.557381E+00  0.182057E+02  0.159561E+00
  0.560115E+00  0.177182E+02  0.155086E+00
  0.562849E+00  0.173873E+02  0.155095E+00
  0.565583E+00  0.171029E+02  0.154062E+00
  0.568317E+00  0.169253E+02  0.154388E+00
  0.571051E+00  0.165109E+02  0.151468E+00
  0.573785E+00  0.167043E+02  0.152258E+00
  0.576519E+00  0.162875E+02  0.150571E+00
  0.579253E+00  0.163201E+02  0.150865E+00
  0.581987E+00  0.160012E+02  0.148310E+00
  0.584721E+00  0.157422E+02  0.148990E+00
  0.587455E+00  0.156681E+02  0.148550E+00
  0.590189E+00  0.152428E+02  0.146346E+00
  0.592923E+00  0.151223E+02  0.147157E+00
  0.595657E+00  0.149533E+02  0.144347E+00
  0.598391E+00  0.147887E+02  0.143869E+00
  0.601125E+00  0.148366E+02  0.144363E+00
  0.603859E+00  0.144887E+02  0.143183E+00
  0.606593E+00  0.140773E+02  0.140829E+00
  0.609328E+00  0.140165E+02  0.141228E+00
  0.612062E+00  0.139394E+02  0.139789E+00
  0.614796E+00  0.136421E+02  0.140183E+00
  0.617530E+00  0.135057E+02  0.137704E+00
  0.620264E+00  0.132953E+02  0.138531E+00
  0.622998E+00  0.130599E+02  0.137563E+00
  0.625732E+00  0.129226E+02  0.136280E+00
  0.628466E+00  0.128709E+02  0.135048E+00
  0.631200E+00  0.127838E+02  0.133386E+00
  0.633934E+00  0.124300E+02  0.135815E+00
  0.636668E+00  0.120553E+02  0.133027E+00
  0.639402E+00  0.120671E+02  0.132338E+00
  0.642136E+00  0.118933E+02  0.131458E+00
  0.644870E+00  0.118700E+02  0.131135E+00
  0.647604E+00  0.115664E+02  0.131487E+00
  0.650338E+00  0.114993E+02  0.129893E+00
  0.653072E+00  0.113422E+02  0.127558E+00
  0.655806E+00  0.110711E+02  0.129799E+00
  0.658540E+00  0.109100E+02  0.126638E+00
  0.661274E+00  0.108880E+02  0.129093E+00
  0.664008E+00  0.106052E+02  0.124482E+00
  0.666742E+00  0.102995E+02  0.124404E+00
  0.669476E+00  0.103734E+02  0.124681E+00
  0.672211E+00  0.102522E+02  0.123812E+00
  0.674945E+00  0.100714E+02  0.124378E+00
  0.677679E+00  0.990008E+01  0.121244E+00
  0.680413E+00  0.978760E+01  0.122517E+00
  0.683147E+00  0.968266E+01  0.122572E+00
  0.685881E+00  0.947144E+01  0.120404E+00
  0.688615E+00  0.935685E+01  0.121270E+00
  0.691349E+00  0.916555E+01  0.118732E+00
  0.694083E+00  0.899859E+01  0.118893E+00
  0.696817E+00  0.885022E+01  0.118109E+00
  0.699551E+00  0.874348E+01  0.116079E+00
  0.702285E+00  0.867275E+01  0.116988E+00
  0.705019E+00  0.852381E+01  0.117151E+00
  0.707753E+00  0.842341E+01  0.116546E+00
  0.710487E+00  0.814751E+01  0.114007E+00
  0.713221E+00  0.820590E+01  0.114440E+00
  0.715955E+00  0.810927E+01  0.114615E+00
  0.718689E+00  0.790035E+01  0.113894E+00
  0.721423E+00  0.780523E+01  0.113705E+00
  0.724157E+00  0.784614E+01  0.112616E+00
  0.726891E+00  0.750375E+01  0.110854E+00
  0.729625E+00  0.736481E+01  0.111004E+00
  0.732359E+00  0.725004E+01  0.110690E+00
  0.735094E+00  0.718274E+01  0.110462E+00
  0.737828E+00  0.707393E+01  0.108122E+00
  0.740562E+00  0.709382E+01  0.110026E+00
  0.743296E+00  0.699740E+01  0.109052E+00
  0.746030E+00  0.674555E+01  0.107249E+00
  0.748764E+00  0.667473E+01  0.106748E+00
  0.751498E+00  0.675369E+01  0.107417E+00
  0.754232E+00  0.666646E+01  0.107005E+00
  0.756966E+00  0.653149E+01  0.106392E+00
  0.759700E+00  0.647299E+01  0.106368E+00
  0.762434E+00  0.624084E+01  0.105687E+00
  0.765168E+00  0.624728E+01  0.105805E+00
  0.767902E+00  0.607142E+01  0.104764E+00
  0.770636E+00  0.613630E+01  0.104492E+00
  0.773370E+00  0.597269E+01  0.104561E+00
  0.776104E+00  0.604469E+01  0.104018E+00
  0.778838E+00  0.581383E+01  0.102697E+00
  0.781572E+00  0.564992E+01  0.101757E+00
  0.784306E+00  0.554495E+01  0.102171E+00
  0.787040E+00  0.559421E+01  0.102355E+00
  0.789774E+00  0.547438E+01  0.101620E+00
  0.792508E+00  0.532888E+01  0.101061E+00
  0.795242E+00  0.533382E+01  0.101588E+00
  0.797977E+00  0.538474E+01  0.101769E+00
  0.800711E+00  0.531583E+01  0.103658E+00
  0.803445E+00  0.505621E+01  0.100148E+00
  0.806179E+00  0.530656E+01  0.102607E+00
  0.808913E+00  0.499729E+01  0.101888E+00
  0.811647E+00  0.488579E+01  0.102146E+00
  0.814381E+00  0.481920E+01  0.100885E+00
  0.817115E+00  0.468858E+01  0.100936E+00
  0.819849E+00  0.488593E+01  0.102902E+00
  0.822583E+00  0.474321E+01  0.101391E+00
  0.825317E+00  0.444215E+01  0.101129E+00
  0.828051E+00  0.451373E+01  0.100468E+00
  0.830785E+00  0.447953E+01  0.997649E-01
  0.833519E+00  0.431846E+01  0.101780E+00
  0.836253E+00  0.421542E+01  0.100142E+00
  0.838987E+00  0.412132E+01  0.100127E+00
  0.841721E+00  0.419634E+01  0.101002E+00
  0.844455E+00  0.427155E+01  0.998935E-01
  0.847189E+00  0.419107E+01  0.100636E+00
  0.849923E+00  0.395872E+01  0.981311E-01
  0.852657E+00  0.395260E+01  0.999307E-01
  0.855391E+00  0.399555E+01  0.100068E+00
  0.858125E+00  0.403818E+01  0.100810E+00
  0.860860E+00  0.403125E+01  0.999035E-01
  0.863594E+00  0.401522E+01  0.991727E-01
  0.866328E+00  0.397706E+01  0.998459E-01
  0.869062E+00  0.379089E+01  0.995501E-01
  0.871796E+00  0.373416E+01  0.991764E-01
  0.874530E+00  0.359571E+01  0.986467E-01
  0.877264E+00  0.366744E+01  0.986823E-01
  0.879998E+00  0.355500E+01  0.995353E-01
  0.882732E+00  0.365237E+01  0.993285E-01
  0.885466E+00  0.351834E+01  0.981790E-01
  0.888200E+00  0.352492E+01  0.986209E-01
  0.890934E+00  0.336593E+01  0.982566E-01
  0.893668E+00  0.350909E+01  0.988308E-01
  0.896402E+00  0.343432E+01  0.987139E-01
  0.899136E+00  0.348100E+01  0.975074E-01
  0.901870E+00  0.338858E+01  0.978744E-01
  0.904604E+00  0.343045E+01  0.990550E-01
  0.907338E+00  0.333713E+01  0.979610E-01
  0.910072E+00  0.338203E+01  0.982698E-01
  0.912806E+00  0.326707E+01  0.977118E-01
  0.915540E+00  0.318642E+01  0.964195E-01
  0.918274E+00  0.332283E+01  0.983251E-01
  0.921009E+00  0.319994E+01  0.982568E-01
  0.923743E+00  0.315443E+01  0.978654E-01
  0.926477E+00  0.313157E+01  0.986768E-01
  0.929211E+00  0.308654E+01  0.958171E-01
  0.931945E+00  0.300789E+01  0.973964E-01
  0.934679E+00  0.311460E+01  0.971899E-01
  0.937413E+00  0.306952E+01  0.982579E-01
  0.940147E+00  0.313773E+01  0.981198E-01
  0.942881E+00  0.308450E+01  0.972072E-01
  0.945615E+00  0.309360E+01  0.977546E-01
  0.948349E+00  0.300166E+01  0.964365E-01
  0.951083E+00  0.302644E+01  0.973569E-01
  0.953817E+00  0.297925E+01  0.973893E-01
  0.956551E+00  0.308510E+01  0.971886E-01
  0.959285E+00  0.289768E+01  0.979336E-01
  0.962019E+00  0.281266E+01  0.960642E-01
  0.964753E+00  0.284443E+01  0.965818E-01
  0.967487E+00  0.284901E+01  0.965456E-01
  0.970221E+00  0.284051E+01  0.965139E-01
  0.972955E+00  0.275444E+01  0.967709E-01
  0.975689E+00  0.276370E+01  0.962517E-01
  0.978423E+00  0.282832E+01  0.979043E-01
  0.981157E+00  0.276465E+01  0.961569E-01
  0.983892E+00  0.293692E+01  0.979802E-01
  0.986626E+00  0.281166E+01  0.970957E-01
  0.989360E+00  0.268522E+01  0.969244E-01
  0.992094E+00  0.273635E+01  0.976023E-01
  0.994828E+00  0.268759E+01  0.957259E-01
  0.997562E+00  0.278289E+01  0.967509E-01
  0.100030E+01  0.263053E+01  0.953014E-01
  0.100303E+01  0.256441E+01  0.963123E-01
  0.100576E+01  0.265750E+01  0.962785E-01
  0.100850E+01  0.262145E+01  0.966058E-01
  0.101123E+01  0.262279E+01  0.968323E-01
  0.101397E+01  0.259951E+01  0.958024E-01
  0.101670E+01  0.252701E+01  0.967978E-01
  0.101943E+01  0.269817E+01  0.968492E-01
  0.102217E+01  0.259047E+01  0.961036E-01
  0.102490E+01  0.276732E+01  0.971189E-01
  0.102764E+01  0.255734E+01  0.945484E-01
  0.103037E+01  0.260312E+01  0.972305E-01
  0.103310E+01  0.259425E+01  0.956052E-01
  0.103584E+01  0.260562E+01  0.967791E-01
  0.103857E+01  0.271036E+01  0.966737E-01
  0.104131E+01  0.251346E+01  0.954292E-01
  0.104404E+01  0.246239E+01  0.969423E-01
  0.104677E+01  0.267644E+01  0.954699E-01
  0.104951E+01  0.273788E+01  0.961554E-01
  0.105224E+01  0.255146E+01  0.962532E-01
  0.105498E+01  0.247616E+01  0.960004E-01
  0.105771E+01  0.264131E+01  0.964781E-01
  0.106044E+01  0.252422E+01  0.955092E-01
  0.106318E+01  0.257884E+01  0.961318E-01
  0.106591E+01  0.248168E+01  0.956878E-01
  0.106865E+01  0.241912E+01  0.951621E-01
  0.107138E+01  0.250829E+01  0.963739E-01
  0.107411E+01  0.234692E+01  0.941267E-01
  0.107685E+01  0.242990E+01  0.967742E-01
  0.107958E+01  0.246983E+01  0.947568E-01
  0.108232E+01  0.264386E+01  0.956631E-01
  0.108505E+01  0.263100E+01  0.966767E-01
  0.108779E+01  0.248384E+01  0.953375E-01
  0.109052E+01  0.240163E+01  0.968902E-01
  0.109325E+01  0.247734E+01  0.943459E-01
  0.109599E+01  0.254316E+01  0.961216E-01
  0.109872E+01  0.247085E+01  0.955425E-01
  0.110146E+01  0.257131E+01  0.957164E-01
  0.110419E+01  0.239602E+01  0.953600E-01
  0.110692E+01  0.232806E+01  0.950859E-01
  0.110966E+01  0.242116E+01  0.951588E-01
  0.111239E+01  0.240323E+01  0.956788E-01
  0.111513E+01  0.243137E+01  0.943128E-01
  0.111786E+01  0.245452E+01  0.963062E-01
  0.112059E+01  0.237820E+01  0.949135E-01
  0.112333E+01  0.257261E+01  0.953725E-01
  0.112606E+01  0.233530E+01  0.958373E-01
  0.112880E+01  0.232946E+01  0.939188E-01
  0.113153E+01  0.230955E+01  0.955433E-01
  0.113426E+01  0.242727E+01  0.948673E-01
  0.113700E+01  0.242604E+01  0.950312E-01
  0.113973E+01  0.239717E+01  0.947949E-01
  0.114247E+01  0.242718E+01  0.951289E-01
  0.114520E+01  0.225853E+01  0.951787E-01
  0.114793E+01  0.236569E+01  0.951548E-01
  0.115067E+01  0.231120E+01  0.945087E-01
  0.115340E+01  0.243756E+01  0.951739E-01
  0.115614E+01  0.238850E+01  0.946783E-01
  0.115887E+01  0.240284E+01  0.945848E-01
  0.116160E+01  0.248731E+01  0.949276E-01
  0.116434E+01  0.219742E+01  0.938870E-01
  0.116707E+01  0.236882E+01  0.949561E-01
  0.116981E+01  0.242670E+01  0.948636E-01
  0.117254E+01  0.228774E+01  0.942009E-01
  0.117527E+01  0.229749E+01  0.939855E-01
  0.117801E+01  0.236497E+01  0.945074E-01
  0.118074E+01  0.229117E+01  0.950521E-01
  0.118348E+01  0.218997E+01  0.938156E-01
  0.118621E+01  0.227847E+01  0.936222E-01
  0.118894E+01  0.234966E+01  0.941103E-01
  0.119168E+01  0.222067E+01  0.941740E-01
  0.119441E+01  0.229601E+01  0.951772E-01
  0.119715E+01  0.229625E+01  0.942829E-01
  0.119988E+01  0.206811E+01  0.935744E-01
  0.120262E+01  0.231662E+01  0.941766E-01
  0.120535E+01  0.215775E+01  0.933206E-01
  0.120808E+01  0.228611E+01  0.936750E-01
  0.121082E+01  0.220383E+01  0.937129E-01
  0.121355E+01  0.218406E+01  0.945337E-01
  0.121629E+01  0.217197E+01  0.946666E-01
  0.121902E+01  0.202856E+01  0.930473E-01
  0.122175E+01  0.217457E+01  0.938049E-01
  0.122449E+01  0.222275E+01  0.938498E-01
  0.122722E+01  0.223050E+01  0.937968E-01
  0.122996E+01  0.217909E+01  0.997700E-01
  0.123269E+01  0.207024E+01  0.102223E+00
  0.123816E+01  0.217844E+01  0.105015E+00
  0.124089E+01  0.202136E+01  0.107312E+00
  0.124363E+01  0.221371E+01  0.111002E+00
  0.124636E+01  0.195884E+01  0.111515E+00
  0.124909E+01  0.221793E+01  0.113603E+00
  0.125183E+01  0.213021E+01  0.115683E+00
  0.125456E+01  0.216347E+01  0.113784E+00
  0.125730E+01  0.210523E+01  0.116751E+00
  0.126003E+01  0.209800E+01  0.120873E+00
  0.126276E+01  0.204909E+01  0.121853E+00
  0.126550E+01  0.219485E+01  0.110355E+00
  0.126823E+01  0.210950E+01  0.107098E+00
  0.127097E+01  0.207622E+01  0.104893E+00
  0.127370E+01  0.201342E+01  0.102908E+00
  0.127643E+01  0.204552E+01  0.100874E+00
  0.127917E+01  0.202212E+01  0.100619E+00
  0.128190E+01  0.189289E+01  0.992818E-01
  0.128464E+01  0.201300E+01  0.996658E-01
  0.128737E+01  0.184459E+01  0.986764E-01
  0.129010E+01  0.197731E+01  0.985012E-01
  0.129284E+01  0.172490E+01  0.969938E-01
  0.129557E+01  0.184338E+01  0.968573E-01
  0.129831E+01  0.185397E+01  0.950679E-01
  0.130104E+01  0.200605E+01  0.958014E-01
  0.130377E+01  0.189818E+01  0.939235E-01
  0.130651E+01  0.190556E+01  0.941168E-01
  0.130924E+01  0.189818E+01  0.952777E-01
  0.131198E+01  0.180975E+01  0.946545E-01
  0.131471E+01  0.202656E+01  0.945853E-01
  0.131744E+01  0.174708E+01  0.925941E-01
  0.132018E+01  0.183214E+01  0.936056E-01
  0.132291E+01  0.174954E+01  0.944396E-01
  0.132565E+01  0.190048E+01  0.930848E-01
  0.132838E+01  0.187300E+01  0.929239E-01
  0.133112E+01  0.173691E+01  0.928084E-01
  0.133385E+01  0.183227E+01  0.935673E-01
  0.133658E+01  0.176728E+01  0.937815E-01
  0.133932E+01  0.179227E+01  0.915155E-01
  0.134205E+01  0.181870E+01  0.930211E-01
  0.134479E+01  0.177359E+01  0.934569E-01
  0.134752E+01  0.172380E+01  0.941630E-01
  0.135025E+01  0.165865E+01  0.926117E-01
  0.135299E+01  0.167811E+01  0.928512E-01
  0.135572E+01  0.168231E+01  0.930051E-01
  0.135846E+01  0.170502E+01  0.931455E-01
  0.136119E+01  0.163667E+01  0.908399E-01
  0.136392E+01  0.173159E+01  0.928237E-01
  0.136666E+01  0.163861E+01  0.922646E-01
  0.136939E+01  0.156339E+01  0.918444E-01
  0.137213E+01  0.142658E+01  0.910011E-01
  0.137486E+01  0.168032E+01  0.917027E-01
  0.137759E+01  0.167734E+01  0.923241E-01
  0.138033E+01  0.145416E+01  0.914687E-01
  0.138306E+01  0.150421E+01  0.916984E-01
  0.138580E+01  0.157524E+01  0.910500E-01
  0.138853E+01  0.158557E+01  0.913204E-01
  0.139126E+01  0.157896E+01  0.915250E-01
  0.139400E+01  0.146676E+01  0.902308E-01
  0.139673E+01  0.152618E+01  0.921268E-01
  0.139947E+01  0.141348E+01  0.912594E-01
  0.140220E+01  0.172831E+01  0.913878E-01
  0.140493E+01  0.138337E+01  0.908950E-01
  0.140767E+01  0.143925E+01  0.908016E-01
  0.141040E+01  0.159303E+01  0.910699E-01
  0.141314E+01  0.145462E+01  0.920898E-01
  0.141587E+01  0.141654E+01  0.906723E-01
  0.141860E+01  0.131703E+01  0.904173E-01
  0.142134E+01  0.131269E+01  0.898443E-01
  0.142407E+01  0.133487E+01  0.904067E-01
  0.142681E+01  0.119648E+01  0.899721E-01
  0.142954E+01  0.134333E+01  0.901415E-01
  0.143227E+01  0.119739E+01  0.893145E-01
  0.143501E+01  0.133504E+01  0.907519E-01
  0.143774E+01  0.130151E+01  0.899772E-01
  0.144048E+01  0.139710E+01  0.899402E-01
  0.144321E+01  0.110556E+01  0.888969E-01
  0.144594E+01  0.123696E+01  0.899043E-01
  0.144868E+01  0.134642E+01  0.901225E-01
  0.145141E+01  0.128592E+01  0.901869E-01
  0.145415E+01  0.122561E+01  0.890785E-01
  0.145688E+01  0.123176E+01  0.894793E-01
  0.145962E+01  0.135735E+01  0.896942E-01
  0.146235E+01  0.132202E+01  0.887741E-01
  0.146508E+01  0.127981E+01  0.897303E-01
  0.146782E+01  0.118875E+01  0.889529E-01
  0.147055E+01  0.121935E+01  0.879657E-01
  0.147329E+01  0.124700E+01  0.881444E-01
  0.147602E+01  0.111328E+01  0.878091E-01
  0.147875E+01  0.118636E+01  0.871055E-01
  0.148149E+01  0.125739E+01  0.874731E-01
  0.148422E+01  0.113864E+01  0.870133E-01
  0.148696E+01  0.108604E+01  0.877018E-01
  0.148969E+01  0.112186E+01  0.856161E-01
  0.149242E+01  0.111543E+01  0.871408E-01
  0.149516E+01  0.111175E+01  0.868413E-01
  0.149789E+01  0.118517E+01  0.864822E-01
  0.150063E+01  0.114143E+01  0.867608E-01
  0.150336E+01  0.113417E+01  0.864421E-01
  0.150609E+01  0.101028E+01  0.874059E-01
  0.150883E+01  0.108480E+01  0.864301E-01
  0.151156E+01  0.103771E+01  0.863562E-01
  0.151430E+01  0.932974E+00  0.863025E-01
  0.151703E+01  0.108809E+01  0.874772E-01
  0.151976E+01  0.929629E+00  0.858390E-01
  0.152250E+01  0.941659E+00  0.859611E-01
  0.152523E+01  0.997745E+00  0.859821E-01
  0.152797E+01  0.109038E+01  0.866831E-01
  0.153070E+01  0.917952E+00  0.859323E-01
  0.153343E+01  0.959760E+00  0.856617E-01
  0.153617E+01  0.933086E+00  0.860255E-01
  0.153890E+01  0.966648E+00  0.849578E-01
  0.154164E+01  0.867648E+00  0.864526E-01
  0.154437E+01  0.774246E+00  0.851921E-01
  0.154710E+01  0.818522E+00  0.852350E-01
  0.154984E+01  0.899332E+00  0.860984E-01
  0.155257E+01  0.845867E+00  0.859824E-01
  0.155531E+01  0.832453E+00  0.854929E-01
  0.155804E+01  0.808736E+00  0.856536E-01
  0.156077E+01  0.775380E+00  0.845933E-01
  0.156351E+01  0.814812E+00  0.859369E-01
  0.156624E+01  0.859235E+00  0.856853E-01
  0.156898E+01  0.826208E+00  0.851192E-01
  0.157171E+01  0.719382E+00  0.846569E-01
  0.157444E+01  0.779880E+00  0.859306E-01
  0.157718E+01  0.665120E+00  0.853968E-01
  0.157991E+01  0.818786E+00  0.856661E-01
  0.158265E+01  0.767445E+00  0.845188E-01
  0.158538E+01  0.688619E+00  0.851654E-01
  0.158812E+01  0.603574E+00  0.849372E-01
  0.159085E+01  0.695637E+00  0.841783E-01
  0.159358E+01  0.746927E+00  0.842959E-01
  0.159632E+01  0.807460E+00  0.847764E-01
  0.159905E+01  0.776622E+00  0.844071E-01
  0.160179E+01  0.722839E+00  0.848674E-01
  0.160452E+01  0.693668E+00  0.842344E-01
  0.160725E+01  0.519854E+00  0.840710E-01
  0.160999E+01  0.648934E+00  0.844401E-01
  0.161272E+01  0.670456E+00  0.852243E-01
  0.161546E+01  0.607195E+00  0.842934E-01
  0.161819E+01  0.591025E+00  0.839331E-01
  0.162092E+01  0.551225E+00  0.841406E-01
  0.162366E+01  0.555290E+00  0.843054E-01
  0.162639E+01  0.768096E+00  0.842605E-01
  0.162913E+01  0.606758E+00  0.835363E-01
  0.163186E+01  0.745772E+00  0.840392E-01
  0.163459E+01  0.625028E+00  0.844004E-01
  0.163733E+01  0.583404E+00  0.842064E-01
  0.164006E+01  0.598487E+00  0.825905E-01
  0.164280E+01  0.631173E+00  0.841082E-01
  0.164553E+01  0.599378E+00  0.842297E-01
  0.164826E+01  0.552674E+00  0.839154E-01
  0.165100E+01  0.592141E+00  0.827727E-01
  0.165373E+01  0.543743E+00  0.837054E-01
  0.165647E+01  0.616982E+00  0.853138E-01
  0.165920E+01  0.528300E+00  0.833989E-01
  0.166193E+01  0.553027E+00  0.839297E-01
  0.166467E+01  0.555555E+00  0.831536E-01
  0.166740E+01  0.506665E+00  0.834395E-01
  0.167014E+01  0.484131E+00  0.842637E-01
  0.167287E+01  0.465163E+00  0.838298E-01
  0.167560E+01  0.529049E+00  0.824815E-01
  0.167834E+01  0.615285E+00  0.840102E-01
  0.168107E+01  0.553735E+00  0.838602E-01
  0.168381E+01  0.503076E+00  0.839203E-01
  0.168654E+01  0.469364E+00  0.821523E-01
  0.168927E+01  0.337119E+00  0.834787E-01
  0.169201E+01  0.526656E+00  0.831419E-01
  0.169474E+01  0.553564E+00  0.836139E-01
  0.169748E+01  0.509960E+00  0.819631E-01
  0.170021E+01  0.469403E+00  0.831346E-01
  0.170295E+01  0.507059E+00  0.834486E-01
  0.170568E+01  0.450578E+00  0.834027E-01
  0.170841E+01  0.453315E+00  0.827223E-01
  0.171115E+01  0.474884E+00  0.826555E-01
  0.171388E+01  0.473890E+00  0.837449E-01
  0.171662E+01  0.517581E+00  0.834317E-01
  0.171935E+01  0.515097E+00  0.827219E-01
  0.172208E+01  0.427008E+00  0.823760E-01
  0.172482E+01  0.427303E+00  0.829567E-01
  0.172755E+01  0.443588E+00  0.833568E-01
  0.173029E+01  0.540579E+00  0.831092E-01
  0.173302E+01  0.517192E+00  0.831840E-01
  0.173575E+01  0.418088E+00  0.822883E-01
  0.173849E+01  0.500804E+00  0.828075E-01
  0.174122E+01  0.357340E+00  0.826393E-01
  0.174396E+01  0.373321E+00  0.819855E-01
  0.174669E+01  0.318395E+00  0.820310E-01
  0.174942E+01  0.406873E+00  0.826586E-01
  0.175216E+01  0.376879E+00  0.824704E-01
  0.175489E+01  0.404364E+00  0.822543E-01
  0.175763E+01  0.447373E+00  0.825484E-01
  0.176036E+01  0.349233E+00  0.827774E-01
  0.176309E+01  0.397174E+00  0.817921E-01
  0.176583E+01  0.312261E+00  0.821688E-01
  0.176856E+01  0.261496E+00  0.824691E-01
  0.177130E+01  0.434455E+00  0.827712E-01
  0.177403E+01  0.336462E+00  0.821456E-01
  0.177676E+01  0.322882E+00  0.818010E-01
  0.177950E+01  0.350134E+00  0.818225E-01
  0.178223E+01  0.344832E+00  0.811856E-01
  0.178497E+01  0.313628E+00  0.814489E-01
  0.178770E+01  0.431792E+00  0.820007E-01
  0.179043E+01  0.423303E+00  0.819120E-01
  0.179317E+01  0.359354E+00  0.822752E-01
  0.179590E+01  0.391427E+00  0.813428E-01
  0.179864E+01  0.406140E+00  0.828675E-01
  0.180137E+01  0.369095E+00  0.829769E-01
  0.180410E+01  0.321408E+00  0.821259E-01
  0.180684E+01  0.378311E+00  0.822711E-01
  0.180957E+01  0.412389E+00  0.822250E-01
  0.181231E+01  0.244113E+00  0.824296E-01
  0.181504E+01  0.250159E+00  0.817987E-01
  0.181777E+01  0.298455E+00  0.814457E-01
  0.182051E+01  0.321476E+00  0.825432E-01
  0.182324E+01  0.345901E+00  0.813983E-01
  0.182598E+01  0.307168E+00  0.818860E-01
  0.182871E+01  0.236301E+00  0.812311E-01
  0.183145E+01  0.344872E+00  0.805750E-01
  0.183418E+01  0.248910E+00  0.821840E-01
  0.183691E+01  0.303004E+00  0.825466E-01
  0.183965E+01  0.375635E+00  0.819764E-01
  0.184238E+01  0.278315E+00  0.811713E-01
  0.184512E+01  0.299840E+00  0.806842E-01
  0.184785E+01  0.244637E+00  0.818092E-01
  0.185058E+01  0.296808E+00  0.810740E-01
  0.185332E+01  0.232597E+00  0.816322E-01
  0.185605E+01  0.279148E+00  0.807410E-01
  0.185879E+01  0.280119E+00  0.812671E-01
  0.186152E+01  0.350599E+00  0.815096E-01
  0.186425E+01  0.313042E+00  0.810867E-01
  0.186699E+01  0.183351E+00  0.813696E-01
  0.186972E+01  0.229769E+00  0.817559E-01
  0.187246E+01  0.251769E+00  0.803340E-01
  0.187519E+01  0.271334E+00  0.810519E-01
  0.187792E+01  0.220213E+00  0.806135E-01
  0.188066E+01  0.271920E+00  0.812840E-01
  0.188339E+01  0.235757E+00  0.809966E-01
  0.188613E+01  0.219472E+00  0.810681E-01
  0.188886E+01  0.315305E+00  0.809642E-01
  0.189159E+01  0.299256E+00  0.803559E-01
  0.189433E+01  0.333466E+00  0.808546E-01
  0.189706E+01  0.334526E+00  0.809657E-01
  0.189980E+01  0.256007E+00  0.810262E-01
  0.190253E+01  0.221142E+00  0.803716E-01
  0.190526E+01  0.273167E+00  0.816107E-01
  0.190800E+01  0.274598E+00  0.812926E-01
  0.191073E+01  0.181099E+00  0.804655E-01
  0.191347E+01  0.218231E+00  0.813952E-01
  0.191620E+01  0.316152E+00  0.807764E-01
  0.191893E+01  0.188891E+00  0.804674E-01
  0.192167E+01  0.226272E+00  0.811624E-01
  0.192440E+01  0.234550E+00  0.803700E-01
  0.192714E+01  0.274742E+00  0.804073E-01
  0.192987E+01  0.300073E+00  0.807509E-01
  0.193260E+01  0.208561E+00  0.806992E-01
  0.193534E+01  0.361059E+00  0.813974E-01
  0.193807E+01  0.271265E+00  0.801752E-01
  0.194081E+01  0.243385E+00  0.804983E-01
  0.194354E+01  0.224635E+00  0.795057E-01
  0.194627E+01  0.277689E+00  0.802558E-01
  0.194901E+01  0.116233E+00  0.800755E-01
  0.195174E+01  0.359846E+00  0.803634E-01
  0.195448E+01  0.188279E+00  0.803425E-01
  0.195721E+01  0.165505E+00  0.803373E-01
  0.195995E+01  0.303259E+00  0.800428E-01
  0.196268E+01  0.182023E+00  0.805404E-01
  0.196541E+01  0.159484E+00  0.804030E-01
  0.196815E+01  0.272180E+00  0.802424E-01
  0.197088E+01  0.347657E+00  0.807601E-01
  0.197362E+01  0.324759E+00  0.806892E-01
  0.197635E+01  0.228851E+00  0.801747E-01
  0.197908E+01  0.147772E+00  0.806441E-01
  0.198182E+01  0.232086E+00  0.801577E-01
  0.198455E+01  0.230707E+00  0.798517E-01
  0.198729E+01  0.133586E+00  0.797711E-01
  0.199002E+01  0.260700E+00  0.807379E-01
  0.199275E+01  0.756838E-01  0.803596E-01
  0.199549E+01  0.297456E+00  0.797334E-01
  0.199822E+01  0.204963E+00  0.796280E-01
  0.200096E+01  0.181762E+00  0.800098E-01
  0.200369E+01  0.196724E+00  0.804205E-01
  0.200642E+01  0.341681E+00  0.797437E-01
  0.200916E+01  0.282874E+00  0.801516E-01
  0.201189E+01  0.106405E+00  0.799979E-01
  0.201463E+01  0.171361E+00  0.799515E-01
  0.201736E+01  0.133254E+00  0.803839E-01
  0.202009E+01  0.236056E+00  0.799391E-01
  0.202283E+01  0.291573E+00  0.800006E-01
  0.202556E+01  0.206149E+00  0.807269E-01
  0.202830E+01 -0.543042E-01  0.785188E-01
  0.203103E+01  0.193131E+00  0.803711E-01
  0.203376E+01  0.172506E+00  0.806019E-01
  0.203650E+01  0.185378E+00  0.796404E-01
  0.203923E+01  0.229086E+00  0.797476E-01
  0.204197E+01  0.218253E+00  0.801208E-01
  0.204470E+01  0.198489E+00  0.801643E-01
  0.204743E+01  0.202501E+00  0.795597E-01
  0.205017E+01  0.124461E+00  0.790151E-01
  0.205290E+01  0.178602E+00  0.800301E-01
  0.205564E+01  0.153718E+00  0.801785E-01
  0.205837E+01  0.233882E+00  0.797452E-01
  0.206110E+01  0.177134E+00  0.801454E-01
  0.206384E+01  0.172342E+00  0.794575E-01
  0.206657E+01  0.193133E+00  0.801273E-01
  0.206931E+01  0.150419E+00  0.799483E-01
  0.207204E+01  0.602378E-01  0.800467E-01
  0.207477E+01  0.192289E+00  0.800922E-01
  0.207751E+01  0.243251E+00  0.789302E-01
  0.208024E+01  0.111808E+00  0.791559E-01
  0.208298E+01  0.153318E+00  0.796236E-01
  0.208571E+01  0.248723E+00  0.800298E-01
  0.208845E+01  0.165748E+00  0.794292E-01
  0.209118E+01  0.247919E+00  0.801341E-01
  0.209391E+01  0.877609E-01  0.796734E-01
  0.209665E+01  0.172916E+00  0.793401E-01
  0.209938E+01  0.105505E+00  0.788727E-01
  0.210212E+01  0.371816E+00  0.792316E-01
  0.210485E+01  0.375956E-01  0.800290E-01
  0.210758E+01  0.298231E-01  0.795355E-01
  0.211032E+01  0.440137E-01  0.789755E-01
  0.211305E+01  0.183788E+00  0.789383E-01
  0.211579E+01  0.112406E+00  0.792381E-01
  0.211852E+01  0.211370E+00  0.789541E-01
  0.212125E+01  0.259529E+00  0.795700E-01
  0.212399E+01  0.284486E+00  0.792800E-01
  0.212672E+01  0.944140E-01  0.797062E-01
  0.212946E+01  0.185705E+00  0.788206E-01
  0.213219E+01  0.137130E+00  0.796214E-01
  0.213492E+01  0.228117E+00  0.793764E-01
  0.213766E+01  0.147939E+00  0.787798E-01
  0.214039E+01  0.876756E-01  0.791879E-01
  0.214313E+01  0.151622E+00  0.792962E-01
  0.214586E+01  0.335744E-01  0.792459E-01
  0.214859E+01  0.556984E-01  0.788268E-01
  0.215133E+01  0.749263E-01  0.796215E-01
  0.215406E+01  0.182885E+00  0.792569E-01
  0.215680E+01  0.550542E-01  0.786735E-01
  0.215953E+01  0.645430E-01  0.786928E-01
  0.216226E+01  0.131415E+00  0.784031E-01
  0.216500E+01  0.183271E+00  0.782660E-01
  0.216773E+01  0.256685E+00  0.790970E-01
  0.217047E+01  0.618960E-01  0.786538E-01
  0.217320E+01  0.260833E+00  0.793519E-01
  0.217593E+01  0.106931E+00  0.790640E-01
  0.217867E+01  0.141854E+00  0.786687E-01
  0.218140E+01  0.620224E-01  0.788304E-01
  0.218414E+01  0.161536E+00  0.783831E-01
  0.218687E+01  0.117967E-01  0.791218E-01
  0.218960E+01  0.214362E+00  0.789286E-01
  0.219234E+01  0.788174E-01  0.783787E-01
  0.219507E+01  0.140889E+00  0.786788E-01
  0.219781E+01  0.129752E+00  0.780184E-01
  0.220054E+01  0.163424E+00  0.795110E-01
  0.220328E+01  0.458425E-01  0.786529E-01
  0.220601E+01  0.150018E+00  0.782564E-01
  0.220874E+01  0.124610E+00  0.787802E-01
  0.221148E+01  0.161423E+00  0.787515E-01
  0.221421E+01  0.155560E+00  0.783074E-01
  0.221695E+01  0.220986E+00  0.791398E-01
  0.221968E+01  0.359830E+00  0.789854E-01
  0.222241E+01  0.155310E+00  0.784769E-01
  0.222515E+01 -0.229473E-01  0.777907E-01
  0.222788E+01  0.980959E-01  0.784119E-01
  0.223062E+01  0.802642E-01  0.781145E-01
  0.223335E+01  0.112197E+00  0.783041E-01
  0.223608E+01  0.123180E+00  0.786391E-01
  0.223882E+01  0.940364E-01  0.785483E-01
  0.224155E+01  0.141843E+00  0.791324E-01
  0.224429E+01  0.153807E+00  0.784885E-01
  0.224702E+01  0.172158E+00  0.785662E-01
  0.224975E+01  0.128481E+00  0.781538E-01
  0.225249E+01  0.188078E+00  0.784956E-01
  0.225522E+01  0.173300E+00  0.782998E-01
  0.225796E+01  0.190685E+00  0.783191E-01
  0.226069E+01  0.997593E-01  0.787657E-01
  0.226342E+01  0.989982E-01  0.785618E-01
  0.226616E+01  0.209200E+00  0.784405E-01
  0.226889E+01  0.295119E+00  0.788476E-01
  0.227163E+01  0.111225E+00  0.781113E-01
  0.227436E+01  0.981081E-02  0.775916E-01
  0.227709E+01  0.141877E+00  0.781204E-01
  0.227983E+01  0.467589E-01  0.782333E-01
  0.228256E+01  0.202564E+00  0.783886E-01
  0.228530E+01  0.329793E-01  0.774076E-01
  0.228803E+01  0.151778E+00  0.780064E-01
  0.229076E+01  0.130798E+00  0.784419E-01
  0.229350E+01  0.191583E+00  0.781564E-01
  0.229623E+01  0.946626E-01  0.778591E-01
  0.229897E+01  0.131681E+00  0.778714E-01
  0.230170E+01  0.116804E+00  0.775540E-01
  0.230443E+01  0.204727E+00  0.775256E-01
  0.230717E+01  0.153285E+00  0.780416E-01
  0.230990E+01  0.136584E+00  0.783075E-01
  0.231264E+01  0.225375E+00  0.781281E-01
  0.231537E+01  0.128203E+00  0.767842E-01
  0.231810E+01  0.940340E-01  0.777367E-01
  0.232084E+01  0.129411E+00  0.778351E-01
  0.232357E+01  0.117752E+00  0.778269E-01
  0.232631E+01  0.889790E-01  0.771714E-01
  0.232904E+01  0.129548E-01  0.773951E-01
  0.233178E+01  0.445017E-01  0.773020E-01
  0.233451E+01  0.251715E-01  0.775864E-01
  0.233724E+01 -0.277027E-03  0.768846E-01
  0.233998E+01  0.117489E+00  0.775016E-01
  0.234271E+01 -0.504665E-01  0.781994E-01
  0.234545E+01 -0.325109E-01  0.778052E-01
  0.234818E+01  0.975584E-01  0.777987E-01
  0.235091E+01  0.101479E+00  0.767267E-01
  0.235365E+01  0.150284E+00  0.778018E-01
  0.235638E+01  0.185853E+00  0.775657E-01
  0.235912E+01  0.200902E+00  0.780953E-01
  0.236185E+01  0.100934E+00  0.778591E-01
  0.236458E+01  0.113003E+00  0.776533E-01
  0.236732E+01  0.210516E+00  0.775730E-01
  0.237005E+01  0.735012E-01  0.774249E-01
  0.237279E+01  0.139335E+00  0.771938E-01
  0.237552E+01  0.733869E-01  0.776674E-01
  0.237825E+01  0.830668E-01  0.775564E-01
  0.238099E+01  0.116246E-01  0.776530E-01
  0.238372E+01  0.119379E+00  0.769555E-01
  0.238646E+01  0.157315E+00  0.778703E-01
  0.238919E+01  0.281814E-01  0.770106E-01
  0.239192E+01  0.254757E+00  0.776634E-01
  0.239466E+01  0.221224E+00  0.781823E-01
  0.239739E+01  0.698263E-01  0.773373E-01
  0.240013E+01  0.997466E-01  0.773168E-01
  0.240286E+01  0.133433E+00  0.777093E-01
  0.240559E+01  0.128506E+00  0.774661E-01
  0.240833E+01  0.653901E-01  0.777621E-01
  0.241106E+01  0.210830E+00  0.777136E-01
  0.241380E+01  0.197898E+00  0.776640E-01
  0.241653E+01  0.732796E-01  0.768468E-01
  0.241926E+01  0.982219E-01  0.773525E-01
  0.242200E+01  0.100495E+00  0.765499E-01
  0.242473E+01  0.695752E-01  0.769364E-01
  0.242747E+01  0.171697E+00  0.774247E-01
  0.243020E+01  0.124252E+00  0.770818E-01
  0.243293E+01  0.112323E+00  0.767133E-01
  0.243567E+01  0.747947E-01  0.770049E-01
  0.243840E+01  0.776780E-01  0.759255E-01
  0.244114E+01  0.165299E+00  0.780878E-01
  0.244387E+01  0.664803E-01  0.764576E-01
  0.244660E+01  0.848889E-01  0.777977E-01
  0.244934E+01  0.141488E+00  0.769051E-01
  0.245207E+01  0.901045E-02  0.770849E-01
  0.245481E+01  0.528791E-01  0.772810E-01
  0.245754E+01  0.197759E+00  0.773101E-01
  0.246028E+01  0.165392E+00  0.770551E-01
  0.246301E+01  0.586130E-01  0.771551E-01
  0.246574E+01  0.151840E+00  0.771902E-01
  0.246848E+01  0.283280E+00  0.774447E-01
  0.247121E+01  0.157187E+00  0.773293E-01
  0.247395E+01  0.147635E+00  0.767542E-01
  0.247668E+01  0.189486E+00  0.774385E-01
  0.247941E+01  0.200494E+00  0.769270E-01
  0.248215E+01  0.982665E-01  0.770522E-01
  0.248488E+01  0.156904E+00  0.767442E-01
  0.248762E+01  0.248535E+00  0.773484E-01
  0.249035E+01  0.265466E+00  0.772316E-01
  0.249308E+01  0.133754E+00  0.763594E-01
  0.249582E+01  0.105429E+00  0.768340E-01
  0.249855E+01  0.147047E+00  0.766166E-01
  0.250129E+01  0.239958E+00  0.769191E-01
  0.250402E+01  0.135580E+00  0.769695E-01
  0.250675E+01  0.217903E+00  0.769063E-01
  0.250949E+01  0.124524E+00  0.767352E-01
  0.251222E+01  0.558733E-01  0.770018E-01
  0.251496E+01  0.245139E+00  0.766092E-01
  0.251769E+01  0.118896E+00  0.764256E-01
  0.252042E+01  0.536115E-01  0.762299E-01
  0.252316E+01  0.913542E-01  0.770453E-01
  0.252589E+01  0.333021E+00  0.770889E-01
  0.252863E+01  0.171608E+00  0.764515E-01
  0.253136E+01  0.143870E+00  0.773659E-01
  0.253409E+01  0.157835E+00  0.762292E-01
  0.253683E+01  0.870799E-01  0.771366E-01
  0.253956E+01  0.170945E+00  0.768682E-01
  0.254230E+01  0.178380E+00  0.766372E-01
  0.254503E+01  0.118193E+00  0.769208E-01
  0.254776E+01  0.926831E-01  0.760127E-01
  0.255050E+01  0.605671E-01  0.767548E-01
  0.255323E+01  0.208987E+00  0.765704E-01
  0.255597E+01  0.296976E+00  0.769977E-01
  0.255870E+01  0.170518E+00  0.762739E-01
  0.256143E+01  0.197745E+00  0.759410E-01
  0.256417E+01  0.133757E+00  0.766767E-01
  0.256690E+01  0.101981E+00  0.759081E-01
  0.256964E+01  0.213291E+00  0.766649E-01
  0.257237E+01  0.287137E+00  0.761486E-01
  0.257510E+01  0.167590E+00  0.763894E-01
  0.257784E+01  0.188013E+00  0.761230E-01
  0.258057E+01  0.212017E+00  0.773713E-01
  0.258331E+01  0.281727E+00  0.854222E-01
  0.258604E+01  0.392344E+00  0.903715E-01
  0.258878E+01  0.361160E+00  0.953337E-01
  0.259151E+01  0.699816E-01  0.975562E-01
  0.259424E+01  0.216686E+00  0.100217E+00
  0.259698E+01  0.128803E+00  0.104839E+00
  0.259971E+01  0.228930E-01  0.107821E+00
  0.260245E+01  0.163572E+00  0.111404E+00
  0.260518E+01  0.120645E+00  0.112406E+00
  0.260791E+01  0.982745E-01  0.117003E+00
  0.261065E+01  0.984472E-01  0.117353E+00
  0.261338E+01  0.219601E+00  0.120952E+00
  0.261612E+01  0.184158E+00  0.985312E-01
  0.261885E+01  0.333576E+00  0.956624E-01
  0.262158E+01  0.226297E+00  0.911970E-01
  0.262432E+01  0.242703E+00  0.905558E-01
  0.262705E+01  0.220942E+00  0.884493E-01
  0.262979E+01  0.151137E+00  0.867550E-01
  0.263252E+01  0.276536E+00  0.853973E-01
  0.263525E+01  0.101918E+00  0.848786E-01
  0.263799E+01  0.326103E+00  0.849144E-01
  0.264072E+01  0.254086E+00  0.840337E-01
  0.264346E+01  0.254719E+00  0.842613E-01
  0.264619E+01  0.267029E+00  0.842187E-01
  0.264892E+01  0.187178E+00  0.830883E-01
  0.265166E+01  0.207526E+00  0.833309E-01
  0.265439E+01  0.175477E+00  0.833839E-01
  0.265713E+01  0.238857E+00  0.832777E-01
  0.265986E+01  0.231374E+00  0.833725E-01
  0.266259E+01  0.169095E+00  0.829365E-01
  0.266533E+01  0.211118E+00  0.824169E-01
  0.266806E+01  0.253734E+00  0.830660E-01
  0.267080E+01  0.354560E+00  0.828863E-01
  0.267353E+01  0.253260E+00  0.827256E-01
  0.267626E+01  0.339377E+00  0.830330E-01
  0.267900E+01  0.168993E+00  0.822693E-01
  0.268173E+01  0.216384E+00  0.824060E-01
  0.268447E+01  0.177375E+00  0.818298E-01
  0.268720E+01  0.298088E+00  0.816884E-01
  0.268993E+01  0.269482E+00  0.828967E-01
  0.269267E+01  0.267347E+00  0.821722E-01
  0.269540E+01  0.267491E+00  0.821065E-01
  0.269814E+01  0.192133E+00  0.819348E-01
  0.270087E+01  0.124043E+00  0.812419E-01
  0.270361E+01  0.295884E+00  0.812775E-01
  0.270634E+01  0.282498E+00  0.811903E-01
  0.270907E+01  0.133553E+00  0.804311E-01
  0.271181E+01  0.347966E+00  0.806160E-01
  0.271454E+01  0.367976E+00  0.803854E-01
  0.271728E+01  0.169875E+00  0.790798E-01
  0.272001E+01  0.219293E+00  0.790573E-01
  0.272274E+01  0.216591E+00  0.781999E-01
  0.272548E+01  0.255167E+00  0.782569E-01
  0.272821E+01  0.262609E+00  0.780608E-01
  0.273095E+01  0.153855E+00  0.778149E-01
  0.273368E+01  0.368052E+00  0.783669E-01
  0.273641E+01  0.338899E+00  0.783943E-01
  0.273915E+01  0.294523E+00  0.777525E-01
  0.274188E+01  0.174351E+00  0.778633E-01
  0.274462E+01  0.162939E+00  0.773466E-01
  0.274735E+01  0.236492E+00  0.776114E-01
  0.275008E+01  0.164478E+00  0.775529E-01
  0.275282E+01  0.289280E+00  0.786759E-01
  0.275555E+01  0.338397E+00  0.782498E-01
  0.275829E+01  0.250705E+00  0.778515E-01
  0.276102E+01  0.272533E+00  0.778934E-01
  0.276375E+01  0.205048E+00  0.782528E-01
  0.276649E+01  0.341032E+00  0.786760E-01
  0.276922E+01  0.314278E+00  0.779634E-01
  0.277196E+01  0.232336E+00  0.770908E-01
  0.277469E+01  0.304830E+00  0.774944E-01
  0.277742E+01  0.314254E+00  0.778428E-01
  0.278016E+01  0.290563E+00  0.772304E-01
  0.278289E+01  0.253156E+00  0.772294E-01
  0.278563E+01  0.356027E+00  0.781135E-01
  0.278836E+01  0.318659E+00  0.778008E-01
  0.279109E+01  0.286484E+00  0.776369E-01
  0.279383E+01  0.203475E+00  0.783824E-01
  0.279656E+01  0.129875E+00  0.772305E-01
  0.279930E+01  0.251122E+00  0.783661E-01
  0.280203E+01  0.188967E+00  0.772592E-01
  0.280476E+01  0.244425E+00  0.778642E-01
  0.280750E+01  0.226175E+00  0.773358E-01
  0.281023E+01  0.288106E+00  0.777917E-01
  0.281297E+01  0.370767E+00  0.777486E-01
  0.281570E+01  0.235949E+00  0.776198E-01
  0.281843E+01  0.118444E+00  0.771814E-01
  0.282117E+01  0.306709E+00  0.777944E-01
  0.282390E+01  0.330209E+00  0.783750E-01
  0.282664E+01  0.312694E+00  0.776914E-01
  0.282937E+01  0.216466E+00  0.775058E-01
  0.283211E+01  0.309052E+00  0.777045E-01
  0.283484E+01  0.280709E+00  0.772129E-01
  0.283757E+01  0.375641E+00  0.777083E-01
  0.284031E+01  0.186791E+00  0.774255E-01
  0.284304E+01  0.211623E+00  0.775526E-01
  0.284578E+01  0.405345E+00  0.776375E-01
  0.284851E+01  0.293519E+00  0.779113E-01
  0.285124E+01  0.341361E+00  0.777936E-01
  0.285398E+01  0.282470E+00  0.768175E-01
  0.285671E+01  0.246118E+00  0.773515E-01
  0.285945E+01  0.198398E+00  0.773350E-01
  0.286218E+01  0.184888E+00  0.773253E-01
  0.286491E+01  0.257434E+00  0.772854E-01
  0.286765E+01  0.209448E+00  0.776117E-01
  0.287038E+01  0.220848E+00  0.776429E-01
  0.287312E+01  0.373066E+00  0.770289E-01
  0.287585E+01  0.481463E+00  0.772433E-01
  0.287858E+01  0.392444E+00  0.777429E-01
  0.288132E+01  0.313544E+00  0.774899E-01
  0.288405E+01  0.223433E+00  0.775056E-01
  0.288679E+01  0.318563E+00  0.772927E-01
  0.288952E+01  0.282435E+00  0.778938E-01
  0.289225E+01  0.211766E+00  0.769709E-01
  0.289499E+01  0.249175E+00  0.772227E-01
  0.289772E+01  0.252073E+00  0.767408E-01
  0.290046E+01  0.173153E+00  0.768643E-01
  0.290319E+01  0.345881E+00  0.769698E-01
  0.290592E+01  0.410130E+00  0.767923E-01
  0.290866E+01  0.374988E+00  0.777371E-01
  0.291139E+01  0.384813E+00  0.776989E-01
  0.291413E+01  0.367427E+00  0.770441E-01
  0.291686E+01  0.315191E+00  0.773016E-01
  0.291959E+01  0.192338E+00  0.765140E-01
  0.292233E+01  0.392829E+00  0.772321E-01
  0.292506E+01  0.319400E+00  0.773754E-01
  0.292780E+01  0.262476E+00  0.768943E-01
  0.293053E+01  0.330470E+00  0.769327E-01
  0.293326E+01  0.399906E+00  0.769096E-01
  0.293600E+01  0.222408E+00  0.769517E-01
  0.293873E+01  0.243583E+00  0.767921E-01
  0.294147E+01  0.343544E+00  0.770063E-01
  0.294420E+01  0.311216E+00  0.772807E-01
  0.294693E+01  0.266380E+00  0.770343E-01
  0.294967E+01  0.281810E+00  0.767221E-01
  0.295240E+01  0.225748E+00  0.768978E-01
  0.295514E+01  0.373231E+00  0.774446E-01
  0.295787E+01  0.295899E+00  0.775855E-01
  0.296061E+01  0.273014E+00  0.768106E-01
  0.296334E+01  0.155336E+00  0.767393E-01
  0.296607E+01  0.385482E+00  0.763863E-01
  0.296881E+01  0.411734E+00  0.772007E-01
  0.297154E+01  0.409911E+00  0.773520E-01
  0.297428E+01  0.392375E+00  0.770604E-01
  0.297701E+01  0.173315E+00  0.768278E-01
  0.297974E+01  0.366066E+00  0.768329E-01
  0.298248E+01  0.310160E+00  0.769547E-01
  0.298521E+01  0.369845E+00  0.772998E-01
  0.298795E+01  0.295998E+00  0.768351E-01
  0.299068E+01  0.394788E+00  0.773015E-01
  0.299341E+01  0.382542E+00  0.766771E-01
  0.299615E+01  0.349242E+00  0.772324E-01
  0.299888E+01  0.356879E+00  0.764755E-01
  0.300162E+01  0.402719E+00  0.769794E-01
  0.300435E+01  0.371780E+00  0.767168E-01
  0.300708E+01  0.175110E+00  0.759810E-01
  0.300982E+01  0.363449E+00  0.776129E-01
  0.301255E+01  0.261730E+00  0.763105E-01
  0.301529E+01  0.190846E+00  0.758341E-01
  0.301802E+01  0.322669E+00  0.763982E-01
  0.302075E+01  0.257525E+00  0.759975E-01
  0.302349E+01  0.278469E+00  0.767625E-01
  0.302622E+01  0.267773E+00  0.760977E-01
  0.302896E+01  0.233102E+00  0.765159E-01
  0.303169E+01  0.222458E+00  0.764431E-01
  0.303442E+01  0.335313E+00  0.767635E-01
  0.303716E+01  0.301339E+00  0.769668E-01
  0.303989E+01  0.239863E+00  0.762949E-01
  0.304263E+01  0.307523E+00  0.766536E-01
  0.304536E+01  0.272140E+00  0.763498E-01
  0.304809E+01  0.336372E+00  0.768534E-01
  0.305083E+01  0.232101E+00  0.769349E-01
  0.305356E+01  0.310172E+00  0.768005E-01
  0.305630E+01  0.232175E+00  0.761010E-01
  0.305903E+01  0.289861E+00  0.765934E-01
  0.306176E+01  0.214213E+00  0.764521E-01
  0.306450E+01  0.391943E+00  0.770925E-01
  0.306723E+01  0.348643E+00  0.770806E-01
  0.306997E+01  0.324964E+00  0.761399E-01
  0.307270E+01  0.383900E+00  0.761279E-01
  0.307543E+01  0.181719E+00  0.757084E-01
  0.307817E+01  0.318819E+00  0.764391E-01
  0.308090E+01  0.203629E+00  0.764683E-01
  0.308364E+01  0.405378E+00  0.760782E-01
  0.308637E+01  0.252110E+00  0.758193E-01
  0.308911E+01  0.267315E+00  0.767479E-01
  0.309184E+01  0.219017E+00  0.768512E-01
  0.309457E+01  0.253724E+00  0.755086E-01
  0.309731E+01  0.279272E+00  0.763367E-01
  0.310004E+01  0.255879E+00  0.759974E-01
  0.310278E+01  0.300788E+00  0.762985E-01
  0.310551E+01  0.301943E+00  0.760494E-01
  0.310824E+01  0.272700E+00  0.763634E-01
  0.311098E+01  0.426479E+00  0.766006E-01
  0.311371E+01  0.278720E+00  0.763008E-01
  0.311645E+01  0.336187E+00  0.761145E-01
  0.311918E+01  0.313209E+00  0.764926E-01
  0.312191E+01  0.189310E+00  0.764953E-01
  0.312465E+01  0.323557E+00  0.764650E-01
  0.312738E+01  0.346479E+00  0.764243E-01
  0.313012E+01  0.341002E+00  0.759464E-01
  0.313285E+01  0.323163E+00  0.762132E-01
  0.313558E+01  0.202508E+00  0.754978E-01
  0.313832E+01  0.416706E+00  0.763950E-01
  0.314105E+01  0.330756E+00  0.761611E-01
  0.314379E+01  0.268831E+00  0.763225E-01
  0.314652E+01  0.273036E+00  0.754098E-01
  0.314925E+01  0.322593E+00  0.764129E-01
  0.315199E+01  0.330484E+00  0.763683E-01
  0.315472E+01  0.179172E+00  0.759639E-01
  0.315746E+01  0.311971E+00  0.760326E-01
  0.316019E+01  0.451373E+00  0.762147E-01
  0.316292E+01  0.294217E+00  0.755226E-01
  0.316566E+01  0.210768E+00  0.762723E-01
  0.316839E+01  0.289843E+00  0.762362E-01
  0.317113E+01  0.299384E+00  0.758080E-01
  0.317386E+01  0.273506E+00  0.760601E-01
  0.317659E+01  0.220582E+00  0.748558E-01
  0.317933E+01  0.264217E+00  0.765154E-01
  0.318206E+01  0.142271E+00  0.753779E-01
  0.318480E+01  0.301981E+00  0.758965E-01
  0.318753E+01  0.115177E+00  0.755031E-01
  0.319026E+01  0.277310E+00  0.751065E-01
  0.319300E+01  0.248397E+00  0.760283E-01
  0.319573E+01  0.203086E+00  0.756983E-01
  0.319847E+01  0.181690E+00  0.757008E-01
  0.320120E+01  0.278814E+00  0.749938E-01
  0.320394E+01  0.198844E+00  0.763522E-01
  0.320667E+01  0.172566E+00  0.750138E-01
  0.320940E+01  0.232122E+00  0.753961E-01
  0.321214E+01  0.308968E-01  0.751860E-01
  0.321487E+01  0.262319E+00  0.750987E-01
  0.321761E+01  0.292790E+00  0.762272E-01
  0.322034E+01  0.269827E+00  0.759157E-01
  0.322307E+01  0.336522E+00  0.752260E-01
  0.322581E+01  0.337781E+00  0.756594E-01
  0.322854E+01  0.217080E+00  0.755854E-01
  0.323128E+01  0.293399E+00  0.755838E-01
  0.323401E+01  0.202373E+00  0.756817E-01
  0.323674E+01  0.311062E+00  0.758685E-01
  0.323948E+01  0.278395E+00  0.755563E-01
  0.324221E+01  0.271014E+00  0.759032E-01
  0.324495E+01  0.202205E+00  0.748031E-01
  0.324768E+01  0.236307E+00  0.755000E-01
  0.325041E+01  0.254713E+00  0.758071E-01
  0.325315E+01  0.352818E+00  0.754340E-01
  0.325588E+01  0.223821E+00  0.753158E-01
  0.325862E+01  0.224091E+00  0.756161E-01
  0.326135E+01  0.180971E+00  0.756599E-01
  0.326408E+01  0.244114E+00  0.759473E-01
  0.326682E+01  0.286565E+00  0.757265E-01
  0.326955E+01  0.192173E+00  0.751676E-01
  0.327229E+01  0.270248E+00  0.753205E-01
  0.327502E+01  0.208699E+00  0.757258E-01
  0.327775E+01  0.223045E+00  0.750521E-01
  0.328049E+01  0.278985E+00  0.758033E-01
  0.328322E+01  0.159866E+00  0.752454E-01
  0.328596E+01  0.240653E+00  0.754249E-01
  0.328869E+01  0.363658E+00  0.750187E-01
  0.329142E+01  0.146647E+00  0.754740E-01
  0.329416E+01  0.257612E+00  0.752248E-01
  0.329689E+01  0.248101E+00  0.752364E-01
  0.329963E+01  0.294312E+00  0.754341E-01
  0.330236E+01  0.284942E+00  0.755680E-01
  0.330509E+01  0.290323E+00  0.750905E-01
  0.330783E+01  0.308172E+00  0.755846E-01
  0.331056E+01  0.305305E+00  0.761361E-01
  0.331330E+01  0.226374E+00  0.753995E-01
  0.331603E+01  0.378708E+00  0.755911E-01
  0.331876E+01  0.861889E-01  0.750270E-01
  0.332150E+01  0.295506E+00  0.748846E-01
  0.332423E+01  0.333554E+00  0.757930E-01
  0.332697E+01  0.277803E+00  0.755129E-01
  0.332970E+01  0.216944E+00  0.760079E-01
  0.333244E+01  0.136216E+00  0.742977E-01
  0.333517E+01  0.341301E+00  0.758460E-01
  0.333790E+01  0.199352E+00  0.764360E-01
  0.334064E+01  0.312948E+00  0.759373E-01
  0.334337E+01  0.228744E+00  0.749870E-01
  0.334611E+01  0.244443E+00  0.749096E-01
  0.334884E+01  0.262084E+00  0.746942E-01
  0.335157E+01  0.221762E+00  0.750110E-01
  0.335431E+01  0.663499E-01  0.752125E-01
  0.335704E+01  0.254187E+00  0.750869E-01
  0.335978E+01  0.341952E+00  0.754037E-01
  0.336251E+01  0.351210E+00  0.752056E-01
  0.336524E+01  0.168568E+00  0.750956E-01
  0.336798E+01  0.354384E+00  0.753913E-01
  0.337071E+01  0.179988E+00  0.755640E-01
  0.337345E+01  0.281004E+00  0.749049E-01
  0.337618E+01  0.150651E+00  0.749668E-01
  0.337891E+01  0.237473E+00  0.750911E-01
  0.338165E+01  0.123021E+00  0.746715E-01
  0.338438E+01  0.138736E+00  0.751936E-01
  0.338712E+01  0.189106E+00  0.745956E-01
  0.338985E+01  0.169947E+00  0.748838E-01
  0.339258E+01  0.243913E+00  0.752006E-01
  0.339532E+01  0.122399E+00  0.749545E-01
  0.339805E+01  0.353179E+00  0.752255E-01
  0.340079E+01  0.245875E+00  0.756012E-01
  0.340352E+01  0.233699E+00  0.752139E-01
  0.340625E+01  0.299210E+00  0.745340E-01
  0.340899E+01  0.337748E+00  0.758124E-01
  0.341172E+01  0.152621E+00  0.750843E-01
  0.341446E+01  0.297517E+00  0.754310E-01
  0.341719E+01  0.768255E-01  0.751249E-01
  0.341992E+01  0.226866E+00  0.751214E-01
  0.342266E+01  0.220895E+00  0.750919E-01
  0.342539E+01  0.216577E+00  0.750141E-01
  0.342813E+01  0.222616E+00  0.753844E-01
  0.343086E+01  0.235668E+00  0.747395E-01
  0.343359E+01  0.122420E+00  0.747657E-01
  0.343633E+01  0.179143E+00  0.749830E-01
  0.343906E+01  0.187508E+00  0.748654E-01
  0.344180E+01  0.149401E+00  0.746773E-01
  0.344453E+01  0.183075E+00  0.747097E-01
  0.344726E+01  0.949652E-01  0.750598E-01
  0.345000E+01  0.159178E+00  0.748332E-01
  0.345273E+01  0.329530E+00  0.751290E-01
  0.345547E+01  0.452119E-01  0.746433E-01
  0.345820E+01  0.173815E+00  0.740782E-01
  0.346094E+01  0.388019E+00  0.752505E-01
  0.346367E+01  0.321799E+00  0.752669E-01
  0.346640E+01  0.332835E+00  0.754899E-01
  0.346914E+01  0.225708E+00  0.752840E-01
  0.347187E+01  0.145146E+00  0.751646E-01
  0.347461E+01  0.194369E+00  0.747298E-01
  0.347734E+01  0.261835E+00  0.746717E-01
  0.348007E+01  0.772615E-01  0.739420E-01
  0.348281E+01  0.143798E+00  0.748200E-01
  0.348554E+01  0.236690E+00  0.748571E-01
  0.348828E+01  0.169035E+00  0.748508E-01
  0.349101E+01  0.361636E+00  0.744934E-01
  0.349374E+01  0.236205E+00  0.746417E-01
  0.349648E+01  0.273866E+00  0.750304E-01
  0.349921E+01  0.245597E+00  0.747249E-01
  0.350195E+01  0.247319E+00  0.759024E-01
  0.350468E+01  0.268545E+00  0.755408E-01
  0.350741E+01  0.265080E+00  0.751205E-01
  0.351015E+01  0.228395E+00  0.750322E-01
  0.351288E+01  0.116176E+00  0.743426E-01
  0.351562E+01  0.214593E+00  0.739613E-01
  0.351835E+01  0.245696E+00  0.747228E-01
  0.352108E+01  0.342695E+00  0.756648E-01
  0.352382E+01  0.238181E+00  0.745615E-01
  0.352655E+01  0.285960E+00  0.751693E-01
  0.352929E+01  0.173845E+00  0.748863E-01
  0.353202E+01  0.107010E+00  0.751442E-01
  0.353475E+01  0.256669E+00  0.750446E-01
  0.353749E+01  0.180114E+00  0.749424E-01
  0.354022E+01  0.197244E+00  0.746138E-01
  0.354296E+01  0.231590E+00  0.753040E-01
  0.354569E+01  0.265284E+00  0.747926E-01
  0.354842E+01  0.131432E+00  0.742718E-01
  0.355116E+01  0.176538E+00  0.747582E-01
  0.355389E+01  0.375881E+00  0.753540E-01
  0.355663E+01  0.164554E+00  0.744864E-01
  0.355936E+01  0.260764E+00  0.749150E-01
  0.356209E+01  0.154478E+00  0.751454E-01
  0.356483E+01  0.299397E+00  0.750640E-01
  0.356756E+01  0.137597E+00  0.748807E-01
  0.357030E+01  0.891988E-01  0.738514E-01
  0.357303E+01  0.120863E-01  0.743206E-01
  0.357577E+01  0.121800E+00  0.743539E-01
  0.357850E+01  0.228340E+00  0.745257E-01
  0.358123E+01  0.227616E+00  0.748323E-01
  0.358397E+01  0.174222E+00  0.749035E-01
  0.358670E+01  0.286055E+00  0.748820E-01
  0.358944E+01  0.801420E-01  0.743332E-01
  0.359217E+01  0.217357E+00  0.751736E-01
  0.359490E+01  0.191278E+00  0.742137E-01
  0.359764E+01  0.236944E+00  0.746829E-01
  0.360037E+01  0.201851E+00  0.748012E-01
  0.360311E+01  0.250191E+00  0.744560E-01
  0.360584E+01  0.225785E+00  0.739973E-01
  0.360857E+01  0.147489E+00  0.735698E-01
  0.361131E+01  0.244973E+00  0.748039E-01
  0.361404E+01  0.212063E+00  0.740579E-01
  0.361678E+01 -0.314688E-01  0.742536E-01
  0.361951E+01  0.211614E+00  0.745649E-01
  0.362224E+01  0.257315E+00  0.749998E-01
  0.362498E+01  0.354244E+00  0.754138E-01
  0.362771E+01  0.213494E+00  0.748541E-01
  0.363045E+01  0.108498E+00  0.738840E-01
  0.363318E+01  0.243669E+00  0.754830E-01
  0.363591E+01  0.252947E+00  0.742598E-01
  0.363865E+01  0.230981E+00  0.748043E-01
  0.364138E+01  0.230530E+00  0.751175E-01
  0.364412E+01  0.380766E+00  0.753557E-01
  0.364685E+01  0.210974E+00  0.749702E-01
  0.364958E+01  0.117548E+00  0.750604E-01
  0.365232E+01  0.146239E+00  0.744130E-01
  0.365505E+01  0.248421E+00  0.747013E-01
  0.365779E+01  0.222985E+00  0.751076E-01
  0.366052E+01  0.172092E+00  0.744423E-01
  0.366325E+01  0.273051E+00  0.757297E-01
  0.366599E+01  0.204995E+00  0.752303E-01
  0.366872E+01  0.936723E-01  0.750861E-01
  0.367146E+01  0.115197E+00  0.744671E-01
  0.367419E+01  0.909271E-01  0.742151E-01
  0.367692E+01  0.200944E+00  0.744484E-01
  0.367966E+01  0.149870E+00  0.746870E-01
  0.368239E+01  0.293557E+00  0.750523E-01
  0.368513E+01  0.118269E+00  0.743996E-01
  0.368786E+01  0.254656E+00  0.750432E-01
  0.369059E+01  0.234615E+00  0.750374E-01
  0.369333E+01  0.159687E+00  0.746460E-01
  0.369606E+01  0.168849E+00  0.756998E-01
  0.369880E+01  0.185901E+00  0.748577E-01
  0.370153E+01  0.268379E+00  0.747396E-01
  0.370427E+01  0.243987E+00  0.747807E-01
  0.370700E+01  0.385203E+00  0.750498E-01
  0.370973E+01  0.243353E+00  0.753765E-01
  0.371247E+01  0.325878E+00  0.746678E-01
  0.371520E+01  0.167889E+00  0.746599E-01
  0.371794E+01  0.185686E+00  0.752384E-01
  0.372067E+01  0.234989E+00  0.751214E-01
  0.372340E+01  0.262625E+00  0.754319E-01
  0.372614E+01  0.155684E+00  0.750559E-01
  0.372887E+01  0.300046E+00  0.754548E-01
  0.373161E+01  0.104726E+00  0.746641E-01
  0.373434E+01  0.193127E+00  0.744079E-01
  0.373707E+01  0.366653E+00  0.756681E-01
  0.373981E+01  0.158722E+00  0.747557E-01
  0.374254E+01  0.237562E+00  0.749743E-01
  0.374528E+01  0.182716E+00  0.748238E-01
  0.374801E+01  0.242964E+00  0.743311E-01
  0.375074E+01  0.161460E+00  0.744098E-01
  0.375348E+01  0.272890E+00  0.768035E-01
  0.375621E+01  0.186808E+00  0.749184E-01
  0.375895E+01  0.870246E-01  0.747112E-01
  0.376168E+01  0.193387E+00  0.750920E-01
  0.376441E+01  0.116114E+00  0.745227E-01
  0.376715E+01  0.288673E+00  0.761770E-01
  0.376988E+01  0.215137E+00  0.750355E-01
  0.377262E+01  0.168670E+00  0.738036E-01
  0.377535E+01  0.228775E+00  0.743456E-01
  0.377808E+01  0.353563E+00  0.751464E-01
  0.378082E+01  0.166912E+00  0.744487E-01
  0.378355E+01  0.161270E+00  0.749725E-01
  0.378629E+01  0.245756E+00  0.752108E-01
  0.378902E+01  0.198122E+00  0.749217E-01
  0.379175E+01  0.135251E+00  0.742911E-01
  0.379449E+01  0.176453E+00  0.747663E-01
  0.379722E+01  0.114287E+00  0.745510E-01
  0.379996E+01  0.128930E+00  0.747093E-01
  0.380269E+01  0.255855E+00  0.750406E-01
  0.380542E+01  0.147012E+00  0.746081E-01
  0.380816E+01  0.847625E-01  0.747759E-01
  0.381089E+01  0.169219E+00  0.749878E-01
  0.381363E+01  0.290650E+00  0.751505E-01
  0.381636E+01  0.121911E+00  0.745412E-01
  0.381909E+01  0.286057E+00  0.739460E-01
  0.382183E+01  0.308368E+00  0.756850E-01
  0.382456E+01  0.209602E+00  0.747315E-01
  0.382730E+01  0.201731E+00  0.746138E-01
  0.383003E+01  0.159112E+00  0.742203E-01
  0.383277E+01  0.284755E+00  0.745839E-01
  0.383550E+01  0.251095E+00  0.755384E-01
  0.383823E+01  0.192477E+00  0.749145E-01
  0.384097E+01  0.111218E+00  0.741526E-01
  0.384370E+01  0.207280E+00  0.747076E-01
  0.384644E+01  0.183562E+00  0.741842E-01
  0.384917E+01  0.316797E+00  0.749045E-01
  0.385190E+01  0.893508E-01  0.743082E-01
  0.385464E+01  0.325317E+00  0.747056E-01
  0.385737E+01  0.826207E-01  0.747432E-01
  0.386011E+01  0.112699E+00  0.750798E-01
  0.386284E+01  0.278609E+00  0.742196E-01
  0.386557E+01  0.265743E+00  0.752811E-01
  0.386831E+01  0.242462E+00  0.745419E-01
  0.387104E+01  0.411007E+00  0.748394E-01
  0.387378E+01  0.254314E+00  0.745677E-01
  0.387651E+01  0.540049E-01  0.746767E-01
  0.387924E+01  0.335539E+00  0.747800E-01
  0.388198E+01  0.136477E+00  0.752114E-01
  0.388471E+01  0.172383E+00  0.751626E-01
  0.388745E+01  0.225238E+00  0.743020E-01
  0.389018E+01  0.205757E+00  0.752084E-01
  0.389291E+01  0.100991E+00  0.747760E-01
  0.389565E+01  0.320682E+00  0.755168E-01
  0.389838E+01  0.132461E+00  0.743054E-01
  0.390112E+01  0.289477E+00  0.745662E-01
  0.390385E+01  0.131592E+00  0.742559E-01
  0.390658E+01  0.252099E+00  0.747999E-01
  0.390932E+01  0.171975E+00  0.748713E-01
  0.391205E+01  0.127642E+00  0.746896E-01
  0.391479E+01  0.284962E+00  0.749107E-01
  0.391752E+01  0.208286E+00  0.747622E-01
  0.392025E+01  0.219268E+00  0.750302E-01
  0.392299E+01  0.269209E+00  0.749313E-01
  0.392572E+01  0.191293E+00  0.742956E-01
  0.392846E+01  0.203416E+00  0.743463E-01
  0.393119E+01  0.229113E+00  0.744397E-01
  0.393392E+01  0.198834E+00  0.744468E-01
  0.393666E+01  0.232240E+00  0.858087E-01
  0.393939E+01  0.316797E+00  0.923079E-01
  0.394213E+01  0.469984E-01  0.942856E-01
  0.394486E+01  0.112266E+00  0.101667E+00
  0.394759E+01  0.324764E+00  0.109801E+00
  0.395033E+01  0.163149E+00  0.111739E+00
  0.395306E+01  0.196132E+00  0.115463E+00
  0.395580E+01  0.178469E+00  0.117650E+00
  0.395853E+01  0.345487E+00  0.125199E+00
  0.396127E+01  0.261942E-01  0.127833E+00
  0.396400E+01  0.258499E+00  0.972992E-01
  0.396673E+01  0.239094E+00  0.908561E-01
  0.396947E+01  0.435779E+00  0.882448E-01
  0.397220E+01  0.100944E+00  0.866777E-01
  0.397494E+01  0.186938E+00  0.843356E-01
  0.397767E+01  0.166420E+00  0.833391E-01
  0.398040E+01  0.126329E-01  0.820646E-01
  0.398314E+01  0.313216E+00  0.824212E-01
  0.398587E+01  0.243429E+00  0.827510E-01
  0.398861E+01  0.122780E+00  0.824106E-01
  0.399134E+01  0.268105E+00  0.818423E-01
  0.399407E+01  0.149175E+00  0.808543E-01
  0.399681E+01  0.254123E+00  0.812035E-01
  0.399954E+01  0.226618E+00  0.810616E-01
  0.400228E+01  0.134081E+00  0.808325E-01
  0.400501E+01  0.313332E+00  0.812153E-01
  0.400774E+01  0.193611E+00  0.801629E-01
  0.401048E+01  0.216527E+00  0.799721E-01
  0.401321E+01  0.192536E+00  0.796349E-01
  0.401595E+01  0.212020E+00  0.786616E-01
  0.401868E+01  0.261086E+00  0.788215E-01
  0.402141E+01  0.194212E+00  0.775422E-01
  0.402415E+01  0.206821E+00  0.779500E-01
  0.402688E+01  0.268195E+00  0.770948E-01
  0.402962E+01  0.206187E+00  0.764309E-01
  0.403235E+01  0.223976E+00  0.758745E-01
  0.403508E+01  0.165469E+00  0.756819E-01
  0.403782E+01  0.214152E+00  0.749903E-01
  0.404055E+01  0.119543E+00  0.750524E-01
  0.404329E+01  0.204669E+00  0.753789E-01
  0.404602E+01  0.183697E+00  0.750293E-01
  0.404875E+01  0.260292E+00  0.752687E-01
  0.405149E+01  0.167009E+00  0.751174E-01
  0.405422E+01  0.194012E+00  0.750913E-01
  0.405696E+01  0.106367E+00  0.748654E-01
  0.405969E+01  0.273023E+00  0.747117E-01
  0.406242E+01  0.246405E+00  0.758092E-01
  0.406516E+01  0.304118E+00  0.745622E-01
  0.406789E+01  0.256850E+00  0.749487E-01
  0.407063E+01  0.229597E+00  0.748195E-01
  0.407336E+01  0.228165E+00  0.751955E-01
  0.407610E+01  0.205906E+00  0.750285E-01
  0.407883E+01  0.344254E-01  0.750893E-01
  0.408156E+01  0.178924E+00  0.750800E-01
  0.408430E+01  0.199900E+00  0.752437E-01
  0.408703E+01  0.394747E+00  0.751586E-01
  0.408977E+01  0.251934E+00  0.751255E-01
  0.409250E+01  0.207582E+00  0.756364E-01
  0.409523E+01  0.861210E-01  0.752589E-01
  0.409797E+01  0.621368E-01  0.743968E-01
  0.410070E+01  0.137184E+00  0.748396E-01
  0.410344E+01  0.163695E+00  0.753754E-01
  0.410617E+01  0.249764E+00  0.747060E-01
  0.410890E+01  0.152586E+00  0.745891E-01
  0.411164E+01  0.248151E+00  0.749469E-01
  0.411437E+01  0.119022E+00  0.749671E-01
  0.411711E+01  0.189898E+00  0.751429E-01
  0.411984E+01  0.180977E+00  0.746117E-01
  0.412257E+01  0.183149E+00  0.745564E-01
  0.412531E+01  0.188987E+00  0.745014E-01
  0.412804E+01  0.212266E+00  0.749846E-01
  0.413078E+01  0.219409E+00  0.745591E-01
  0.413351E+01  0.122275E+00  0.750037E-01
  0.413624E+01  0.217220E+00  0.744760E-01
  0.413898E+01  0.191621E+00  0.749614E-01
  0.414171E+01  0.256965E+00  0.750452E-01
  0.414445E+01  0.176623E+00  0.750654E-01
  0.414718E+01  0.550541E-01  0.747144E-01
  0.414991E+01  0.131357E+00  0.747608E-01
  0.415265E+01  0.232724E+00  0.747149E-01
  0.415538E+01  0.187718E+00  0.752839E-01
  0.415812E+01  0.218663E+00  0.751131E-01
  0.416085E+01  0.413888E-01  0.743173E-01
  0.416358E+01  0.176010E+00  0.747811E-01
  0.416632E+01  0.228137E+00  0.752831E-01
  0.416905E+01  0.355515E+00  0.749496E-01
  0.417179E+01 -0.621162E-02  0.746213E-01
  0.417452E+01  0.229148E+00  0.747167E-01
  0.417725E+01  0.899007E-01  0.746909E-01
  0.417999E+01  0.158217E+00  0.744894E-01
  0.418272E+01  0.335219E+00  0.751972E-01
  0.418546E+01  0.117882E+00  0.754240E-01
  0.418819E+01  0.179940E+00  0.752824E-01
  0.419092E+01  0.900495E-01  0.749007E-01
  0.419366E+01  0.145105E+00  0.744575E-01
  0.419639E+01  0.258073E+00  0.756373E-01
  0.419913E+01  0.219257E+00  0.747486E-01
  0.420186E+01  0.210597E+00  0.754219E-01
  0.420460E+01  0.189912E+00  0.751547E-01
  0.420733E+01  0.172210E+00  0.749817E-01
  0.421006E+01  0.238127E+00  0.749942E-01
  0.421280E+01  0.165866E+00  0.748736E-01
  0.421553E+01  0.843724E-01  0.745641E-01
  0.421827E+01  0.207444E+00  0.746755E-01
  0.422100E+01  0.233006E+00  0.751275E-01
  0.422373E+01  0.184946E+00  0.750991E-01
  0.422647E+01  0.177621E+00  0.745288E-01
  0.422920E+01  0.111081E+00  0.749076E-01
  0.423194E+01  0.201718E+00  0.745473E-01
  0.423467E+01  0.158386E+00  0.747669E-01
  0.423740E+01  0.196287E+00  0.746708E-01
  0.424014E+01  0.282600E+00  0.749304E-01
  0.424287E+01  0.139700E+00  0.744496E-01
  0.424561E+01  0.168810E+00  0.742798E-01
  0.424834E+01  0.538299E-01  0.748075E-01
  0.425107E+01  0.136456E+00  0.744131E-01
  0.425381E+01  0.177071E+00  0.746815E-01
  0.425654E+01  0.108466E+00  0.746146E-01
  0.425928E+01  0.176848E+00  0.756820E-01
  0.426201E+01  0.219835E+00  0.745905E-01
  0.426474E+01  0.284601E+00  0.749395E-01
  0.426748E+01  0.147372E+00  0.743795E-01
  0.427021E+01  0.170892E+00  0.748781E-01
  0.427295E+01  0.150404E+00  0.746567E-01
  0.427568E+01  0.174478E+00  0.744760E-01
  0.427841E+01  0.204566E+00  0.748922E-01
  0.428115E+01  0.162829E+00  0.746997E-01
  0.428388E+01  0.148432E+00  0.740825E-01
  0.428662E+01  0.262369E+00  0.742668E-01
  0.428935E+01  0.234976E+00  0.745522E-01
  0.429208E+01  0.314588E+00  0.752228E-01
  0.429482E+01  0.183685E+00  0.741391E-01
  0.429755E+01  0.182031E+00  0.743353E-01
  0.430029E+01  0.193644E+00  0.746334E-01
  0.430302E+01  0.125562E+00  0.747123E-01
  0.430575E+01  0.126759E+00  0.738845E-01
  0.430849E+01  0.990734E-01  0.745547E-01
  0.431122E+01  0.128316E+00  0.741432E-01
  0.431396E+01  0.573638E-01  0.746268E-01
  0.431669E+01 -0.810181E-02  0.746959E-01
  0.431942E+01  0.747334E-01  0.744452E-01
  0.432216E+01  0.293691E+00  0.752973E-01
  0.432489E+01  0.194158E+00  0.750142E-01
  0.432763E+01  0.145909E+00  0.746572E-01
  0.433036E+01  0.139127E+00  0.738078E-01
  0.433310E+01  0.222035E+00  0.748085E-01
  0.433583E+01  0.216228E+00  0.747516E-01
  0.433856E+01  0.130269E+00  0.739565E-01
  0.434130E+01  0.184095E+00  0.741936E-01
  0.434403E+01  0.524486E-01  0.747178E-01
  0.434677E+01  0.142711E+00  0.745509E-01
  0.434950E+01  0.176301E+00  0.747966E-01
  0.435223E+01  0.114192E-01  0.737343E-01
  0.435497E+01  0.178728E+00  0.743565E-01
  0.435770E+01  0.107766E+00  0.741745E-01
  0.436044E+01  0.508622E-01  0.742621E-01
  0.436317E+01  0.117469E+00  0.747841E-01
  0.436590E+01  0.174064E+00  0.740017E-01
  0.436864E+01  0.162909E+00  0.742859E-01
  0.437137E+01  0.135093E+00  0.738449E-01
  0.437411E+01  0.815550E-01  0.742349E-01
  0.437684E+01  0.160607E+00  0.746023E-01
  0.437957E+01  0.451266E-01  0.749543E-01
  0.438231E+01  0.198887E+00  0.746520E-01
  0.438504E+01  0.125417E+00  0.747578E-01
  0.438778E+01  0.197694E+00  0.740591E-01
  0.439051E+01  0.166591E+00  0.738414E-01
  0.439324E+01  0.126369E+00  0.740773E-01
  0.439598E+01  0.229661E-01  0.739073E-01
  0.439871E+01  0.267552E+00  0.740120E-01
  0.440145E+01  0.100498E+00  0.739312E-01
  0.440418E+01  0.718133E-01  0.737980E-01
  0.440691E+01  0.252568E-01  0.745021E-01
  0.440965E+01  0.226945E+00  0.748725E-01
  0.441238E+01  0.258973E+00  0.751504E-01
  0.441512E+01  0.210142E+00  0.744545E-01
  0.441785E+01  0.625282E-01  0.745381E-01
  0.442058E+01  0.100199E+00  0.734268E-01
  0.442332E+01  0.189903E+00  0.749950E-01
  0.442605E+01  0.148896E+00  0.746331E-01
  0.442879E+01  0.311205E+00  0.740363E-01
  0.443152E+01  0.204592E+00  0.742871E-01
  0.443425E+01  0.107664E+00  0.740990E-01
  0.443699E+01  0.202266E+00  0.741449E-01
  0.443972E+01  0.402676E-01  0.742497E-01
  0.444246E+01  0.223710E+00  0.741902E-01
  0.444519E+01  0.152136E+00  0.748668E-01
  0.444792E+01  0.607074E-01  0.731502E-01
  0.445066E+01  0.163840E+00  0.748498E-01
  0.445339E+01  0.137713E+00  0.746278E-01
  0.445613E+01  0.106689E+00  0.739544E-01
  0.445886E+01  0.733530E-01  0.737149E-01
  0.446160E+01  0.176691E+00  0.740126E-01
  0.446433E+01  0.173743E+00  0.744835E-01
  0.446706E+01  0.131784E+00  0.743891E-01
  0.446980E+01  0.456872E-01  0.739142E-01
  0.447253E+01  0.157243E+00  0.748256E-01
  0.447527E+01  0.700593E-01  0.740773E-01
  0.447800E+01  0.123173E+00  0.740063E-01
  0.448073E+01  0.932200E-01  0.738823E-01
  0.448347E+01  0.114615E+00  0.740489E-01
  0.448620E+01  0.261898E-01  0.733162E-01
  0.448894E+01  0.225625E+00  0.745526E-01
  0.449167E+01  0.252383E+00  0.745411E-01
  0.449440E+01  0.963981E-01  0.743837E-01
  0.449714E+01  0.166412E+00  0.742310E-01
  0.449987E+01  0.641650E-01  0.743910E-01
  0.450261E+01  0.385119E-02  0.739213E-01
  0.450534E+01  0.109169E+00  0.738470E-01
  0.450807E+01  0.934784E-01  0.737955E-01
  0.451081E+01  0.199303E+00  0.751660E-01
  0.451354E+01  0.184115E+00  0.752734E-01
  0.451628E+01  0.124937E+00  0.737770E-01
  0.451901E+01  0.245162E-01  0.738657E-01
  0.452174E+01  0.119048E+00  0.743308E-01
  0.452448E+01  0.642709E-01  0.736424E-01
  0.452721E+01  0.204917E+00  0.744137E-01
  0.452995E+01  0.120918E+00  0.741870E-01
  0.453268E+01  0.112375E+00  0.742482E-01
  0.453541E+01  0.166613E+00  0.746630E-01
  0.453815E+01  0.184815E+00  0.749743E-01
  0.454088E+01  0.106456E+00  0.743759E-01
  0.454362E+01  0.147320E+00  0.740279E-01
  0.454635E+01  0.169411E+00  0.744129E-01
  0.454908E+01  0.171559E+00  0.742633E-01
  0.455182E+01  0.907622E-01  0.740172E-01
  0.455455E+01  0.113345E+00  0.735681E-01
  0.455729E+01  0.954396E-01  0.744553E-01
  0.456002E+01  0.136336E-01  0.742128E-01
  0.456275E+01  0.145580E-01  0.749279E-01
  0.456549E+01  0.105545E+00  0.741771E-01
  0.456822E+01  0.141683E+00  0.743016E-01
  0.457096E+01 -0.780165E-02  0.735222E-01
  0.457369E+01  0.234319E+00  0.743484E-01
  0.457643E+01  0.202855E+00  0.745841E-01
  0.457916E+01  0.163875E+00  0.744881E-01
  0.458189E+01  0.112560E+00  0.741962E-01
  0.458463E+01  0.111071E+00  0.744256E-01
  0.458736E+01  0.186048E+00  0.743259E-01
  0.459010E+01  0.134497E+00  0.750398E-01
  0.459283E+01  0.159480E+00  0.751673E-01
  0.459556E+01  0.124653E+00  0.742322E-01
  0.459830E+01  0.140349E+00  0.749174E-01
  0.460103E+01  0.127108E+00  0.748192E-01
  0.460377E+01  0.720974E-01  0.745818E-01
  0.460650E+01  0.193623E+00  0.749432E-01
  0.460923E+01  0.122846E+00  0.741483E-01
  0.461197E+01  0.811866E-01  0.742239E-01
  0.461470E+01  0.202312E+00  0.745497E-01
  0.461744E+01  0.985115E-01  0.743242E-01
  0.462017E+01  0.140693E+00  0.743702E-01
  0.462290E+01  0.145352E+00  0.741663E-01
  0.462564E+01  0.110439E+00  0.740808E-01
  0.462837E+01  0.693612E-01  0.750286E-01
  0.463111E+01  0.219096E+00  0.748527E-01
  0.463384E+01  0.337067E-01  0.746866E-01
  0.463657E+01  0.228092E+00  0.749687E-01
  0.463931E+01  0.163393E+00  0.741323E-01
  0.464204E+01  0.173313E+00  0.745601E-01
  0.464478E+01  0.172243E+00  0.739240E-01
  0.464751E+01  0.247797E+00  0.752009E-01
  0.465024E+01  0.573959E-01  0.748888E-01
  0.465298E+01  0.144652E+00  0.744420E-01
  0.465571E+01  0.279121E+00  0.750449E-01
  0.465845E+01  0.889080E-01  0.749645E-01
  0.466118E+01  0.124162E+00  0.744545E-01
  0.466391E+01 -0.560529E-01  0.736203E-01
  0.466665E+01  0.283259E+00  0.742639E-01
  0.466938E+01  0.745996E-01  0.740905E-01
  0.467212E+01  0.205198E+00  0.741385E-01
  0.467485E+01  0.841396E-01  0.737899E-01
  0.467758E+01  0.220837E+00  0.746154E-01
  0.468032E+01  0.529028E-01  0.746579E-01
  0.468305E+01  0.203935E+00  0.747877E-01
  0.468579E+01  0.662620E-01  0.739196E-01
  0.468852E+01  0.176898E+00  0.745350E-01
  0.469125E+01  0.175747E+00  0.735101E-01
  0.469399E+01  0.646228E-01  0.747954E-01
  0.469672E+01  0.150690E+00  0.750848E-01
  0.469946E+01  0.712385E-01  0.744233E-01
  0.470219E+01  0.809373E-01  0.749623E-01
  0.470493E+01  0.102405E+00  0.748065E-01
  0.470766E+01  0.105011E+00  0.745342E-01
  0.471039E+01  0.239791E-01  0.745208E-01
  0.471313E+01  0.128477E+00  0.747135E-01
  0.471586E+01  0.157921E+00  0.742894E-01
  0.471860E+01  0.687202E-01  0.747959E-01
  0.472133E+01  0.132059E+00  0.750477E-01
  0.472406E+01  0.194620E+00  0.744952E-01
  0.472680E+01 -0.628987E-02  0.742262E-01
  0.472953E+01  0.108240E+00  0.744855E-01
  0.473227E+01  0.994956E-01  0.746361E-01
  0.473500E+01  0.157209E+00  0.745830E-01
  0.473773E+01  0.190809E+00  0.741288E-01
  0.474047E+01  0.100021E+00  0.748537E-01
  0.474320E+01  0.198168E+00  0.757281E-01
  0.474594E+01  0.165048E+00  0.747649E-01
  0.474867E+01  0.221481E+00  0.746920E-01
  0.475140E+01  0.674009E-01  0.750797E-01
  0.475414E+01  0.118687E+00  0.741005E-01
  0.475687E+01  0.114014E+00  0.749963E-01
  0.475961E+01  0.243651E+00  0.757561E-01
  0.476234E+01  0.126952E+00  0.748746E-01
  0.476507E+01  0.126930E+00  0.746566E-01
  0.476781E+01  0.399899E-01  0.743923E-01
  0.477054E+01  0.424603E-01  0.754793E-01
  0.477328E+01  0.148401E+00  0.741138E-01
  0.477601E+01  0.664457E-01  0.754266E-01
  0.477874E+01  0.193971E+00  0.751536E-01
  0.478148E+01  0.437757E-01  0.747196E-01
  0.478421E+01  0.212734E+00  0.753603E-01
  0.478695E+01  0.117613E+00  0.748301E-01
  0.478968E+01  0.138762E+00  0.755096E-01
  0.479241E+01  0.756398E-01  0.750782E-01
  0.479515E+01  0.178247E+00  0.745342E-01
  0.479788E+01  0.157312E+00  0.750110E-01
  0.480062E+01  0.179916E+00  0.750719E-01
  0.480335E+01  0.156670E+00  0.748746E-01
  0.480608E+01  0.149004E+00  0.749404E-01
  0.480882E+01  0.188331E+00  0.749784E-01
  0.481155E+01  0.105557E-01  0.751969E-01
  0.481429E+01  0.545653E-01  0.754248E-01
  0.481702E+01  0.115670E+00  0.742401E-01
  0.481975E+01  0.146131E+00  0.752877E-01
  0.482249E+01  0.132599E+00  0.754630E-01
  0.482522E+01  0.197921E+00  0.749594E-01
  0.482796E+01  0.495515E-01  0.755200E-01
  0.483069E+01  0.141473E+00  0.750778E-01
  0.483343E+01  0.242253E+00  0.752995E-01
  0.483616E+01  0.151363E+00  0.751182E-01
  0.483889E+01  0.192692E+00  0.757034E-01
  0.484163E+01  0.875478E-01  0.760864E-01
  0.484436E+01  0.103874E+00  0.746521E-01
  0.484710E+01  0.164312E+00  0.748119E-01
  0.484983E+01  0.146041E+00  0.753029E-01
  0.485256E+01  0.713353E-01  0.744476E-01
  0.485530E+01  0.156176E+00  0.750138E-01
  0.485803E+01  0.205588E+00  0.752850E-01
  0.486077E+01  0.123250E+00  0.749684E-01
  0.486350E+01  0.125975E+00  0.754289E-01
  0.486623E+01  0.139471E-01  0.755230E-01
  0.486897E+01  0.377822E-01  0.754764E-01
  0.487170E+01  0.178271E+00  0.753391E-01
  0.487444E+01  0.253713E+00  0.746343E-01
  0.487717E+01  0.930332E-01  0.744016E-01
  0.487990E+01  0.806982E-01  0.755094E-01
  0.488264E+01  0.189809E+00  0.763657E-01
  0.488537E+01  0.152749E+00  0.748060E-01
  0.488811E+01  0.110215E+00  0.763297E-01
  0.489084E+01  0.126843E+00  0.753605E-01
  0.489357E+01  0.959058E-01  0.755847E-01
  0.489631E+01  0.717572E-01  0.749870E-01
  0.489904E+01  0.146040E+00  0.753134E-01
  0.490178E+01 -0.309507E-02  0.751872E-01
  0.490451E+01  0.227269E+00  0.746239E-01
  0.490724E+01  0.164626E+00  0.756593E-01
  0.490998E+01  0.260413E+00  0.755826E-01
  0.491271E+01  0.850741E-01  0.754935E-01
  0.491545E+01  0.118746E+00  0.756919E-01
  0.491818E+01  0.176054E+00  0.757662E-01
  0.492091E+01  0.860193E-01  0.752952E-01
  0.492365E+01  0.129115E+00  0.746592E-01
  0.492638E+01  0.173909E+00  0.756251E-01
  0.492912E+01  0.110136E+00  0.754511E-01
  0.493185E+01  0.212014E+00  0.754625E-01
  0.493458E+01  0.438032E-01  0.756606E-01
  0.493732E+01  0.172863E+00  0.754650E-01
  0.494005E+01  0.368909E-01  0.760664E-01
  0.494279E+01  0.930270E-01  0.758532E-01
  0.494552E+01  0.593659E-01  0.757703E-01
  0.494825E+01  0.113694E+00  0.752622E-01
  0.495099E+01  0.566134E-01  0.752723E-01
  0.495372E+01  0.887925E-01  0.751418E-01
  0.495646E+01  0.184133E+00  0.748945E-01
  0.495919E+01  0.109924E+00  0.752717E-01
  0.496193E+01  0.230703E+00  0.758244E-01
  0.496466E+01  0.733787E-01  0.755934E-01
  0.496739E+01  0.180876E+00  0.759139E-01
  0.497013E+01  0.824690E-01  0.754847E-01
  0.497286E+01  0.141450E+00  0.757211E-01
  0.497560E+01  0.145715E+00  0.752237E-01
  0.497833E+01  0.131675E+00  0.756931E-01
  0.498106E+01  0.151232E+00  0.759911E-01
  0.498380E+01  0.162588E+00  0.764027E-01
  0.498653E+01  0.227717E+00  0.762680E-01
  0.498927E+01  0.187423E+00  0.755644E-01
  0.499200E+01  0.889209E-01  0.764685E-01
  0.499473E+01  0.136787E+00  0.757080E-01
  0.499747E+01  0.170771E+00  0.761089E-01
  0.500020E+01  0.317548E+00  0.755993E-01
