  0.185551E+00  0.840430E+02  0.716673E+00
  0.188285E+00  0.836223E+02  0.681528E+00
  0.191019E+00  0.833206E+02  0.663766E+00
  0.193753E+00  0.825178E+02  0.651844E+00
  0.196487E+00  0.815062E+02  0.632975E+00
  0.199221E+00  0.808843E+02  0.623692E+00
  0.201955E+00  0.800719E+02  0.587101E+00
  0.204689E+00  0.793558E+02  0.586477E+00
  0.207423E+00  0.788619E+02  0.567397E+00
  0.210157E+00  0.781483E+02  0.562255E+00
  0.212891E+00  0.780795E+02  0.545695E+00
  0.215625E+00  0.762748E+02  0.527106E+00
  0.218359E+00  0.762302E+02  0.526921E+00
  0.221093E+00  0.751885E+02  0.508171E+00
  0.223827E+00  0.744054E+02  0.498102E+00
  0.226561E+00  0.741958E+02  0.491505E+00
  0.229295E+00  0.729718E+02  0.479327E+00
  0.232029E+00  0.731084E+02  0.480342E+00
  0.234764E+00  0.721765E+02  0.460277E+00
  0.237498E+00  0.722683E+02  0.468324E+00
  0.240232E+00  0.706764E+02  0.450419E+00
  0.242966E+00  0.699023E+02  0.444732E+00
  0.245700E+00  0.698701E+02  0.444931E+00
  0.248434E+00  0.687319E+02  0.425414E+00
  0.251168E+00  0.679852E+02  0.428193E+00
  0.253902E+00  0.672258E+02  0.419236E+00
  0.256636E+00  0.668257E+02  0.411731E+00
  0.259370E+00  0.656487E+02  0.401404E+00
  0.262104E+00  0.651342E+02  0.389950E+00
  0.264838E+00  0.645450E+02  0.391689E+00
  0.267572E+00  0.642446E+02  0.382799E+00
  0.270306E+00  0.633890E+02  0.376196E+00
  0.273040E+00  0.623107E+02  0.371116E+00
  0.275774E+00  0.620752E+02  0.360922E+00
  0.278508E+00  0.608997E+02  0.363498E+00
  0.281242E+00  0.607661E+02  0.352045E+00
  0.283976E+00  0.604885E+02  0.352005E+00
  0.286710E+00  0.593126E+02  0.346789E+00
  0.289444E+00  0.593835E+02  0.341306E+00
  0.292178E+00  0.586106E+02  0.338955E+00
  0.294912E+00  0.579999E+02  0.331034E+00
  0.297647E+00  0.572144E+02  0.328792E+00
  0.300381E+00  0.569975E+02  0.326612E+00
  0.303115E+00  0.562927E+02  0.320656E+00
  0.305849E+00  0.555682E+02  0.316047E+00
  0.308583E+00  0.547517E+02  0.311573E+00
  0.311317E+00  0.543097E+02  0.307956E+00
  0.314051E+00  0.534810E+02  0.305051E+00
  0.316785E+00  0.531969E+02  0.299183E+00
  0.319519E+00  0.524847E+02  0.297566E+00
  0.322253E+00  0.523468E+02  0.296448E+00
  0.324987E+00  0.513921E+02  0.290860E+00
  0.327721E+00  0.511376E+02  0.286921E+00
  0.330455E+00  0.507328E+02  0.283819E+00
  0.333189E+00  0.499583E+02  0.282225E+00
  0.335923E+00  0.495103E+02  0.280185E+00
  0.338657E+00  0.488055E+02  0.274679E+00
  0.341391E+00  0.485218E+02  0.270926E+00
  0.344125E+00  0.477300E+02  0.270535E+00
  0.346859E+00  0.475018E+02  0.269434E+00
  0.349593E+00  0.469065E+02  0.268663E+00
  0.352327E+00  0.463752E+02  0.262133E+00
  0.355061E+00  0.459056E+02  0.259742E+00
  0.357795E+00  0.455539E+02  0.258981E+00
  0.360530E+00  0.452380E+02  0.258562E+00
  0.363264E+00  0.441941E+02  0.255332E+00
  0.365998E+00  0.441178E+02  0.249872E+00
  0.368732E+00  0.435154E+02  0.249842E+00
  0.371466E+00  0.429227E+02  0.249650E+00
  0.374200E+00  0.423925E+02  0.243217E+00
  0.376934E+00  0.423925E+02  0.244993E+00
  0.379668E+00  0.414611E+02  0.240111E+00
  0.382402E+00  0.410352E+02  0.239295E+00
  0.385136E+00  0.411685E+02  0.239903E+00
  0.387870E+00  0.402878E+02  0.233418E+00
  0.390604E+00  0.397902E+02  0.234110E+00
  0.393338E+00  0.393773E+02  0.230172E+00
  0.396072E+00  0.391403E+02  0.230056E+00
  0.398806E+00  0.385848E+02  0.225354E+00
  0.401540E+00  0.385152E+02  0.226901E+00
  0.404274E+00  0.380158E+02  0.226112E+00
  0.407008E+00  0.374934E+02  0.222317E+00
  0.409742E+00  0.369031E+02  0.219253E+00
  0.412476E+00  0.363569E+02  0.216603E+00
  0.415210E+00  0.363318E+02  0.217484E+00
  0.417944E+00  0.353724E+02  0.215818E+00
  0.420678E+00  0.353457E+02  0.210398E+00
  0.423413E+00  0.346753E+02  0.211704E+00
  0.426147E+00  0.345152E+02  0.206435E+00
  0.428881E+00  0.340529E+02  0.207532E+00
  0.431615E+00  0.334765E+02  0.205509E+00
  0.434349E+00  0.327749E+02  0.200842E+00
  0.437083E+00  0.327286E+02  0.203533E+00
  0.439817E+00  0.322265E+02  0.198818E+00
  0.442551E+00  0.321864E+02  0.199728E+00
  0.445285E+00  0.314867E+02  0.194652E+00
  0.448019E+00  0.313185E+02  0.195527E+00
  0.450753E+00  0.310106E+02  0.195113E+00
  0.453487E+00  0.305599E+02  0.191225E+00
  0.456221E+00  0.300217E+02  0.190540E+00
  0.458955E+00  0.297870E+02  0.187029E+00
  0.461689E+00  0.295001E+02  0.188297E+00
  0.464423E+00  0.290006E+02  0.186341E+00
  0.467157E+00  0.288743E+02  0.182811E+00
  0.469891E+00  0.282913E+02  0.183228E+00
  0.472625E+00  0.279354E+02  0.181003E+00
  0.475359E+00  0.277775E+02  0.180255E+00
  0.478093E+00  0.272316E+02  0.177009E+00
  0.480827E+00  0.268346E+02  0.175426E+00
  0.483561E+00  0.265880E+02  0.176231E+00
  0.486296E+00  0.263058E+02  0.173841E+00
  0.489030E+00  0.259039E+02  0.173066E+00
  0.491764E+00  0.254073E+02  0.169500E+00
  0.494498E+00  0.252434E+02  0.168592E+00
  0.497232E+00  0.250231E+02  0.169163E+00
  0.499966E+00  0.248353E+02  0.167106E+00
  0.502700E+00  0.243361E+02  0.164696E+00
  0.505434E+00  0.237946E+02  0.163300E+00
  0.508168E+00  0.236864E+02  0.163495E+00
  0.510902E+00  0.235964E+02  0.163330E+00
  0.513636E+00  0.231840E+02  0.159651E+00
  0.516370E+00  0.229379E+02  0.160358E+00
  0.519104E+00  0.228656E+02  0.159966E+00
  0.521838E+00  0.222081E+02  0.157526E+00
  0.524572E+00  0.217051E+02  0.156310E+00
  0.527306E+00  0.216183E+02  0.154309E+00
  0.530040E+00  0.215969E+02  0.155249E+00
  0.532774E+00  0.212823E+02  0.151942E+00
  0.535508E+00  0.211763E+02  0.153158E+00
  0.538242E+00  0.209406E+02  0.152779E+00
  0.540976E+00  0.205410E+02  0.149942E+00
  0.543710E+00  0.201098E+02  0.149624E+00
  0.546445E+00  0.200493E+02  0.147654E+00
  0.549179E+00  0.197883E+02  0.147909E+00
  0.551913E+00  0.194749E+02  0.144969E+00
  0.554647E+00  0.191713E+02  0.144566E+00
  0.557381E+00  0.190034E+02  0.144167E+00
  0.560115E+00  0.188165E+02  0.141142E+00
  0.562849E+00  0.184074E+02  0.140303E+00
  0.565583E+00  0.181798E+02  0.139872E+00
  0.568317E+00  0.179313E+02  0.140159E+00
  0.571051E+00  0.177524E+02  0.137916E+00
  0.573785E+00  0.176213E+02  0.137815E+00
  0.576519E+00  0.172195E+02  0.136059E+00
  0.579253E+00  0.169942E+02  0.135911E+00
  0.581987E+00  0.167305E+02  0.133344E+00
  0.584721E+00  0.166645E+02  0.134420E+00
  0.587455E+00  0.162779E+02  0.132951E+00
  0.590189E+00  0.161633E+02  0.131475E+00
  0.592923E+00  0.159453E+02  0.131570E+00
  0.595657E+00  0.154591E+02  0.128674E+00
  0.598391E+00  0.154504E+02  0.128640E+00
  0.601125E+00  0.153010E+02  0.128827E+00
  0.603859E+00  0.149061E+02  0.127135E+00
  0.606593E+00  0.149282E+02  0.126005E+00
  0.609328E+00  0.147056E+02  0.126083E+00
  0.612062E+00  0.143887E+02  0.124242E+00
  0.614796E+00  0.141784E+02  0.124900E+00
  0.617530E+00  0.141198E+02  0.122874E+00
  0.620264E+00  0.138499E+02  0.122826E+00
  0.622998E+00  0.136684E+02  0.122131E+00
  0.625732E+00  0.132018E+02  0.120187E+00
  0.628466E+00  0.131346E+02  0.118334E+00
  0.631200E+00  0.130163E+02  0.117617E+00
  0.633934E+00  0.127304E+02  0.119149E+00
  0.636668E+00  0.125431E+02  0.117474E+00
  0.639402E+00  0.124765E+02  0.116270E+00
  0.642136E+00  0.122730E+02  0.115316E+00
  0.644870E+00  0.123059E+02  0.114790E+00
  0.647604E+00  0.118773E+02  0.115138E+00
  0.650338E+00  0.117411E+02  0.113422E+00
  0.653072E+00  0.115536E+02  0.111133E+00
  0.655806E+00  0.114328E+02  0.113127E+00
  0.658540E+00  0.112205E+02  0.110314E+00
  0.661274E+00  0.113187E+02  0.112655E+00
  0.664008E+00  0.107877E+02  0.108416E+00
  0.666742E+00  0.107180E+02  0.108357E+00
  0.669476E+00  0.105116E+02  0.108309E+00
  0.672211E+00  0.104403E+02  0.108076E+00
  0.674945E+00  0.101142E+02  0.107686E+00
  0.677679E+00  0.101308E+02  0.104477E+00
  0.680413E+00  0.994712E+01  0.106587E+00
  0.683147E+00  0.981079E+01  0.106023E+00
  0.685881E+00  0.980911E+01  0.104901E+00
  0.688615E+00  0.960618E+01  0.105080E+00
  0.691349E+00  0.934261E+01  0.102818E+00
  0.694083E+00  0.929414E+01  0.102977E+00
  0.696817E+00  0.913296E+01  0.102088E+00
  0.699551E+00  0.890326E+01  0.100366E+00
  0.702285E+00  0.867984E+01  0.100719E+00
  0.705019E+00  0.859380E+01  0.100714E+00
  0.707753E+00  0.862497E+01  0.100692E+00
  0.710487E+00  0.820935E+01  0.977926E-01
  0.713221E+00  0.826368E+01  0.985742E-01
  0.715955E+00  0.827762E+01  0.985948E-01
  0.718689E+00  0.793269E+01  0.978705E-01
  0.721423E+00  0.803213E+01  0.976064E-01
  0.724157E+00  0.782195E+01  0.964798E-01
  0.726891E+00  0.760103E+01  0.952557E-01
  0.729625E+00  0.766340E+01  0.957367E-01
  0.732359E+00  0.748271E+01  0.947511E-01
  0.735094E+00  0.735639E+01  0.942467E-01
  0.737828E+00  0.714579E+01  0.923294E-01
  0.740562E+00  0.703174E+01  0.927883E-01
  0.743296E+00  0.690658E+01  0.928667E-01
  0.746030E+00  0.673565E+01  0.912903E-01
  0.748764E+00  0.674779E+01  0.908050E-01
  0.751498E+00  0.674947E+01  0.912180E-01
  0.754232E+00  0.657367E+01  0.912223E-01
  0.756966E+00  0.656693E+01  0.899643E-01
  0.759700E+00  0.642993E+01  0.899730E-01
  0.762434E+00  0.630343E+01  0.899735E-01
  0.765168E+00  0.619589E+01  0.895626E-01
  0.767902E+00  0.618534E+01  0.888293E-01
  0.770636E+00  0.607453E+01  0.883622E-01
  0.773370E+00  0.589132E+01  0.884031E-01
  0.776104E+00  0.587792E+01  0.878326E-01
  0.778838E+00  0.585348E+01  0.873856E-01
  0.781572E+00  0.573452E+01  0.860758E-01
  0.784306E+00  0.565230E+01  0.862679E-01
  0.787040E+00  0.552566E+01  0.864707E-01
  0.789774E+00  0.545021E+01  0.853410E-01
  0.792508E+00  0.538987E+01  0.853145E-01
  0.795242E+00  0.534272E+01  0.858552E-01
  0.797977E+00  0.514319E+01  0.852455E-01
  0.800711E+00  0.508538E+01  0.869346E-01
  0.803445E+00  0.502842E+01  0.841906E-01
  0.806179E+00  0.500154E+01  0.861239E-01
  0.808913E+00  0.498723E+01  0.853366E-01
  0.811647E+00  0.485910E+01  0.853793E-01
  0.814381E+00  0.475735E+01  0.843162E-01
  0.817115E+00  0.460751E+01  0.839383E-01
  0.819849E+00  0.452178E+01  0.851886E-01
  0.822583E+00  0.454770E+01  0.845257E-01
  0.825317E+00  0.448457E+01  0.845830E-01
  0.828051E+00  0.450779E+01  0.840600E-01
  0.830785E+00  0.432079E+01  0.831518E-01
  0.833519E+00  0.440741E+01  0.849424E-01
  0.836253E+00  0.421703E+01  0.835334E-01
  0.838987E+00  0.420963E+01  0.837461E-01
  0.841721E+00  0.413211E+01  0.841561E-01
  0.844455E+00  0.418044E+01  0.833263E-01
  0.847189E+00  0.403659E+01  0.839139E-01
  0.849923E+00  0.391401E+01  0.815807E-01
  0.852657E+00  0.398206E+01  0.833800E-01
  0.855391E+00  0.382213E+01  0.832267E-01
  0.858125E+00  0.385532E+01  0.838607E-01
  0.860860E+00  0.367688E+01  0.825794E-01
  0.863594E+00  0.387993E+01  0.821248E-01
  0.866328E+00  0.361960E+01  0.826152E-01
  0.869062E+00  0.364150E+01  0.825277E-01
  0.871796E+00  0.364484E+01  0.826242E-01
  0.874530E+00  0.364912E+01  0.822130E-01
  0.877264E+00  0.354002E+01  0.819616E-01
  0.879998E+00  0.354892E+01  0.829226E-01
  0.882732E+00  0.355043E+01  0.828687E-01
  0.885466E+00  0.333334E+01  0.810449E-01
  0.888200E+00  0.339088E+01  0.814383E-01
  0.890934E+00  0.340540E+01  0.811971E-01
  0.893668E+00  0.337315E+01  0.821484E-01
  0.896402E+00  0.326017E+01  0.813813E-01
  0.899136E+00  0.326135E+01  0.806672E-01
  0.901870E+00  0.313549E+01  0.809737E-01
  0.904604E+00  0.317765E+01  0.816537E-01
  0.907338E+00  0.306525E+01  0.801718E-01
  0.910072E+00  0.317362E+01  0.812334E-01
  0.912806E+00  0.300983E+01  0.805651E-01
  0.915540E+00  0.295471E+01  0.799501E-01
  0.918274E+00  0.304840E+01  0.814472E-01
  0.921009E+00  0.284253E+01  0.808685E-01
  0.923743E+00  0.306424E+01  0.812643E-01
  0.926477E+00  0.295056E+01  0.811192E-01
  0.929211E+00  0.292080E+01  0.791507E-01
  0.931945E+00  0.300106E+01  0.806702E-01
  0.934679E+00  0.283820E+01  0.797194E-01
  0.937413E+00  0.296992E+01  0.806860E-01
  0.940147E+00  0.280671E+01  0.804744E-01
  0.942881E+00  0.279869E+01  0.794693E-01
  0.945615E+00  0.273882E+01  0.804975E-01
  0.948349E+00  0.282889E+01  0.795448E-01
  0.951083E+00  0.271205E+01  0.798829E-01
  0.953817E+00  0.261175E+01  0.796955E-01
  0.956551E+00  0.252647E+01  0.794441E-01
  0.959285E+00  0.271705E+01  0.802549E-01
  0.962019E+00  0.268854E+01  0.787665E-01
  0.964753E+00  0.268690E+01  0.802865E-01
  0.967487E+00  0.258417E+01  0.791673E-01
  0.970221E+00  0.246876E+01  0.791485E-01
  0.972955E+00  0.260906E+01  0.794725E-01
  0.975689E+00  0.254598E+01  0.785812E-01
  0.978423E+00  0.254566E+01  0.800373E-01
  0.981157E+00  0.251015E+01  0.789671E-01
  0.983892E+00  0.251738E+01  0.801940E-01
  0.986626E+00  0.246944E+01  0.791702E-01
  0.989360E+00  0.256744E+01  0.790834E-01
  0.992094E+00  0.250477E+01  0.799015E-01
  0.994828E+00  0.230110E+01  0.780480E-01
  0.997562E+00  0.246400E+01  0.791601E-01
  0.100030E+01  0.236131E+01  0.776682E-01
  0.100303E+01  0.219266E+01  0.786232E-01
  0.100576E+01  0.231954E+01  0.786925E-01
  0.100850E+01  0.243712E+01  0.791756E-01
  0.101123E+01  0.223632E+01  0.785705E-01
  0.101397E+01  0.236995E+01  0.780242E-01
  0.101670E+01  0.227813E+01  0.795005E-01
  0.101943E+01  0.228091E+01  0.789158E-01
  0.102217E+01  0.226857E+01  0.787100E-01
  0.102490E+01  0.230123E+01  0.794212E-01
  0.102764E+01  0.233891E+01  0.773136E-01
  0.103037E+01  0.219346E+01  0.789593E-01
  0.103310E+01  0.223215E+01  0.781305E-01
  0.103584E+01  0.231392E+01  0.787010E-01
  0.103857E+01  0.220722E+01  0.789483E-01
  0.104131E+01  0.210933E+01  0.778153E-01
  0.104404E+01  0.228991E+01  0.793345E-01
  0.104677E+01  0.219077E+01  0.774323E-01
  0.104951E+01  0.210016E+01  0.779078E-01
  0.105224E+01  0.218233E+01  0.780058E-01
  0.105498E+01  0.218853E+01  0.775032E-01
  0.105771E+01  0.216926E+01  0.785194E-01
  0.106044E+01  0.212698E+01  0.775171E-01
  0.106318E+01  0.235246E+01  0.784033E-01
  0.106591E+01  0.209284E+01  0.770125E-01
  0.106865E+01  0.205888E+01  0.770790E-01
  0.107138E+01  0.211643E+01  0.783779E-01
  0.107411E+01  0.210535E+01  0.768802E-01
  0.107685E+01  0.210876E+01  0.780368E-01
  0.107958E+01  0.213072E+01  0.771742E-01
  0.108232E+01  0.210061E+01  0.769891E-01
  0.108505E+01  0.211282E+01  0.779311E-01
  0.108779E+01  0.196801E+01  0.767804E-01
  0.109052E+01  0.212757E+01  0.785477E-01
  0.109325E+01  0.190742E+01  0.764769E-01
  0.109599E+01  0.203909E+01  0.779681E-01
  0.109872E+01  0.203239E+01  0.775805E-01
  0.110146E+01  0.205702E+01  0.775523E-01
  0.110419E+01  0.197282E+01  0.777994E-01
  0.110692E+01  0.205974E+01  0.773500E-01
  0.110966E+01  0.193799E+01  0.773820E-01
  0.111239E+01  0.207452E+01  0.773674E-01
  0.111513E+01  0.209745E+01  0.766333E-01
  0.111786E+01  0.199806E+01  0.776855E-01
  0.112059E+01  0.198622E+01  0.765761E-01
  0.112333E+01  0.200333E+01  0.770904E-01
  0.112606E+01  0.201138E+01  0.777321E-01
  0.112880E+01  0.193735E+01  0.765399E-01
  0.113153E+01  0.198551E+01  0.770859E-01
  0.113426E+01  0.203160E+01  0.770270E-01
  0.113700E+01  0.196366E+01  0.766310E-01
  0.113973E+01  0.185286E+01  0.766669E-01
  0.114247E+01  0.197542E+01  0.768353E-01
  0.114520E+01  0.186472E+01  0.766054E-01
  0.114793E+01  0.188690E+01  0.771586E-01
  0.115067E+01  0.186385E+01  0.763721E-01
  0.115340E+01  0.190021E+01  0.769710E-01
  0.115614E+01  0.197103E+01  0.768320E-01
  0.115887E+01  0.179699E+01  0.759999E-01
  0.116160E+01  0.189638E+01  0.765399E-01
  0.116434E+01  0.182049E+01  0.761451E-01
  0.116707E+01  0.184635E+01  0.769811E-01
  0.116981E+01  0.186959E+01  0.762363E-01
  0.117254E+01  0.185684E+01  0.760213E-01
  0.117527E+01  0.181798E+01  0.763562E-01
  0.117801E+01  0.182611E+01  0.763966E-01
  0.118074E+01  0.176826E+01  0.765118E-01
  0.118348E+01  0.179519E+01  0.762705E-01
  0.118621E+01  0.178501E+01  0.757826E-01
  0.118894E+01  0.180602E+01  0.760109E-01
  0.119168E+01  0.180320E+01  0.761054E-01
  0.119441E+01  0.180562E+01  0.764908E-01
  0.119715E+01  0.170250E+01  0.756705E-01
  0.119988E+01  0.184882E+01  0.757874E-01
  0.120262E+01  0.171694E+01  0.755823E-01
  0.120535E+01  0.177276E+01  0.752924E-01
  0.120808E+01  0.167555E+01  0.752296E-01
  0.121082E+01  0.183739E+01  0.756379E-01
  0.121355E+01  0.187825E+01  0.764955E-01
  0.121629E+01  0.178165E+01  0.762884E-01
  0.121902E+01  0.173470E+01  0.753079E-01
  0.122175E+01  0.160454E+01  0.752213E-01
  0.122449E+01  0.178239E+01  0.754218E-01
  0.122722E+01  0.159237E+01  0.757263E-01
  0.122996E+01  0.175833E+01  0.809376E-01
  0.123269E+01  0.171470E+01  0.831173E-01
  0.123816E+01  0.171358E+01  0.849387E-01
  0.124089E+01  0.158665E+01  0.867190E-01
  0.124363E+01  0.155568E+01  0.888880E-01
  0.124636E+01  0.165677E+01  0.903214E-01
  0.124909E+01  0.155524E+01  0.915379E-01
  0.125183E+01  0.166944E+01  0.933285E-01
  0.125456E+01  0.168072E+01  0.919160E-01
  0.125730E+01  0.145297E+01  0.937569E-01
  0.126003E+01  0.163394E+01  0.967069E-01
  0.126276E+01  0.181367E+01  0.989451E-01
  0.126550E+01  0.160452E+01  0.893044E-01
  0.126823E+01  0.141766E+01  0.861271E-01
  0.127097E+01  0.162790E+01  0.847702E-01
  0.127370E+01  0.157702E+01  0.833171E-01
  0.127643E+01  0.146491E+01  0.813177E-01
  0.127917E+01  0.162037E+01  0.815486E-01
  0.128190E+01  0.147672E+01  0.800154E-01
  0.128464E+01  0.148402E+01  0.800310E-01
  0.128737E+01  0.151638E+01  0.796921E-01
  0.129010E+01  0.163844E+01  0.793245E-01
  0.129284E+01  0.156838E+01  0.782440E-01
  0.129557E+01  0.158372E+01  0.781274E-01
  0.129831E+01  0.150977E+01  0.768858E-01
  0.130104E+01  0.148258E+01  0.773784E-01
  0.130377E+01  0.135991E+01  0.760560E-01
  0.130651E+01  0.135007E+01  0.758852E-01
  0.130924E+01  0.166084E+01  0.772041E-01
  0.131198E+01  0.151299E+01  0.765891E-01
  0.131471E+01  0.155553E+01  0.759981E-01
  0.131744E+01  0.146132E+01  0.753838E-01
  0.132018E+01  0.145568E+01  0.757935E-01
  0.132291E+01  0.145905E+01  0.761747E-01
  0.132565E+01  0.141723E+01  0.750528E-01
  0.132838E+01  0.139147E+01  0.746676E-01
  0.133112E+01  0.152362E+01  0.750711E-01
  0.133385E+01  0.137428E+01  0.753344E-01
  0.133658E+01  0.146319E+01  0.764904E-01
  0.133932E+01  0.135639E+01  0.740361E-01
  0.134205E+01  0.126982E+01  0.752168E-01
  0.134479E+01  0.141634E+01  0.748827E-01
  0.134752E+01  0.137953E+01  0.755475E-01
  0.135025E+01  0.132344E+01  0.748270E-01
  0.135299E+01  0.135934E+01  0.749057E-01
  0.135572E+01  0.128951E+01  0.747093E-01
  0.135846E+01  0.121867E+01  0.747585E-01
  0.136119E+01  0.129118E+01  0.737389E-01
  0.136392E+01  0.130261E+01  0.743518E-01
  0.136666E+01  0.130128E+01  0.744775E-01
  0.136939E+01  0.125714E+01  0.743485E-01
  0.137213E+01  0.116528E+01  0.734231E-01
  0.137486E+01  0.125071E+01  0.741321E-01
  0.137759E+01  0.135311E+01  0.741043E-01
  0.138033E+01  0.115003E+01  0.743822E-01
  0.138306E+01  0.120431E+01  0.744545E-01
  0.138580E+01  0.112542E+01  0.734917E-01
  0.138853E+01  0.117058E+01  0.736216E-01
  0.139126E+01  0.129418E+01  0.736712E-01
  0.139400E+01  0.118267E+01  0.730872E-01
  0.139673E+01  0.114285E+01  0.742179E-01
  0.139947E+01  0.119228E+01  0.737702E-01
  0.140220E+01  0.121568E+01  0.735137E-01
  0.140493E+01  0.105410E+01  0.736471E-01
  0.140767E+01  0.120537E+01  0.731157E-01
  0.141040E+01  0.117066E+01  0.730964E-01
  0.141314E+01  0.102102E+01  0.738427E-01
  0.141587E+01  0.110762E+01  0.728849E-01
  0.141860E+01  0.121989E+01  0.735349E-01
  0.142134E+01  0.971753E+00  0.725872E-01
  0.142407E+01  0.990233E+00  0.728768E-01
  0.142681E+01  0.113832E+01  0.734514E-01
  0.142954E+01  0.109883E+01  0.725447E-01
  0.143227E+01  0.995348E+00  0.720393E-01
  0.143501E+01  0.989024E+00  0.734003E-01
  0.143774E+01  0.102961E+01  0.724442E-01
  0.144048E+01  0.953504E+00  0.724631E-01
  0.144321E+01  0.100303E+01  0.717145E-01
  0.144594E+01  0.908732E+00  0.727032E-01
  0.144868E+01  0.100027E+01  0.726319E-01
  0.145141E+01  0.114479E+01  0.729550E-01
  0.145415E+01  0.879458E+00  0.718126E-01
  0.145688E+01  0.967974E+00  0.721902E-01
  0.145962E+01  0.920592E+00  0.720196E-01
  0.146235E+01  0.103669E+01  0.715099E-01
  0.146508E+01  0.924250E+00  0.716361E-01
  0.146782E+01  0.782905E+00  0.713596E-01
  0.147055E+01  0.965903E+00  0.712656E-01
  0.147329E+01  0.955426E+00  0.709672E-01
  0.147602E+01  0.873248E+00  0.705922E-01
  0.147875E+01  0.881672E+00  0.700812E-01
  0.148149E+01  0.817367E+00  0.700930E-01
  0.148422E+01  0.987555E+00  0.703127E-01
  0.148696E+01  0.865505E+00  0.704255E-01
  0.148969E+01  0.934556E+00  0.694048E-01
  0.149242E+01  0.804968E+00  0.700457E-01
  0.149516E+01  0.901131E+00  0.703434E-01
  0.149789E+01  0.848515E+00  0.698349E-01
  0.150063E+01  0.917846E+00  0.699927E-01
  0.150336E+01  0.893653E+00  0.699721E-01
  0.150609E+01  0.893804E+00  0.702728E-01
  0.150883E+01  0.877494E+00  0.700690E-01
  0.151156E+01  0.830619E+00  0.698481E-01
  0.151430E+01  0.922566E+00  0.699706E-01
  0.151703E+01  0.693415E+00  0.704816E-01
  0.151976E+01  0.800606E+00  0.692139E-01
  0.152250E+01  0.830190E+00  0.694556E-01
  0.152523E+01  0.713732E+00  0.691746E-01
  0.152797E+01  0.786026E+00  0.697467E-01
  0.153070E+01  0.788079E+00  0.694250E-01
  0.153343E+01  0.759017E+00  0.691561E-01
  0.153617E+01  0.641436E+00  0.696433E-01
  0.153890E+01  0.695546E+00  0.687349E-01
  0.154164E+01  0.822724E+00  0.700434E-01
  0.154437E+01  0.577201E+00  0.686591E-01
  0.154710E+01  0.832106E+00  0.691535E-01
  0.154984E+01  0.730740E+00  0.692705E-01
  0.155257E+01  0.784221E+00  0.693723E-01
  0.155531E+01  0.715584E+00  0.689170E-01
  0.155804E+01  0.756468E+00  0.695068E-01
  0.156077E+01  0.604724E+00  0.689052E-01
  0.156351E+01  0.730524E+00  0.697278E-01
  0.156624E+01  0.721199E+00  0.691335E-01
  0.156898E+01  0.733990E+00  0.687426E-01
  0.157171E+01  0.734256E+00  0.688130E-01
  0.157444E+01  0.773999E+00  0.695979E-01
  0.157718E+01  0.667401E+00  0.693546E-01
  0.157991E+01  0.589290E+00  0.687629E-01
  0.158265E+01  0.535682E+00  0.685191E-01
  0.158538E+01  0.571151E+00  0.685922E-01
  0.158812E+01  0.659917E+00  0.684884E-01
  0.159085E+01  0.575917E+00  0.677704E-01
  0.159358E+01  0.586528E+00  0.684989E-01
  0.159632E+01  0.571644E+00  0.685518E-01
  0.159905E+01  0.600288E+00  0.681993E-01
  0.160179E+01  0.635459E+00  0.687972E-01
  0.160452E+01  0.633270E+00  0.683875E-01
  0.160725E+01  0.599276E+00  0.681657E-01
  0.160999E+01  0.575406E+00  0.681787E-01
  0.161272E+01  0.555320E+00  0.687287E-01
  0.161546E+01  0.517292E+00  0.682999E-01
  0.161819E+01  0.478590E+00  0.678112E-01
  0.162092E+01  0.490606E+00  0.683968E-01
  0.162366E+01  0.505995E+00  0.683455E-01
  0.162639E+01  0.566526E+00  0.681981E-01
  0.162913E+01  0.581712E+00  0.674088E-01
  0.163186E+01  0.476279E+00  0.676779E-01
  0.163459E+01  0.507441E+00  0.682471E-01
  0.163733E+01  0.573651E+00  0.686142E-01
  0.164006E+01  0.542854E+00  0.672253E-01
  0.164280E+01  0.545678E+00  0.682502E-01
  0.164553E+01  0.547415E+00  0.685785E-01
  0.164826E+01  0.514889E+00  0.681352E-01
  0.165100E+01  0.496493E+00  0.669705E-01
  0.165373E+01  0.525716E+00  0.679235E-01
  0.165647E+01  0.499798E+00  0.694073E-01
  0.165920E+01  0.534658E+00  0.681253E-01
  0.166193E+01  0.504529E+00  0.680499E-01
  0.166467E+01  0.482630E+00  0.672129E-01
  0.166740E+01  0.514479E+00  0.674156E-01
  0.167014E+01  0.539694E+00  0.682323E-01
  0.167287E+01  0.511182E+00  0.678691E-01
  0.167560E+01  0.437128E+00  0.669275E-01
  0.167834E+01  0.462568E+00  0.679983E-01
  0.168107E+01  0.480527E+00  0.677630E-01
  0.168381E+01  0.532979E+00  0.683757E-01
  0.168654E+01  0.553214E+00  0.671880E-01
  0.168927E+01  0.496290E+00  0.676806E-01
  0.169201E+01  0.356655E+00  0.670663E-01
  0.169474E+01  0.475196E+00  0.678407E-01
  0.169748E+01  0.463925E+00  0.663392E-01
  0.170021E+01  0.479254E+00  0.677115E-01
  0.170295E+01  0.456083E+00  0.674879E-01
  0.170568E+01  0.399353E+00  0.676459E-01
  0.170841E+01  0.439777E+00  0.670230E-01
  0.171115E+01  0.427221E+00  0.671757E-01
  0.171388E+01  0.354838E+00  0.673756E-01
  0.171662E+01  0.523457E+00  0.673190E-01
  0.171935E+01  0.482454E+00  0.673253E-01
  0.172208E+01  0.416810E+00  0.669200E-01
  0.172482E+01  0.385366E+00  0.669479E-01
  0.172755E+01  0.428362E+00  0.671869E-01
  0.173029E+01  0.409953E+00  0.679776E-01
  0.173302E+01  0.406269E+00  0.670681E-01
  0.173575E+01  0.460310E+00  0.674255E-01
  0.173849E+01  0.506153E+00  0.670087E-01
  0.174122E+01  0.405827E+00  0.671258E-01
  0.174396E+01  0.396631E+00  0.665032E-01
  0.174669E+01  0.386952E+00  0.667504E-01
  0.174942E+01  0.520678E+00  0.670096E-01
  0.175216E+01  0.407119E+00  0.667144E-01
  0.175489E+01  0.501960E+00  0.664963E-01
  0.175763E+01  0.480697E+00  0.667599E-01
  0.176036E+01  0.323272E+00  0.667869E-01
  0.176309E+01  0.306735E+00  0.665320E-01
  0.176583E+01  0.415168E+00  0.667875E-01
  0.176856E+01  0.334716E+00  0.669619E-01
  0.177130E+01  0.379014E+00  0.672003E-01
  0.177403E+01  0.441203E+00  0.667047E-01
  0.177676E+01  0.350905E+00  0.667485E-01
  0.177950E+01  0.445573E+00  0.666929E-01
  0.178223E+01  0.354784E+00  0.660291E-01
  0.178497E+01  0.308959E+00  0.666038E-01
  0.178770E+01  0.380671E+00  0.665186E-01
  0.179043E+01  0.369952E+00  0.667561E-01
  0.179317E+01  0.414055E+00  0.667642E-01
  0.179590E+01  0.350607E+00  0.663750E-01
  0.179864E+01  0.327449E+00  0.668937E-01
  0.180137E+01  0.419701E+00  0.674211E-01
  0.180410E+01  0.391046E+00  0.665486E-01
  0.180684E+01  0.371998E+00  0.662123E-01
  0.180957E+01  0.347124E+00  0.669056E-01
  0.181231E+01  0.242029E+00  0.666998E-01
  0.181504E+01  0.293699E+00  0.663950E-01
  0.181777E+01  0.299544E+00  0.657948E-01
  0.182051E+01  0.412988E+00  0.672380E-01
  0.182324E+01  0.246617E+00  0.662975E-01
  0.182598E+01  0.420850E+00  0.663436E-01
  0.182871E+01  0.359740E+00  0.660846E-01
  0.183145E+01  0.437861E+00  0.655390E-01
  0.183418E+01  0.309571E+00  0.669764E-01
  0.183691E+01  0.276182E+00  0.672219E-01
  0.183965E+01  0.369142E+00  0.666604E-01
  0.184238E+01  0.331860E+00  0.663525E-01
  0.184512E+01  0.334961E+00  0.659011E-01
  0.184785E+01  0.227790E+00  0.664976E-01
  0.185058E+01  0.354735E+00  0.661172E-01
  0.185332E+01  0.258168E+00  0.665657E-01
  0.185605E+01  0.255196E+00  0.656787E-01
  0.185879E+01  0.379019E+00  0.662918E-01
  0.186152E+01  0.322393E+00  0.660222E-01
  0.186425E+01  0.305097E+00  0.659861E-01
  0.186699E+01  0.274757E+00  0.661878E-01
  0.186972E+01  0.292106E+00  0.668376E-01
  0.187246E+01  0.219530E+00  0.655866E-01
  0.187519E+01  0.347175E+00  0.660481E-01
  0.187792E+01  0.271989E+00  0.655382E-01
  0.188066E+01  0.364331E+00  0.657406E-01
  0.188339E+01  0.288737E+00  0.658521E-01
  0.188613E+01  0.339106E+00  0.662702E-01
  0.188886E+01  0.210795E+00  0.652227E-01
  0.189159E+01  0.320217E+00  0.656000E-01
  0.189433E+01  0.381351E+00  0.659350E-01
  0.189706E+01  0.339993E+00  0.658780E-01
  0.189980E+01  0.360459E+00  0.658475E-01
  0.190253E+01  0.156096E+00  0.648535E-01
  0.190526E+01  0.247079E+00  0.661263E-01
  0.190800E+01  0.351403E+00  0.657294E-01
  0.191073E+01  0.225774E+00  0.653649E-01
  0.191347E+01  0.227373E+00  0.659379E-01
  0.191620E+01  0.210863E+00  0.655410E-01
  0.191893E+01  0.335971E+00  0.656260E-01
  0.192167E+01  0.403646E+00  0.660125E-01
  0.192440E+01  0.330926E+00  0.655490E-01
  0.192714E+01  0.213719E+00  0.653999E-01
  0.192987E+01  0.182534E+00  0.652611E-01
  0.193260E+01  0.232987E+00  0.653013E-01
  0.193534E+01  0.239970E+00  0.655452E-01
  0.193807E+01  0.224532E+00  0.649758E-01
  0.194081E+01  0.257440E+00  0.650130E-01
  0.194354E+01  0.316206E+00  0.649269E-01
  0.194627E+01  0.291921E+00  0.655547E-01
  0.194901E+01  0.271244E+00  0.654878E-01
  0.195174E+01  0.380557E+00  0.653289E-01
  0.195448E+01  0.345767E+00  0.656120E-01
  0.195721E+01  0.169988E+00  0.650077E-01
  0.195995E+01  0.352855E+00  0.650188E-01
  0.196268E+01  0.233252E+00  0.656019E-01
  0.196541E+01  0.273530E+00  0.653752E-01
  0.196815E+01  0.289816E+00  0.651782E-01
  0.197088E+01  0.296974E+00  0.658387E-01
  0.197362E+01  0.294460E+00  0.654049E-01
  0.197635E+01  0.206701E+00  0.649149E-01
  0.197908E+01  0.273577E+00  0.654071E-01
  0.198182E+01  0.218537E+00  0.650719E-01
  0.198455E+01  0.285490E+00  0.647876E-01
  0.198729E+01  0.288701E+00  0.650430E-01
  0.199002E+01  0.280275E+00  0.657348E-01
  0.199275E+01  0.226887E+00  0.657446E-01
  0.199549E+01  0.127298E+00  0.645204E-01
  0.199822E+01  0.281789E+00  0.648817E-01
  0.200096E+01  0.292366E+00  0.648675E-01
  0.200369E+01  0.278609E+00  0.656677E-01
  0.200642E+01  0.275073E+00  0.650978E-01
  0.200916E+01  0.113722E+00  0.645219E-01
  0.201189E+01  0.223942E+00  0.651897E-01
  0.201463E+01  0.322056E+00  0.651969E-01
  0.201736E+01  0.352355E+00  0.655995E-01
  0.202009E+01  0.342916E+00  0.656024E-01
  0.202283E+01  0.239067E+00  0.648676E-01
  0.202556E+01  0.363220E+00  0.657024E-01
  0.202830E+01  0.198709E+00  0.643835E-01
  0.203103E+01  0.207035E+00  0.656863E-01
  0.203376E+01  0.227212E+00  0.657507E-01
  0.203650E+01  0.215089E+00  0.651170E-01
  0.203923E+01  0.315301E+00  0.645784E-01
  0.204197E+01  0.165919E+00  0.653909E-01
  0.204470E+01  0.256898E+00  0.650382E-01
  0.204743E+01  0.250002E+00  0.647564E-01
  0.205017E+01  0.194126E+00  0.646343E-01
  0.205290E+01  0.210124E+00  0.650616E-01
  0.205564E+01  0.112479E+00  0.653046E-01
  0.205837E+01  0.229868E+00  0.648894E-01
  0.206110E+01  0.259604E+00  0.650906E-01
  0.206384E+01  0.222613E+00  0.645472E-01
  0.206657E+01  0.246176E+00  0.648811E-01
  0.206931E+01  0.255499E+00  0.650794E-01
  0.207204E+01  0.214911E+00  0.649499E-01
  0.207477E+01  0.218023E+00  0.650682E-01
  0.207751E+01  0.296862E+00  0.644366E-01
  0.208024E+01  0.308554E+00  0.647379E-01
  0.208298E+01  0.207444E+00  0.649084E-01
  0.208571E+01  0.246485E+00  0.649635E-01
  0.208845E+01  0.265469E+00  0.649015E-01
  0.209118E+01  0.246775E+00  0.649305E-01
  0.209391E+01  0.179574E+00  0.644749E-01
  0.209665E+01  0.197960E+00  0.646048E-01
  0.209938E+01  0.272164E+00  0.642997E-01
  0.210212E+01  0.129450E+00  0.639623E-01
  0.210485E+01  0.214639E+00  0.652284E-01
  0.210758E+01  0.189647E+00  0.646104E-01
  0.211032E+01  0.126371E+00  0.644886E-01
  0.211305E+01  0.169120E+00  0.641289E-01
  0.211579E+01  0.207903E+00  0.643314E-01
  0.211852E+01  0.287772E+00  0.640349E-01
  0.212125E+01  0.229992E+00  0.646283E-01
  0.212399E+01  0.208664E+00  0.643230E-01
  0.212672E+01  0.212535E+00  0.649977E-01
  0.212946E+01  0.163558E+00  0.635443E-01
  0.213219E+01  0.157421E+00  0.644346E-01
  0.213492E+01  0.209578E+00  0.643284E-01
  0.213766E+01  0.319237E+00  0.643637E-01
  0.214039E+01  0.203473E+00  0.640657E-01
  0.214313E+01  0.175419E+00  0.643153E-01
  0.214586E+01  0.163581E+00  0.644123E-01
  0.214859E+01  0.306433E+00  0.641481E-01
  0.215133E+01  0.744187E-01  0.641777E-01
  0.215406E+01  0.153168E+00  0.642033E-01
  0.215680E+01  0.324299E+00  0.640345E-01
  0.215953E+01  0.132842E+00  0.640880E-01
  0.216226E+01  0.327559E+00  0.638439E-01
  0.216500E+01  0.256342E+00  0.637409E-01
  0.216773E+01  0.191091E+00  0.642488E-01
  0.217047E+01  0.126030E+00  0.639211E-01
  0.217320E+01  0.965709E-01  0.638746E-01
  0.217593E+01  0.181859E+00  0.641396E-01
  0.217867E+01  0.188395E+00  0.638520E-01
  0.218140E+01  0.105554E+00  0.639400E-01
  0.218414E+01  0.176992E+00  0.640566E-01
  0.218687E+01  0.125581E+00  0.641590E-01
  0.218960E+01  0.154068E+00  0.638936E-01
  0.219234E+01  0.173151E+00  0.634979E-01
  0.219507E+01  0.159663E+00  0.638261E-01
  0.219781E+01  0.106124E+00  0.632620E-01
  0.220054E+01  0.209582E+00  0.642952E-01
  0.220328E+01  0.180437E+00  0.643961E-01
  0.220601E+01  0.179123E+00  0.636948E-01
  0.220874E+01  0.188949E+00  0.640947E-01
  0.221148E+01  0.220212E+00  0.640808E-01
  0.221421E+01  0.106179E+00  0.632944E-01
  0.221695E+01  0.276630E+00  0.639834E-01
  0.221968E+01  0.212811E+00  0.636654E-01
  0.222241E+01  0.167470E+00  0.643922E-01
  0.222515E+01  0.134934E+00  0.633853E-01
  0.222788E+01  0.287057E+00  0.642590E-01
  0.223062E+01  0.112223E+00  0.634802E-01
  0.223335E+01  0.273298E+00  0.639696E-01
  0.223608E+01  0.197346E+00  0.635373E-01
  0.223882E+01  0.135653E+00  0.633719E-01
  0.224155E+01  0.190850E+00  0.641873E-01
  0.224429E+01  0.211868E+00  0.636315E-01
  0.224702E+01  0.204070E+00  0.638194E-01
  0.224975E+01  0.227556E+00  0.637628E-01
  0.225249E+01  0.167100E+00  0.629369E-01
  0.225522E+01  0.132518E+00  0.633914E-01
  0.225796E+01  0.175807E+00  0.630096E-01
  0.226069E+01  0.159138E+00  0.637611E-01
  0.226342E+01  0.416840E-01  0.634124E-01
  0.226616E+01  0.829577E-01  0.635597E-01
  0.226889E+01  0.103257E+00  0.634432E-01
  0.227163E+01  0.144748E+00  0.631382E-01
  0.227436E+01  0.218402E+00  0.632005E-01
  0.227709E+01  0.158995E+00  0.632962E-01
  0.227983E+01  0.281738E+00  0.638403E-01
  0.228256E+01  0.147436E+00  0.635205E-01
  0.228530E+01  0.244085E+00  0.631223E-01
  0.228803E+01  0.792286E-01  0.635890E-01
  0.229076E+01  0.169608E+00  0.638450E-01
  0.229350E+01  0.755352E-01  0.629784E-01
  0.229623E+01  0.223997E+00  0.630361E-01
  0.229897E+01  0.246053E+00  0.630701E-01
  0.230170E+01  0.158359E+00  0.629760E-01
  0.230443E+01  0.199971E+00  0.630238E-01
  0.230717E+01  0.187398E+00  0.631349E-01
  0.230990E+01  0.653331E-01  0.631157E-01
  0.231264E+01  0.157047E+00  0.635195E-01
  0.231537E+01  0.163135E+00  0.626742E-01
  0.231810E+01  0.155346E+00  0.631222E-01
  0.232084E+01  0.118109E+00  0.626556E-01
  0.232357E+01  0.142004E+00  0.632266E-01
  0.232631E+01  0.167417E+00  0.628363E-01
  0.232904E+01  0.151212E+00  0.627654E-01
  0.233178E+01  0.183747E+00  0.629319E-01
  0.233451E+01  0.210301E+00  0.633025E-01
  0.233724E+01  0.209049E+00  0.629288E-01
  0.233998E+01  0.125428E+00  0.630387E-01
  0.234271E+01  0.153154E+00  0.635897E-01
  0.234545E+01  0.121543E+00  0.634576E-01
  0.234818E+01  0.220866E+00  0.634295E-01
  0.235091E+01  0.149561E+00  0.625903E-01
  0.235365E+01  0.203255E+00  0.632599E-01
  0.235638E+01  0.107291E+00  0.628119E-01
  0.235912E+01  0.218776E+00  0.635734E-01
  0.236185E+01  0.188424E+00  0.629133E-01
  0.236458E+01  0.179908E+00  0.632547E-01
  0.236732E+01  0.178324E+00  0.631320E-01
  0.237005E+01  0.194697E+00  0.630059E-01
  0.237279E+01  0.143791E+00  0.624918E-01
  0.237552E+01  0.242853E+00  0.630259E-01
  0.237825E+01  0.184884E+00  0.631164E-01
  0.238099E+01  0.255155E+00  0.631763E-01
  0.238372E+01  0.182909E+00  0.624080E-01
  0.238646E+01  0.122821E+00  0.632847E-01
  0.238919E+01  0.245255E+00  0.630939E-01
  0.239192E+01  0.140725E+00  0.628641E-01
  0.239466E+01  0.127440E+00  0.630005E-01
  0.239739E+01  0.198639E+00  0.629431E-01
  0.240013E+01  0.153186E+00  0.629935E-01
  0.240286E+01  0.157370E+00  0.630991E-01
  0.240559E+01  0.123620E+00  0.625435E-01
  0.240833E+01  0.112062E+00  0.629147E-01
  0.241106E+01  0.148021E+00  0.628605E-01
  0.241380E+01  0.223155E+00  0.632931E-01
  0.241653E+01  0.262984E+00  0.624207E-01
  0.241926E+01  0.231350E+00  0.626557E-01
  0.242200E+01  0.157770E+00  0.621961E-01
  0.242473E+01  0.236356E+00  0.624597E-01
  0.242747E+01  0.208060E+00  0.626038E-01
  0.243020E+01  0.250784E+00  0.627519E-01
  0.243293E+01  0.100450E+00  0.624213E-01
  0.243567E+01  0.199207E+00  0.626279E-01
  0.243840E+01  0.146396E+00  0.617487E-01
  0.244114E+01  0.146437E+00  0.630821E-01
  0.244387E+01  0.245161E+00  0.624467E-01
  0.244660E+01  0.188575E+00  0.631987E-01
  0.244934E+01  0.155665E+00  0.622861E-01
  0.245207E+01  0.231270E+00  0.626376E-01
  0.245481E+01  0.119460E+00  0.625633E-01
  0.245754E+01  0.189247E+00  0.624674E-01
  0.246028E+01  0.159407E+00  0.624304E-01
  0.246301E+01  0.103383E+00  0.627364E-01
  0.246574E+01  0.210812E+00  0.626226E-01
  0.246848E+01  0.157680E+00  0.625651E-01
  0.247121E+01  0.197176E+00  0.625082E-01
  0.247395E+01  0.203276E+00  0.626226E-01
  0.247668E+01  0.186487E+00  0.625607E-01
  0.247941E+01  0.136471E+00  0.623251E-01
  0.248215E+01  0.125344E+00  0.621414E-01
  0.248488E+01  0.163346E+00  0.624360E-01
  0.248762E+01  0.973875E-01  0.625421E-01
  0.249035E+01  0.224022E+00  0.626640E-01
  0.249308E+01  0.139950E+00  0.616948E-01
  0.249582E+01  0.175127E+00  0.625797E-01
  0.249855E+01  0.196742E+00  0.621133E-01
  0.250129E+01  0.181562E+00  0.621402E-01
  0.250402E+01  0.143499E+00  0.625476E-01
  0.250675E+01  0.196595E+00  0.623945E-01
  0.250949E+01  0.269689E+00  0.627656E-01
  0.251222E+01  0.187890E+00  0.628070E-01
  0.251496E+01  0.266315E+00  0.628291E-01
  0.251769E+01  0.142350E+00  0.622682E-01
  0.252042E+01  0.210127E+00  0.623160E-01
  0.252316E+01  0.206514E+00  0.626687E-01
  0.252589E+01  0.199970E+00  0.623259E-01
  0.252863E+01  0.108503E+00  0.620705E-01
  0.253136E+01  0.102841E+00  0.623972E-01
  0.253409E+01  0.231263E+00  0.618609E-01
  0.253683E+01  0.855463E-01  0.620372E-01
  0.253956E+01  0.116389E+00  0.620478E-01
  0.254230E+01  0.226036E+00  0.623229E-01
  0.254503E+01  0.239061E+00  0.626772E-01
  0.254776E+01  0.236120E+00  0.621290E-01
  0.255050E+01  0.326965E+00  0.626496E-01
  0.255323E+01  0.194332E+00  0.621007E-01
  0.255597E+01  0.166017E+00  0.620815E-01
  0.255870E+01  0.113578E+00  0.618484E-01
  0.256143E+01  0.192675E+00  0.617903E-01
  0.256417E+01  0.184472E+00  0.622584E-01
  0.256690E+01  0.212185E+00  0.621351E-01
  0.256964E+01  0.176105E+00  0.622386E-01
  0.257237E+01  0.195682E+00  0.617113E-01
  0.257510E+01  0.204162E+00  0.620066E-01
  0.257784E+01  0.317134E+00  0.620992E-01
  0.258057E+01  0.272468E+00  0.626420E-01
  0.258331E+01  0.271313E+00  0.690731E-01
  0.258604E+01  0.117326E+00  0.725870E-01
  0.258878E+01  0.151350E+00  0.762393E-01
  0.259151E+01  0.307415E+00  0.795105E-01
  0.259424E+01  0.121538E+00  0.809571E-01
  0.259698E+01  0.290430E+00  0.845758E-01
  0.259971E+01  0.206982E+00  0.879675E-01
  0.260245E+01  0.220326E+00  0.905059E-01
  0.260518E+01  0.127707E+00  0.913636E-01
  0.260791E+01  0.323134E+00  0.957153E-01
  0.261065E+01  0.322643E+00  0.964356E-01
  0.261338E+01  0.180439E+00  0.987401E-01
  0.261612E+01  0.233954E+00  0.802799E-01
  0.261885E+01  0.315963E+00  0.768991E-01
  0.262158E+01  0.479610E+00  0.745189E-01
  0.262432E+01  0.125843E+00  0.731387E-01
  0.262705E+01  0.198396E+00  0.715175E-01
  0.262979E+01  0.202872E+00  0.706328E-01
  0.263252E+01  0.260673E+00  0.692124E-01
  0.263525E+01  0.165497E+00  0.690587E-01
  0.263799E+01  0.225279E+00  0.689252E-01
  0.264072E+01  0.253673E+00  0.682314E-01
  0.264346E+01  0.159595E+00  0.683734E-01
  0.264619E+01  0.187260E+00  0.682648E-01
  0.264892E+01  0.260959E+00  0.677248E-01
  0.265166E+01  0.215949E+00  0.674900E-01
  0.265439E+01  0.238618E+00  0.675595E-01
  0.265713E+01  0.101759E+00  0.678539E-01
  0.265986E+01  0.327203E+00  0.677368E-01
  0.266259E+01  0.139451E+00  0.671139E-01
  0.266533E+01  0.208054E+00  0.669963E-01
  0.266806E+01  0.141578E+00  0.672097E-01
  0.267080E+01  0.270427E+00  0.668593E-01
  0.267353E+01  0.221242E+00  0.666372E-01
  0.267626E+01  0.219823E+00  0.669233E-01
  0.267900E+01  0.215174E+00  0.669494E-01
  0.268173E+01  0.231493E+00  0.662236E-01
  0.268447E+01  0.257154E+00  0.667666E-01
  0.268720E+01  0.221578E+00  0.662396E-01
  0.268993E+01  0.222293E+00  0.669739E-01
  0.269267E+01  0.195930E+00  0.663005E-01
  0.269540E+01  0.286684E+00  0.666677E-01
  0.269814E+01  0.162590E+00  0.661606E-01
  0.270087E+01  0.284571E+00  0.661725E-01
  0.270361E+01  0.216642E+00  0.661251E-01
  0.270634E+01  0.350085E+00  0.656175E-01
  0.270907E+01  0.247846E+00  0.652421E-01
  0.271181E+01  0.294033E+00  0.650246E-01
  0.271454E+01  0.138121E+00  0.651426E-01
  0.271728E+01  0.258109E+00  0.641307E-01
  0.272001E+01  0.298311E+00  0.639224E-01
  0.272274E+01  0.241079E+00  0.632400E-01
  0.272548E+01  0.287604E+00  0.636335E-01
  0.272821E+01  0.178572E+00  0.631912E-01
  0.273095E+01  0.266988E+00  0.634408E-01
  0.273368E+01  0.229484E+00  0.634221E-01
  0.273641E+01  0.278849E+00  0.635042E-01
  0.273915E+01  0.247197E+00  0.629127E-01
  0.274188E+01  0.290088E+00  0.634305E-01
  0.274462E+01  0.234508E+00  0.628276E-01
  0.274735E+01  0.131105E+00  0.628716E-01
  0.275008E+01  0.320478E+00  0.632922E-01
  0.275282E+01  0.143974E+00  0.633933E-01
  0.275555E+01  0.276521E+00  0.636353E-01
  0.275829E+01  0.177476E+00  0.627288E-01
  0.276102E+01  0.313322E+00  0.631786E-01
  0.276375E+01  0.229558E+00  0.636524E-01
  0.276649E+01  0.235012E+00  0.632233E-01
  0.276922E+01  0.255121E+00  0.630039E-01
  0.277196E+01  0.240585E+00  0.623850E-01
  0.277469E+01  0.328446E+00  0.629603E-01
  0.277742E+01  0.191499E+00  0.631388E-01
  0.278016E+01  0.222036E+00  0.625628E-01
  0.278289E+01  0.268219E+00  0.626030E-01
  0.278563E+01  0.262831E+00  0.631403E-01
  0.278836E+01  0.238564E+00  0.627028E-01
  0.279109E+01  0.289619E+00  0.630172E-01
  0.279383E+01  0.233176E+00  0.633458E-01
  0.279656E+01  0.134906E+00  0.628088E-01
  0.279930E+01  0.326076E+00  0.634176E-01
  0.280203E+01  0.208496E+00  0.623970E-01
  0.280476E+01  0.307198E+00  0.632610E-01
  0.280750E+01  0.274233E+00  0.629935E-01
  0.281023E+01  0.194136E+00  0.626828E-01
  0.281297E+01  0.215639E+00  0.630365E-01
  0.281570E+01  0.335697E+00  0.632599E-01
  0.281843E+01  0.319047E+00  0.623932E-01
  0.282117E+01  0.296578E+00  0.629917E-01
  0.282390E+01  0.200959E+00  0.630477E-01
  0.282664E+01  0.280140E+00  0.629306E-01
  0.282937E+01  0.200116E+00  0.625113E-01
  0.283211E+01  0.174848E+00  0.630601E-01
  0.283484E+01  0.280446E+00  0.626741E-01
  0.283757E+01  0.222024E+00  0.625083E-01
  0.284031E+01  0.230195E+00  0.626421E-01
  0.284304E+01  0.188924E+00  0.627369E-01
  0.284578E+01  0.200849E+00  0.631955E-01
  0.284851E+01  0.205275E+00  0.630665E-01
  0.285124E+01  0.191270E+00  0.624613E-01
  0.285398E+01  0.350815E+00  0.626319E-01
  0.285671E+01  0.357036E+00  0.629320E-01
  0.285945E+01  0.253733E+00  0.625094E-01
  0.286218E+01  0.332024E+00  0.631616E-01
  0.286491E+01  0.256925E+00  0.628073E-01
  0.286765E+01  0.310816E+00  0.629389E-01
  0.287038E+01  0.213940E+00  0.627864E-01
  0.287312E+01  0.177677E+00  0.620363E-01
  0.287585E+01  0.273637E+00  0.621343E-01
  0.287858E+01  0.290233E+00  0.624684E-01
  0.288132E+01  0.198813E+00  0.626665E-01
  0.288405E+01  0.157885E+00  0.625036E-01
  0.288679E+01  0.301724E+00  0.623880E-01
  0.288952E+01  0.328079E+00  0.635716E-01
  0.289225E+01  0.201626E+00  0.624440E-01
  0.289499E+01  0.230476E+00  0.623232E-01
  0.289772E+01  0.250924E+00  0.623974E-01
  0.290046E+01  0.257494E+00  0.624525E-01
  0.290319E+01  0.277426E+00  0.624487E-01
  0.290592E+01  0.141145E+00  0.619563E-01
  0.290866E+01  0.207280E+00  0.624018E-01
  0.291139E+01  0.225963E+00  0.624929E-01
  0.291413E+01  0.340181E+00  0.622540E-01
  0.291686E+01  0.278339E+00  0.626337E-01
  0.291959E+01  0.199134E+00  0.619710E-01
  0.292233E+01  0.198969E+00  0.621230E-01
  0.292506E+01  0.289898E+00  0.627025E-01
  0.292780E+01  0.220998E+00  0.621706E-01
  0.293053E+01  0.206317E+00  0.621061E-01
  0.293326E+01  0.220512E+00  0.619796E-01
  0.293600E+01  0.290102E+00  0.623987E-01
  0.293873E+01  0.246778E+00  0.619324E-01
  0.294147E+01  0.231040E+00  0.616914E-01
  0.294420E+01  0.321657E+00  0.624205E-01
  0.294693E+01  0.307498E+00  0.626932E-01
  0.294967E+01  0.175557E+00  0.623316E-01
  0.295240E+01  0.196775E+00  0.624877E-01
  0.295514E+01  0.127949E+00  0.621274E-01
  0.295787E+01  0.210185E+00  0.627204E-01
  0.296061E+01  0.964699E-01  0.617852E-01
  0.296334E+01  0.250347E+00  0.621170E-01
  0.296607E+01  0.230556E+00  0.618897E-01
  0.296881E+01  0.251953E+00  0.621768E-01
  0.297154E+01  0.319224E+00  0.626310E-01
  0.297428E+01  0.256923E+00  0.623449E-01
  0.297701E+01  0.251223E+00  0.627364E-01
  0.297974E+01  0.237217E+00  0.619486E-01
  0.298248E+01  0.139486E+00  0.616521E-01
  0.298521E+01  0.212998E+00  0.621058E-01
  0.298795E+01  0.220855E+00  0.621726E-01
  0.299068E+01  0.306716E+00  0.625228E-01
  0.299341E+01  0.298477E+00  0.619601E-01
  0.299615E+01  0.222428E+00  0.618960E-01
  0.299888E+01  0.288967E+00  0.623196E-01
  0.300162E+01  0.223297E+00  0.621964E-01
  0.300435E+01  0.241547E+00  0.621285E-01
  0.300708E+01  0.254175E+00  0.616197E-01
  0.300982E+01  0.354765E+00  0.626345E-01
  0.301255E+01  0.265293E+00  0.621269E-01
  0.301529E+01  0.355843E+00  0.618126E-01
  0.301802E+01  0.261021E+00  0.616790E-01
  0.302075E+01  0.236450E+00  0.616236E-01
  0.302349E+01  0.293481E+00  0.625221E-01
  0.302622E+01  0.339042E+00  0.618000E-01
  0.302896E+01  0.245474E+00  0.620113E-01
  0.303169E+01  0.194592E+00  0.618088E-01
  0.303442E+01  0.353323E+00  0.620014E-01
  0.303716E+01  0.254845E+00  0.620281E-01
  0.303989E+01  0.316785E+00  0.620013E-01
  0.304263E+01  0.192311E+00  0.618644E-01
  0.304536E+01  0.318823E+00  0.621367E-01
  0.304809E+01  0.364681E+00  0.620906E-01
  0.305083E+01  0.274431E+00  0.621342E-01
  0.305356E+01  0.286801E+00  0.618954E-01
  0.305630E+01  0.245142E+00  0.622619E-01
  0.305903E+01  0.357224E+00  0.625039E-01
  0.306176E+01  0.206252E+00  0.618838E-01
  0.306450E+01  0.232362E+00  0.618829E-01
  0.306723E+01  0.212340E+00  0.620301E-01
  0.306997E+01  0.292642E+00  0.616175E-01
  0.307270E+01  0.240735E+00  0.613602E-01
  0.307543E+01  0.169529E+00  0.616637E-01
  0.307817E+01  0.304547E+00  0.618885E-01
  0.308090E+01  0.303900E+00  0.621117E-01
  0.308364E+01  0.261069E+00  0.614927E-01
  0.308637E+01  0.263371E+00  0.614879E-01
  0.308911E+01  0.256728E+00  0.617726E-01
  0.309184E+01  0.211717E+00  0.619014E-01
  0.309457E+01  0.253410E+00  0.614519E-01
  0.309731E+01  0.287860E+00  0.617285E-01
  0.310004E+01  0.159072E+00  0.615583E-01
  0.310278E+01  0.254844E+00  0.618223E-01
  0.310551E+01  0.186643E+00  0.612754E-01
  0.310824E+01  0.210688E+00  0.615597E-01
  0.311098E+01  0.284803E+00  0.617093E-01
  0.311371E+01  0.266786E+00  0.617358E-01
  0.311645E+01  0.235870E+00  0.618895E-01
  0.311918E+01  0.240816E+00  0.613977E-01
  0.312191E+01  0.201000E+00  0.619863E-01
  0.312465E+01  0.250457E+00  0.616415E-01
  0.312738E+01  0.241922E+00  0.614499E-01
  0.313012E+01  0.287847E+00  0.615701E-01
  0.313285E+01  0.260115E+00  0.617938E-01
  0.313558E+01  0.243358E+00  0.612368E-01
  0.313832E+01  0.229941E+00  0.619529E-01
  0.314105E+01  0.195882E+00  0.617408E-01
  0.314379E+01  0.339346E+00  0.620621E-01
  0.314652E+01  0.207008E+00  0.611784E-01
  0.314925E+01  0.214117E+00  0.614742E-01
  0.315199E+01  0.317620E+00  0.618618E-01
  0.315472E+01  0.207258E+00  0.615863E-01
  0.315746E+01  0.230364E+00  0.610551E-01
  0.316019E+01  0.241337E+00  0.615355E-01
  0.316292E+01  0.275315E+00  0.610107E-01
  0.316566E+01  0.137500E+00  0.614138E-01
  0.316839E+01  0.222922E+00  0.612730E-01
  0.317113E+01  0.340793E+00  0.616237E-01
  0.317386E+01  0.273128E+00  0.619380E-01
  0.317659E+01  0.223017E+00  0.608230E-01
  0.317933E+01  0.267504E+00  0.618123E-01
  0.318206E+01  0.331698E+00  0.615264E-01
  0.318480E+01  0.224778E+00  0.613121E-01
  0.318753E+01  0.256961E+00  0.616029E-01
  0.319026E+01  0.116390E+00  0.605883E-01
  0.319300E+01  0.209196E+00  0.614445E-01
  0.319573E+01  0.177538E+00  0.615488E-01
  0.319847E+01  0.161074E+00  0.612361E-01
  0.320120E+01  0.370123E+00  0.610681E-01
  0.320394E+01  0.298037E+00  0.621514E-01
  0.320667E+01  0.221143E+00  0.614703E-01
  0.320940E+01  0.274393E+00  0.609987E-01
  0.321214E+01  0.270325E+00  0.612938E-01
  0.321487E+01  0.238600E+00  0.610598E-01
  0.321761E+01  0.237393E+00  0.618411E-01
  0.322034E+01  0.327236E+00  0.616455E-01
  0.322307E+01  0.301427E+00  0.609141E-01
  0.322581E+01  0.260865E+00  0.615328E-01
  0.322854E+01  0.167706E+00  0.611385E-01
  0.323128E+01  0.264355E+00  0.615974E-01
  0.323401E+01  0.295185E+00  0.614596E-01
  0.323674E+01  0.214502E+00  0.615677E-01
  0.323948E+01  0.248995E+00  0.608750E-01
  0.324221E+01  0.204953E+00  0.612380E-01
  0.324495E+01  0.823463E-01  0.604626E-01
  0.324768E+01  0.287329E+00  0.616047E-01
  0.325041E+01  0.229903E+00  0.612209E-01
  0.325315E+01  0.206377E+00  0.609945E-01
  0.325588E+01  0.356203E+00  0.613107E-01
  0.325862E+01  0.132675E+00  0.609065E-01
  0.326135E+01  0.247651E+00  0.614174E-01
  0.326408E+01  0.185654E+00  0.611986E-01
  0.326682E+01  0.302785E+00  0.609680E-01
  0.326955E+01  0.292319E+00  0.609669E-01
  0.327229E+01  0.241289E+00  0.605915E-01
  0.327502E+01  0.212452E+00  0.610929E-01
  0.327775E+01  0.271959E+00  0.605817E-01
  0.328049E+01  0.276726E+00  0.612394E-01
  0.328322E+01  0.256977E+00  0.609984E-01
  0.328596E+01  0.181428E+00  0.607459E-01
  0.328869E+01  0.219626E+00  0.605799E-01
  0.329142E+01  0.184966E+00  0.610967E-01
  0.329416E+01  0.223563E+00  0.607352E-01
  0.329689E+01  0.315384E+00  0.607978E-01
  0.329963E+01  0.251989E+00  0.614485E-01
  0.330236E+01  0.196696E+00  0.611079E-01
  0.330509E+01  0.307451E+00  0.613290E-01
  0.330783E+01  0.172853E+00  0.609112E-01
  0.331056E+01  0.105773E+00  0.612124E-01
  0.331330E+01  0.223115E+00  0.613389E-01
  0.331603E+01  0.127544E+00  0.604729E-01
  0.331876E+01  0.255204E+00  0.609811E-01
  0.332150E+01  0.238266E+00  0.608150E-01
  0.332423E+01  0.147143E+00  0.610111E-01
  0.332697E+01  0.258823E+00  0.612196E-01
  0.332970E+01  0.242142E+00  0.614592E-01
  0.333244E+01  0.141198E+00  0.604155E-01
  0.333517E+01  0.215162E+00  0.614017E-01
  0.333790E+01  0.752991E-01  0.616859E-01
  0.334064E+01  0.204677E+00  0.615488E-01
  0.334337E+01  0.285635E+00  0.609593E-01
  0.334611E+01  0.276699E+00  0.609374E-01
  0.334884E+01  0.157397E+00  0.603976E-01
  0.335157E+01  0.238110E+00  0.607694E-01
  0.335431E+01  0.214825E+00  0.612321E-01
  0.335704E+01  0.322643E+00  0.610864E-01
  0.335978E+01  0.186641E+00  0.610115E-01
  0.336251E+01  0.236601E+00  0.606285E-01
  0.336524E+01  0.251993E+00  0.609909E-01
  0.336798E+01  0.325740E+00  0.609100E-01
  0.337071E+01  0.754001E-01  0.609211E-01
  0.337345E+01  0.241020E+00  0.608065E-01
  0.337618E+01  0.206379E+00  0.610455E-01
  0.337891E+01  0.189580E+00  0.606203E-01
  0.338165E+01  0.257288E+00  0.606162E-01
  0.338438E+01  0.166307E+00  0.608297E-01
  0.338712E+01  0.236693E+00  0.605371E-01
  0.338985E+01  0.254620E+00  0.607426E-01
  0.339258E+01  0.182102E+00  0.608586E-01
  0.339532E+01  0.178838E+00  0.607317E-01
  0.339805E+01  0.919463E-01  0.607120E-01
  0.340079E+01  0.272196E+00  0.611140E-01
  0.340352E+01  0.225235E+00  0.610605E-01
  0.340625E+01  0.216699E+00  0.605174E-01
  0.340899E+01  0.148662E+00  0.609172E-01
  0.341172E+01  0.223800E+00  0.610103E-01
  0.341446E+01  0.236387E+00  0.610407E-01
  0.341719E+01  0.136513E+00  0.605997E-01
  0.341992E+01  0.252945E+00  0.608929E-01
  0.342266E+01  0.183848E+00  0.607829E-01
  0.342539E+01  0.202810E+00  0.611974E-01
  0.342813E+01  0.181710E+00  0.609570E-01
  0.343086E+01  0.383508E+00  0.608070E-01
  0.343359E+01  0.222499E+00  0.604283E-01
  0.343633E+01  0.231306E+00  0.611786E-01
  0.343906E+01  0.242180E+00  0.606782E-01
  0.344180E+01  0.209105E+00  0.605521E-01
  0.344453E+01  0.135873E+00  0.603448E-01
  0.344726E+01  0.250195E+00  0.608335E-01
  0.345000E+01  0.154767E+00  0.603811E-01
  0.345273E+01  0.129157E+00  0.604012E-01
  0.345547E+01  0.101647E+00  0.603704E-01
  0.345820E+01  0.282005E+00  0.604997E-01
  0.346094E+01  0.209496E+00  0.608888E-01
  0.346367E+01  0.183780E+00  0.606930E-01
  0.346640E+01  0.231123E+00  0.608587E-01
  0.346914E+01  0.214224E+00  0.607232E-01
  0.347187E+01  0.188939E+00  0.610388E-01
  0.347461E+01  0.241398E+00  0.605851E-01
  0.347734E+01  0.218202E+00  0.604963E-01
  0.348007E+01  0.213948E+00  0.604210E-01
  0.348281E+01  0.138865E+00  0.603374E-01
  0.348554E+01  0.213804E+00  0.605911E-01
  0.348828E+01  0.182612E+00  0.608064E-01
  0.349101E+01  0.265450E+00  0.601132E-01
  0.349374E+01  0.125705E+00  0.606959E-01
  0.349648E+01  0.237223E+00  0.603663E-01
  0.349921E+01  0.270877E+00  0.607797E-01
  0.350195E+01  0.136663E+00  0.610040E-01
  0.350468E+01  0.218769E+00  0.615450E-01
  0.350741E+01  0.157242E+00  0.605737E-01
  0.351015E+01  0.192311E+00  0.607362E-01
  0.351288E+01  0.106860E+00  0.600526E-01
  0.351562E+01  0.208838E+00  0.605274E-01
  0.351835E+01  0.256861E+00  0.608484E-01
  0.352108E+01  0.156347E+00  0.607919E-01
  0.352382E+01  0.164783E+00  0.600908E-01
  0.352655E+01  0.207660E+00  0.609631E-01
  0.352929E+01  0.164158E+00  0.607615E-01
  0.353202E+01  0.129003E+00  0.606629E-01
  0.353475E+01  0.263120E+00  0.605752E-01
  0.353749E+01  0.193528E+00  0.607797E-01
  0.354022E+01  0.241597E+00  0.606119E-01
  0.354296E+01  0.172838E+00  0.611230E-01
  0.354569E+01  0.155992E+00  0.602219E-01
  0.354842E+01  0.135643E+00  0.604589E-01
  0.355116E+01  0.304330E+00  0.609348E-01
  0.355389E+01  0.215015E+00  0.621394E-01
  0.355663E+01  0.183573E+00  0.603003E-01
  0.355936E+01  0.131476E+00  0.602672E-01
  0.356209E+01  0.258863E+00  0.611276E-01
  0.356483E+01  0.130511E+00  0.602984E-01
  0.356756E+01  0.189748E+00  0.607875E-01
  0.357030E+01  0.253177E+00  0.603476E-01
  0.357303E+01  0.198567E+00  0.605348E-01
  0.357577E+01  0.165056E+00  0.602610E-01
  0.357850E+01  0.294577E+00  0.608178E-01
  0.358123E+01  0.246443E+00  0.611546E-01
  0.358397E+01  0.286476E+00  0.610050E-01
  0.358670E+01  0.191689E+00  0.600294E-01
  0.358944E+01  0.185987E+00  0.604360E-01
  0.359217E+01  0.273596E+00  0.611398E-01
  0.359490E+01  0.194606E+00  0.607100E-01
  0.359764E+01  0.206992E+00  0.606123E-01
  0.360037E+01  0.100105E+00  0.603148E-01
  0.360311E+01  0.188533E+00  0.602722E-01
  0.360584E+01  0.171844E+00  0.599004E-01
  0.360857E+01  0.266541E+00  0.602864E-01
  0.361131E+01  0.209428E+00  0.608349E-01
  0.361404E+01  0.138420E+00  0.601428E-01
  0.361678E+01  0.165778E+00  0.605020E-01
  0.361951E+01  0.236278E+00  0.603235E-01
  0.362224E+01  0.878679E-01  0.601822E-01
  0.362498E+01  0.155525E+00  0.606836E-01
  0.362771E+01  0.139158E+00  0.604566E-01
  0.363045E+01  0.168724E+00  0.602548E-01
  0.363318E+01  0.297588E+00  0.611808E-01
  0.363591E+01  0.165609E+00  0.598755E-01
  0.363865E+01  0.204026E+00  0.604759E-01
  0.364138E+01  0.201365E+00  0.609632E-01
  0.364412E+01  0.723306E-01  0.607206E-01
  0.364685E+01  0.261655E+00  0.607743E-01
  0.364958E+01  0.216613E+00  0.605792E-01
  0.365232E+01  0.289637E+00  0.603541E-01
  0.365505E+01  0.171696E+00  0.602274E-01
  0.365779E+01  0.190723E+00  0.607171E-01
  0.366052E+01  0.264761E+00  0.605820E-01
  0.366325E+01  0.276440E+00  0.607965E-01
  0.366599E+01  0.162012E+00  0.607156E-01
  0.366872E+01  0.267180E+00  0.607738E-01
  0.367146E+01  0.245625E+00  0.606666E-01
  0.367419E+01  0.250996E+00  0.602112E-01
  0.367692E+01  0.173233E+00  0.603522E-01
  0.367966E+01  0.188518E+00  0.603117E-01
  0.368239E+01  0.317091E+00  0.607666E-01
  0.368513E+01  0.186826E+00  0.603628E-01
  0.368786E+01  0.178335E+00  0.605960E-01
  0.369059E+01  0.257012E+00  0.606863E-01
  0.369333E+01  0.199965E+00  0.607250E-01
  0.369606E+01  0.178776E+00  0.609591E-01
  0.369880E+01  0.295924E+00  0.605543E-01
  0.370153E+01  0.223889E+00  0.601925E-01
  0.370427E+01  0.262254E+00  0.604465E-01
  0.370700E+01  0.167911E+00  0.604896E-01
  0.370973E+01  0.218312E+00  0.609864E-01
  0.371247E+01  0.159856E+00  0.602774E-01
  0.371520E+01  0.185939E+00  0.605482E-01
  0.371794E+01  0.149518E+00  0.604903E-01
  0.372067E+01  0.207183E+00  0.605702E-01
  0.372340E+01  0.245974E+00  0.611652E-01
  0.372614E+01  0.194121E+00  0.609857E-01
  0.372887E+01  0.187128E+00  0.608848E-01
  0.373161E+01  0.102400E+00  0.607329E-01
  0.373434E+01  0.182270E+00  0.601152E-01
  0.373707E+01  0.319667E+00  0.610419E-01
  0.373981E+01  0.894780E-01  0.601250E-01
  0.374254E+01  0.154714E+00  0.605231E-01
  0.374528E+01  0.187559E+00  0.606788E-01
  0.374801E+01  0.212266E+00  0.603101E-01
  0.375074E+01  0.261744E+00  0.602138E-01
  0.375348E+01  0.279926E+00  0.613995E-01
  0.375621E+01  0.148790E+00  0.606951E-01
  0.375895E+01  0.243607E+00  0.609470E-01
  0.376168E+01  0.132696E+00  0.610421E-01
  0.376441E+01  0.147737E+00  0.606027E-01
  0.376715E+01  0.192740E+00  0.611231E-01
  0.376988E+01  0.199221E+00  0.604597E-01
  0.377262E+01  0.190085E+00  0.600302E-01
  0.377535E+01  0.207548E+00  0.602739E-01
  0.377808E+01  0.169632E+00  0.608593E-01
  0.378082E+01  0.323864E+00  0.605138E-01
  0.378355E+01  0.169247E+00  0.606919E-01
  0.378629E+01  0.214522E+00  0.607565E-01
  0.378902E+01  0.279465E+00  0.608658E-01
  0.379175E+01  0.140255E+00  0.603421E-01
  0.379449E+01  0.285687E+00  0.605699E-01
  0.379722E+01  0.272532E+00  0.608115E-01
  0.379996E+01  0.174604E+00  0.606233E-01
  0.380269E+01  0.277381E+00  0.608283E-01
  0.380542E+01  0.121192E+00  0.603655E-01
  0.380816E+01  0.135644E+00  0.603196E-01
  0.381089E+01  0.226022E+00  0.607804E-01
  0.381363E+01  0.114885E+00  0.603702E-01
  0.381636E+01  0.267697E+00  0.605207E-01
  0.381909E+01  0.173410E+00  0.596242E-01
  0.382183E+01  0.940879E-01  0.606000E-01
  0.382456E+01  0.108097E+00  0.606627E-01
  0.382730E+01  0.207292E+00  0.605614E-01
  0.383003E+01  0.218383E+00  0.607131E-01
  0.383277E+01  0.113459E+00  0.605193E-01
  0.383550E+01  0.166615E+00  0.608273E-01
  0.383823E+01  0.560398E-01  0.605390E-01
  0.384097E+01  0.218355E+00  0.601839E-01
  0.384370E+01  0.207306E+00  0.605927E-01
  0.384644E+01  0.165288E+00  0.601029E-01
  0.384917E+01  0.211332E+00  0.607150E-01
  0.385190E+01  0.157234E+00  0.602758E-01
  0.385464E+01  0.202897E+00  0.608221E-01
  0.385737E+01  0.200724E+00  0.610641E-01
  0.386011E+01  0.299514E+00  0.612296E-01
  0.386284E+01  0.203271E+00  0.601430E-01
  0.386557E+01  0.236687E+00  0.607793E-01
  0.386831E+01  0.207401E+00  0.602100E-01
  0.387104E+01  0.243590E+00  0.606339E-01
  0.387378E+01  0.215269E+00  0.601007E-01
  0.387651E+01  0.241998E+00  0.603243E-01
  0.387924E+01  0.200947E+00  0.604006E-01
  0.388198E+01  0.185884E+00  0.608728E-01
  0.388471E+01  0.161795E+00  0.605262E-01
  0.388745E+01  0.209485E+00  0.605605E-01
  0.389018E+01  0.230245E+00  0.608660E-01
  0.389291E+01  0.188003E+00  0.608307E-01
  0.389565E+01  0.167037E+00  0.606708E-01
  0.389838E+01  0.548408E-01  0.601539E-01
  0.390112E+01  0.222695E+00  0.600315E-01
  0.390385E+01  0.135463E+00  0.601258E-01
  0.390658E+01  0.167356E+00  0.603382E-01
  0.390932E+01  0.283826E+00  0.608249E-01
  0.391205E+01  0.221525E+00  0.604564E-01
  0.391479E+01  0.119524E+00  0.603899E-01
  0.391752E+01  0.168381E+00  0.607657E-01
  0.392025E+01  0.954084E-01  0.600895E-01
  0.392299E+01  0.188627E+00  0.606389E-01
  0.392572E+01  0.133857E+00  0.599683E-01
  0.392846E+01  0.195530E+00  0.600352E-01
  0.393119E+01  0.194535E+00  0.602157E-01
  0.393392E+01  0.209836E+00  0.599522E-01
  0.393666E+01  0.153752E+00  0.694784E-01
  0.393939E+01  0.105594E+00  0.746842E-01
  0.394213E+01  0.181585E+00  0.766486E-01
  0.394486E+01  0.134202E+00  0.828378E-01
  0.394759E+01  0.114074E+00  0.877124E-01
  0.395033E+01  0.400813E+00  0.910778E-01
  0.395306E+01  0.153100E+00  0.938912E-01
  0.395580E+01  0.257812E+00  0.952711E-01
  0.395853E+01  0.356639E+00  0.101159E+00
  0.396127E+01  0.189739E+00  0.104293E+00
  0.396400E+01  0.884139E-01  0.782641E-01
  0.396673E+01  0.260813E+00  0.737289E-01
  0.396947E+01  0.167703E+00  0.713932E-01
  0.397220E+01  0.254029E+00  0.701708E-01
  0.397494E+01  0.690083E-01  0.674499E-01
  0.397767E+01  0.178125E+00  0.678295E-01
  0.398040E+01  0.246753E+00  0.673321E-01
  0.398314E+01  0.193768E+00  0.667971E-01
  0.398587E+01  0.137467E+00  0.669369E-01
  0.398861E+01  0.158250E+00  0.664120E-01
  0.399134E+01  0.557005E-01  0.661409E-01
  0.399407E+01  0.135738E+00  0.656330E-01
  0.399681E+01  0.101540E+00  0.654845E-01
  0.399954E+01  0.117805E+00  0.658294E-01
  0.400228E+01  0.176379E+00  0.656603E-01
  0.400501E+01  0.178653E+00  0.655763E-01
  0.400774E+01  0.975803E-01  0.646845E-01
  0.401048E+01  0.197161E+00  0.647348E-01
  0.401321E+01  0.137800E+00  0.645314E-01
  0.401595E+01  0.231477E+00  0.637698E-01
  0.401868E+01  0.790193E-01  0.636825E-01
  0.402141E+01  0.625163E-01  0.625708E-01
  0.402415E+01  0.134046E+00  0.628199E-01
  0.402688E+01  0.102492E+00  0.623590E-01
  0.402962E+01  0.211243E+00  0.620163E-01
  0.403235E+01  0.972849E-01  0.614398E-01
  0.403508E+01  0.165956E+00  0.613270E-01
  0.403782E+01  0.680719E-01  0.608124E-01
  0.404055E+01  0.313799E+00  0.607515E-01
  0.404329E+01  0.156841E+00  0.608852E-01
  0.404602E+01  0.217606E+00  0.603803E-01
  0.404875E+01  0.216222E+00  0.612532E-01
  0.405149E+01  0.119740E+00  0.604960E-01
  0.405422E+01  0.230940E+00  0.610762E-01
  0.405696E+01  0.168591E+00  0.606906E-01
  0.405969E+01  0.230865E+00  0.605440E-01
  0.406242E+01  0.116986E+00  0.608379E-01
  0.406516E+01  0.136648E+00  0.603566E-01
  0.406789E+01  0.155121E+00  0.604959E-01
  0.407063E+01  0.222851E+00  0.605767E-01
  0.407336E+01  0.165645E+00  0.607813E-01
  0.407610E+01  0.151445E+00  0.604608E-01
  0.407883E+01  0.140958E+00  0.608607E-01
  0.408156E+01  0.236909E+00  0.610561E-01
  0.408430E+01  0.204218E+00  0.608680E-01
  0.408703E+01  0.878134E-01  0.604589E-01
  0.408977E+01  0.106204E+00  0.607919E-01
  0.409250E+01  0.207505E+00  0.609971E-01
  0.409523E+01  0.168907E+00  0.610231E-01
  0.409797E+01  0.109917E+00  0.605242E-01
  0.410070E+01  0.244354E+00  0.607152E-01
  0.410344E+01  0.148843E+00  0.608858E-01
  0.410617E+01  0.949936E-01  0.604780E-01
  0.410890E+01  0.213122E+00  0.606595E-01
  0.411164E+01  0.187885E+00  0.603119E-01
  0.411437E+01  0.177641E+00  0.609792E-01
  0.411711E+01  0.110995E+00  0.609466E-01
  0.411984E+01  0.160344E+00  0.605105E-01
  0.412257E+01  0.258423E+00  0.602411E-01
  0.412531E+01  0.266188E+00  0.604214E-01
  0.412804E+01  0.152145E+00  0.605997E-01
  0.413078E+01  0.212457E+00  0.605788E-01
  0.413351E+01  0.118627E+00  0.603674E-01
  0.413624E+01  0.148196E+00  0.601330E-01
  0.413898E+01  0.296444E+00  0.608040E-01
  0.414171E+01  0.135516E+00  0.606381E-01
  0.414445E+01  0.190604E+00  0.610874E-01
  0.414718E+01  0.174239E+00  0.608047E-01
  0.414991E+01  0.134013E+00  0.610195E-01
  0.415265E+01  0.157266E+00  0.605627E-01
  0.415538E+01  0.128778E+00  0.604950E-01
  0.415812E+01  0.162583E+00  0.605874E-01
  0.416085E+01  0.148641E+00  0.602630E-01
  0.416358E+01  0.116269E+00  0.608778E-01
  0.416632E+01  0.144833E+00  0.604982E-01
  0.416905E+01  0.161417E+00  0.602130E-01
  0.417179E+01  0.197264E+00  0.607196E-01
  0.417452E+01  0.205031E+00  0.603449E-01
  0.417725E+01  0.161069E+00  0.604803E-01
  0.417999E+01  0.945205E-01  0.606850E-01
  0.418272E+01  0.178197E+00  0.605098E-01
  0.418546E+01  0.184711E+00  0.610285E-01
  0.418819E+01  0.189550E+00  0.608744E-01
  0.419092E+01  0.126069E+00  0.605408E-01
  0.419366E+01  0.178706E+00  0.604546E-01
  0.419639E+01  0.116145E+00  0.610619E-01
  0.419913E+01  0.210511E+00  0.605879E-01
  0.420186E+01  0.144162E+00  0.608474E-01
  0.420460E+01  0.175288E+00  0.606602E-01
  0.420733E+01  0.129398E+00  0.607204E-01
  0.421006E+01  0.124865E+00  0.603871E-01
  0.421280E+01  0.174570E+00  0.605846E-01
  0.421553E+01  0.148023E+00  0.610034E-01
  0.421827E+01  0.657852E-01  0.600237E-01
  0.422100E+01  0.142742E+00  0.606717E-01
  0.422373E+01  0.174982E+00  0.601376E-01
  0.422647E+01  0.178561E+00  0.604937E-01
  0.422920E+01  0.160840E+00  0.607333E-01
  0.423194E+01  0.207132E+00  0.601050E-01
  0.423467E+01  0.111592E+00  0.607732E-01
  0.423740E+01  0.174083E+00  0.598443E-01
  0.424014E+01  0.288903E+00  0.605797E-01
  0.424287E+01  0.280541E+00  0.605812E-01
  0.424561E+01  0.180828E+00  0.603962E-01
  0.424834E+01  0.142009E+00  0.604943E-01
  0.425107E+01  0.110547E+00  0.596853E-01
  0.425381E+01  0.121210E+00  0.599862E-01
  0.425654E+01  0.712033E-01  0.602808E-01
  0.425928E+01  0.198067E+00  0.608819E-01
  0.426201E+01  0.872475E-01  0.602499E-01
  0.426474E+01  0.209583E+00  0.604108E-01
  0.426748E+01  0.245493E+00  0.604590E-01
  0.427021E+01  0.164769E+00  0.604932E-01
  0.427295E+01  0.188544E+00  0.605086E-01
  0.427568E+01  0.941244E-01  0.603163E-01
  0.427841E+01  0.193119E+00  0.608736E-01
  0.428115E+01  0.186766E+00  0.605681E-01
  0.428388E+01  0.982720E-01  0.595573E-01
  0.428662E+01  0.131267E+00  0.602858E-01
  0.428935E+01  0.956504E-01  0.602686E-01
  0.429208E+01  0.169341E+00  0.603532E-01
  0.429482E+01  0.557263E-01  0.596790E-01
  0.429755E+01  0.202017E+00  0.604564E-01
  0.430029E+01  0.948391E-01  0.601574E-01
  0.430302E+01  0.165627E+00  0.601053E-01
  0.430575E+01  0.118939E+00  0.597815E-01
  0.430849E+01  0.213297E+00  0.603773E-01
  0.431122E+01  0.110528E+00  0.599911E-01
  0.431396E+01  0.250524E+00  0.607887E-01
  0.431669E+01  0.868943E-01  0.599468E-01
  0.431942E+01  0.195098E+00  0.605190E-01
  0.432216E+01  0.195098E+00  0.605075E-01
  0.432489E+01  0.166762E+00  0.603491E-01
  0.432763E+01  0.544831E-01  0.603217E-01
  0.433036E+01  0.928471E-01  0.595088E-01
  0.433310E+01  0.213669E+00  0.605195E-01
  0.433583E+01  0.180268E+00  0.602503E-01
  0.433856E+01  0.222750E-01  0.594706E-01
  0.434130E+01  0.109181E+00  0.599416E-01
  0.434403E+01  0.700877E-01  0.601623E-01
  0.434677E+01  0.914707E-01  0.600255E-01
  0.434950E+01  0.211851E+00  0.604214E-01
  0.435223E+01  0.218972E+00  0.603345E-01
  0.435497E+01  0.105012E+00  0.602312E-01
  0.435770E+01  0.775681E-01  0.597454E-01
  0.436044E+01  0.179365E+00  0.606584E-01
  0.436317E+01  0.789334E-01  0.606399E-01
  0.436590E+01  0.204704E+00  0.601374E-01
  0.436864E+01  0.122586E+00  0.602179E-01
  0.437137E+01  0.181858E+00  0.600809E-01
  0.437411E+01  0.221514E-01  0.605079E-01
  0.437684E+01  0.120179E+00  0.603685E-01
  0.437957E+01  0.766869E-01  0.601725E-01
  0.438231E+01  0.481156E-01  0.604458E-01
  0.438504E+01  0.115263E+00  0.604854E-01
  0.438778E+01  0.124381E+00  0.598374E-01
  0.439051E+01  0.173573E+00  0.602440E-01
  0.439324E+01  0.144175E+00  0.603816E-01
  0.439598E+01  0.108215E+00  0.601645E-01
  0.439871E+01  0.142039E+00  0.597933E-01
  0.440145E+01  0.190230E+00  0.600561E-01
  0.440418E+01  0.135566E+00  0.601640E-01
  0.440691E+01  0.110133E+00  0.606397E-01
  0.440965E+01  0.327228E-01  0.602286E-01
  0.441238E+01  0.158540E+00  0.604199E-01
  0.441512E+01  0.160248E+00  0.602178E-01
  0.441785E+01  0.247985E+00  0.607871E-01
  0.442058E+01  0.142479E+00  0.600198E-01
  0.442332E+01  0.225652E+00  0.606847E-01
  0.442605E+01  0.222655E+00  0.605020E-01
  0.442879E+01  0.135607E+00  0.597409E-01
  0.443152E+01  0.131206E+00  0.600728E-01
  0.443425E+01  0.173717E+00  0.601989E-01
  0.443699E+01  0.643945E-01  0.600329E-01
  0.443972E+01  0.105185E+00  0.601592E-01
  0.444246E+01  0.220723E+00  0.604167E-01
  0.444519E+01  0.862839E-01  0.610157E-01
  0.444792E+01  0.143909E+00  0.595057E-01
  0.445066E+01  0.165980E+00  0.605236E-01
  0.445339E+01  0.600835E-01  0.601901E-01
  0.445613E+01  0.197675E+00  0.600170E-01
  0.445886E+01  0.169339E+00  0.596094E-01
  0.446160E+01  0.175886E+00  0.603945E-01
  0.446433E+01  0.146739E+00  0.602236E-01
  0.446706E+01  0.352515E-01  0.600061E-01
  0.446980E+01  0.124524E+00  0.599691E-01
  0.447253E+01  0.169008E+00  0.602625E-01
  0.447527E+01  0.109435E+00  0.599705E-01
  0.447800E+01  0.191690E+00  0.599240E-01
  0.448073E+01  0.591979E-01  0.597478E-01
  0.448347E+01  0.541678E-01  0.600833E-01
  0.448620E+01  0.106060E+00  0.600396E-01
  0.448894E+01  0.111878E+00  0.601664E-01
  0.449167E+01  0.121201E+00  0.602509E-01
  0.449440E+01  0.139207E+00  0.602450E-01
  0.449714E+01  0.114959E+00  0.601897E-01
  0.449987E+01  0.128824E+00  0.601119E-01
  0.450261E+01  0.195844E+00  0.601515E-01
  0.450534E+01  0.132814E+00  0.597558E-01
  0.450807E+01  0.155711E+00  0.603250E-01
  0.451081E+01  0.344943E-01  0.603070E-01
  0.451354E+01  0.185502E+00  0.605626E-01
  0.451628E+01  0.100923E+00  0.594285E-01
  0.451901E+01  0.119018E+00  0.600002E-01
  0.452174E+01  0.230215E+00  0.605018E-01
  0.452448E+01  0.378787E-01  0.596697E-01
  0.452721E+01  0.121150E+00  0.600487E-01
  0.452995E+01  0.944027E-01  0.599621E-01
  0.453268E+01  0.182308E+00  0.598824E-01
  0.453541E+01  0.156480E+00  0.608414E-01
  0.453815E+01  0.894480E-01  0.602667E-01
  0.454088E+01  0.241427E+00  0.605086E-01
  0.454362E+01  0.970712E-01  0.597058E-01
  0.454635E+01  0.145107E+00  0.604621E-01
  0.454908E+01  0.362326E-01  0.598656E-01
  0.455182E+01  0.168928E-01  0.600227E-01
  0.455455E+01  0.176863E+00  0.598610E-01
  0.455729E+01  0.290230E-01  0.604301E-01
  0.456002E+01  0.153871E+00  0.603015E-01
  0.456275E+01  0.674695E-01  0.604498E-01
  0.456549E+01  0.157074E+00  0.600187E-01
  0.456822E+01  0.310313E-01  0.599288E-01
  0.457096E+01  0.198820E+00  0.600408E-01
  0.457369E+01  0.924971E-01  0.599068E-01
  0.457643E+01  0.138831E+00  0.602459E-01
  0.457916E+01  0.705429E-01  0.603459E-01
  0.458189E+01  0.156774E+00  0.605093E-01
  0.458463E+01  0.200606E+00  0.605022E-01
  0.458736E+01  0.117402E-01  0.600938E-01
  0.459010E+01  0.128242E+00  0.609003E-01
  0.459283E+01  0.854286E-01  0.606486E-01
  0.459556E+01  0.114194E+00  0.600806E-01
  0.459830E+01  0.725919E-01  0.601734E-01
  0.460103E+01  0.151935E+00  0.604902E-01
  0.460377E+01  0.436804E-01  0.603271E-01
  0.460650E+01  0.500221E-01  0.604267E-01
  0.460923E+01  0.167080E+00  0.603401E-01
  0.461197E+01  0.712285E-01  0.600245E-01
  0.461470E+01  0.177951E+00  0.604071E-01
  0.461744E+01  0.188799E+00  0.605404E-01
  0.462017E+01  0.162391E+00  0.600496E-01
  0.462290E+01  0.147144E+00  0.600567E-01
  0.462564E+01  0.939312E-01  0.597901E-01
  0.462837E+01  0.124157E+00  0.605862E-01
  0.463111E+01  0.115954E+00  0.603966E-01
  0.463384E+01  0.140680E+00  0.601815E-01
  0.463657E+01  0.726527E-01  0.603466E-01
  0.463931E+01  0.941893E-01  0.602467E-01
  0.464204E+01  0.804787E-01  0.605557E-01
  0.464478E+01  0.139230E+00  0.601446E-01
  0.464751E+01  0.142511E+00  0.604261E-01
  0.465024E+01  0.193648E+00  0.605371E-01
  0.465298E+01  0.108072E+00  0.600247E-01
  0.465571E+01  0.622454E-01  0.603406E-01
  0.465845E+01  0.891628E-01  0.606876E-01
  0.466118E+01  0.579153E-01  0.602258E-01
  0.466391E+01  0.830099E-01  0.602779E-01
  0.466665E+01  0.162543E+00  0.597678E-01
  0.466938E+01  0.665122E-01  0.599194E-01
  0.467212E+01  0.139455E+00  0.601331E-01
  0.467485E+01  0.136971E+00  0.594399E-01
  0.467758E+01  0.396171E-01  0.598431E-01
  0.468032E+01  0.154431E+00  0.603542E-01
  0.468305E+01  0.149746E+00  0.607295E-01
  0.468579E+01  0.131567E+00  0.603625E-01
  0.468852E+01  0.753346E-01  0.601818E-01
  0.469125E+01  0.137563E+00  0.598736E-01
  0.469399E+01  0.201050E+00  0.605122E-01
  0.469672E+01  0.113376E+00  0.603338E-01
  0.469946E+01  0.878671E-01  0.601325E-01
  0.470219E+01  0.105066E+00  0.606591E-01
  0.470493E+01  0.389353E-03  0.601246E-01
  0.470766E+01  0.563496E-01  0.602607E-01
  0.471039E+01  0.147933E+00  0.598640E-01
  0.471313E+01  0.129948E+00  0.604890E-01
  0.471586E+01  0.164406E+00  0.605477E-01
  0.471860E+01  0.144518E+00  0.605233E-01
  0.472133E+01  0.475855E-01  0.602409E-01
  0.472406E+01  0.980197E-01  0.604745E-01
  0.472680E+01  0.205064E+00  0.606015E-01
  0.472953E+01  0.111132E+00  0.606220E-01
  0.473227E+01  0.205701E+00  0.609067E-01
  0.473500E+01  0.106072E+00  0.608225E-01
  0.473773E+01  0.230439E+00  0.603869E-01
  0.474047E+01  0.176801E+00  0.607479E-01
  0.474320E+01  0.107179E+00  0.611792E-01
  0.474594E+01  0.611087E-01  0.611961E-01
  0.474867E+01  0.202084E+00  0.604582E-01
  0.475140E+01  0.798580E-01  0.608466E-01
  0.475414E+01  0.768002E-01  0.604195E-01
  0.475687E+01  0.127080E+00  0.608566E-01
  0.475961E+01  0.118016E+00  0.611272E-01
  0.476234E+01  0.130194E+00  0.606259E-01
  0.476507E+01  0.168695E+00  0.603160E-01
  0.476781E+01  0.261305E-01  0.603946E-01
  0.477054E+01  0.145700E+00  0.611552E-01
  0.477328E+01  0.130681E+00  0.603802E-01
  0.477601E+01  0.126784E+00  0.608683E-01
  0.477874E+01  0.132376E+00  0.601831E-01
  0.478148E+01  0.114009E+00  0.605508E-01
  0.478421E+01  0.174627E+00  0.612586E-01
  0.478695E+01 -0.955031E-02  0.606640E-01
  0.478968E+01  0.391262E-02  0.605452E-01
  0.479241E+01  0.155531E+00  0.606032E-01
  0.479515E+01  0.938572E-01  0.607290E-01
  0.479788E+01  0.111051E+00  0.608311E-01
  0.480062E+01  0.939222E-01  0.604396E-01
  0.480335E+01  0.132435E+00  0.609144E-01
  0.480608E+01  0.170276E+00  0.609377E-01
  0.480882E+01  0.247268E+00  0.606616E-01
  0.481155E+01  0.864808E-01  0.605490E-01
  0.481429E+01  0.125256E+00  0.604466E-01
  0.481702E+01  0.113817E+00  0.603528E-01
  0.481975E+01  0.170819E+00  0.607552E-01
  0.482249E+01  0.188761E+00  0.612700E-01
  0.482522E+01  0.123595E+00  0.605988E-01
  0.482796E+01  0.126896E+00  0.614274E-01
  0.483069E+01  0.660058E-01  0.606979E-01
  0.483343E+01  0.104458E+00  0.608831E-01
  0.483616E+01  0.233269E+00  0.608859E-01
  0.483889E+01  0.195225E+00  0.608290E-01
  0.484163E+01  0.141110E+00  0.615039E-01
  0.484436E+01  0.573725E-01  0.604515E-01
  0.484710E+01  0.885192E-01  0.603567E-01
  0.484983E+01  0.204748E-01  0.612576E-01
  0.485256E+01  0.149548E+00  0.601240E-01
  0.485530E+01  0.180109E+00  0.607480E-01
  0.485803E+01  0.862234E-01  0.612492E-01
  0.486077E+01  0.890479E-01  0.608413E-01
  0.486350E+01  0.115722E+00  0.609827E-01
  0.486623E+01  0.162902E+00  0.610325E-01
  0.486897E+01  0.127216E+00  0.609038E-01
  0.487170E+01  0.125019E+00  0.605419E-01
  0.487444E+01  0.171277E+00  0.608516E-01
  0.487717E+01  0.628886E-01  0.603157E-01
  0.487990E+01  0.177509E+00  0.611295E-01
  0.488264E+01 -0.535997E-02  0.616807E-01
  0.488537E+01  0.820035E-01  0.605264E-01
  0.488811E+01  0.861609E-01  0.616620E-01
  0.489084E+01  0.145202E-01  0.610611E-01
  0.489357E+01  0.589776E-01  0.610285E-01
  0.489631E+01  0.109826E+00  0.610712E-01
  0.489904E+01  0.773247E-01  0.604700E-01
  0.490178E+01  0.164358E+00  0.610134E-01
  0.490451E+01  0.148737E+00  0.602010E-01
  0.490724E+01  0.206293E+00  0.611895E-01
  0.490998E+01  0.526957E-01  0.608605E-01
  0.491271E+01  0.295824E+00  0.614038E-01
  0.491545E+01  0.596855E-01  0.612819E-01
  0.491818E+01  0.114197E+00  0.613787E-01
  0.492091E+01  0.113914E+00  0.608096E-01
  0.492365E+01  0.137930E+00  0.608275E-01
  0.492638E+01  0.160246E+00  0.614226E-01
  0.492912E+01  0.158475E+00  0.611250E-01
  0.493185E+01  0.778866E-01  0.609003E-01
  0.493458E+01  0.151496E+00  0.609018E-01
  0.493732E+01  0.154611E+00  0.613760E-01
  0.494005E+01  0.153938E+00  0.615705E-01
  0.494279E+01  0.175248E+00  0.611008E-01
  0.494552E+01  0.155472E+00  0.610453E-01
  0.494825E+01  0.199937E+00  0.612763E-01
  0.495099E+01  0.776374E-01  0.611796E-01
  0.495372E+01  0.145452E+00  0.609710E-01
  0.495646E+01  0.104284E+00  0.610260E-01
  0.495919E+01  0.111676E+00  0.610014E-01
  0.496193E+01  0.101117E+00  0.612711E-01
  0.496466E+01  0.925068E-01  0.611187E-01
  0.496739E+01  0.830412E-01  0.615956E-01
  0.497013E+01  0.100654E+00  0.610886E-01
  0.497286E+01  0.149427E+00  0.615076E-01
  0.497560E+01  0.124154E+00  0.610853E-01
  0.497833E+01  0.139141E+00  0.613044E-01
  0.498106E+01  0.164102E+00  0.615261E-01
  0.498380E+01  0.131619E+00  0.619767E-01
  0.498653E+01  0.170126E+00  0.618979E-01
  0.498927E+01  0.122946E+00  0.606698E-01
  0.499200E+01  0.168803E+00  0.613967E-01
  0.499473E+01  0.169409E+00  0.617843E-01
  0.499747E+01  0.183140E+00  0.611256E-01
  0.500020E+01  0.154488E+00  0.608161E-01
