  0.464423E+00  0.289328E+02  0.179767E+00
  0.467157E+00  0.283669E+02  0.174857E+00
  0.469891E+00  0.282515E+02  0.176759E+00
  0.472625E+00  0.279533E+02  0.174823E+00
  0.475359E+00  0.275993E+02  0.173386E+00
  0.478093E+00  0.274011E+02  0.171469E+00
  0.480827E+00  0.269294E+02  0.169642E+00
  0.483561E+00  0.266457E+02  0.170199E+00
  0.486296E+00  0.261637E+02  0.167169E+00
  0.489030E+00  0.260136E+02  0.167285E+00
  0.491764E+00  0.255394E+02  0.163917E+00
  0.494498E+00  0.251404E+02  0.162181E+00
  0.497232E+00  0.248083E+02  0.162271E+00
  0.499966E+00  0.245452E+02  0.160051E+00
  0.502700E+00  0.242325E+02  0.158358E+00
  0.505434E+00  0.237757E+02  0.157217E+00
  0.508168E+00  0.238549E+02  0.158022E+00
  0.510902E+00  0.233344E+02  0.156330E+00
  0.513636E+00  0.229481E+02  0.152866E+00
  0.516370E+00  0.227972E+02  0.153813E+00
  0.519104E+00  0.224078E+02  0.152334E+00
  0.521838E+00  0.225386E+02  0.152689E+00
  0.524572E+00  0.218481E+02  0.150712E+00
  0.527306E+00  0.219147E+02  0.149381E+00
  0.530040E+00  0.214311E+02  0.148635E+00
  0.532774E+00  0.209850E+02  0.145039E+00
  0.535508E+00  0.210421E+02  0.146729E+00
  0.538242E+00  0.206965E+02  0.145921E+00
  0.540976E+00  0.203265E+02  0.143249E+00
  0.543710E+00  0.199457E+02  0.143036E+00
  0.546445E+00  0.196747E+02  0.140444E+00
  0.549179E+00  0.194047E+02  0.140564E+00
  0.551913E+00  0.192516E+02  0.138308E+00
  0.554647E+00  0.189272E+02  0.137844E+00
  0.557381E+00  0.187008E+02  0.137226E+00
  0.560115E+00  0.184522E+02  0.134069E+00
  0.562849E+00  0.182046E+02  0.133781E+00
  0.565583E+00  0.178698E+02  0.132966E+00
  0.568317E+00  0.177639E+02  0.133692E+00
  0.571051E+00  0.172617E+02  0.130373E+00
  0.573785E+00  0.171404E+02  0.130308E+00
  0.576519E+00  0.167861E+02  0.128757E+00
  0.579253E+00  0.166816E+02  0.128977E+00
  0.581987E+00  0.164814E+02  0.126729E+00
  0.584721E+00  0.164109E+02  0.127714E+00
  0.587455E+00  0.162778E+02  0.127156E+00
  0.590189E+00  0.158650E+02  0.124711E+00
  0.592923E+00  0.156885E+02  0.124867E+00
  0.595657E+00  0.154362E+02  0.122844E+00
  0.598391E+00  0.150845E+02  0.121645E+00
  0.601125E+00  0.148609E+02  0.121508E+00
  0.603859E+00  0.146387E+02  0.120422E+00
  0.606593E+00  0.146169E+02  0.119272E+00
  0.609328E+00  0.143920E+02  0.119296E+00
  0.612062E+00  0.141240E+02  0.117610E+00
  0.614796E+00  0.139101E+02  0.118193E+00
  0.617530E+00  0.136803E+02  0.115703E+00
  0.620264E+00  0.135741E+02  0.116167E+00
  0.622998E+00  0.133036E+02  0.115154E+00
  0.625732E+00  0.131016E+02  0.114157E+00
  0.628466E+00  0.129987E+02  0.112263E+00
  0.631200E+00  0.127144E+02  0.111018E+00
  0.633934E+00  0.125118E+02  0.112657E+00
  0.636668E+00  0.122725E+02  0.110864E+00
  0.639402E+00  0.121272E+02  0.109507E+00
  0.642136E+00  0.120121E+02  0.108825E+00
  0.644870E+00  0.119163E+02  0.107921E+00
  0.647604E+00  0.115404E+02  0.108271E+00
  0.650338E+00  0.114595E+02  0.106911E+00
  0.653072E+00  0.113455E+02  0.104953E+00
  0.655806E+00  0.110509E+02  0.106172E+00
  0.658540E+00  0.109279E+02  0.103762E+00
  0.661274E+00  0.107703E+02  0.105071E+00
  0.664008E+00  0.105015E+02  0.102004E+00
  0.666742E+00  0.105012E+02  0.102108E+00
  0.669476E+00  0.101921E+02  0.101668E+00
  0.672211E+00  0.101263E+02  0.101423E+00
  0.674945E+00  0.995714E+01  0.101572E+00
  0.677679E+00  0.976922E+01  0.979262E-01
  0.680413E+00  0.976252E+01  0.100392E+00
  0.683147E+00  0.951075E+01  0.994394E-01
  0.685881E+00  0.941258E+01  0.980228E-01
  0.688615E+00  0.935225E+01  0.987005E-01
  0.691349E+00  0.911599E+01  0.965836E-01
  0.694083E+00  0.905761E+01  0.966712E-01
  0.696817E+00  0.901914E+01  0.962436E-01
  0.699551E+00  0.860549E+01  0.939946E-01
  0.702285E+00  0.855151E+01  0.948061E-01
  0.705019E+00  0.836471E+01  0.944156E-01
  0.707753E+00  0.831136E+01  0.941012E-01
  0.710487E+00  0.809601E+01  0.919897E-01
  0.713221E+00  0.803885E+01  0.924073E-01
  0.715955E+00  0.802665E+01  0.923430E-01
  0.718689E+00  0.775941E+01  0.918431E-01
  0.721423E+00  0.772796E+01  0.912018E-01
  0.724157E+00  0.760880E+01  0.903765E-01
  0.726891E+00  0.738379E+01  0.892159E-01
  0.729625E+00  0.739412E+01  0.894479E-01
  0.732359E+00  0.732805E+01  0.888512E-01
  0.735094E+00  0.714470E+01  0.881842E-01
  0.737828E+00  0.692887E+01  0.863456E-01
  0.740562E+00  0.691891E+01  0.870863E-01
  0.743296E+00  0.662571E+01  0.865369E-01
  0.746030E+00  0.669943E+01  0.858657E-01
  0.748764E+00  0.653002E+01  0.848295E-01
  0.751498E+00  0.650620E+01  0.850835E-01
  0.754232E+00  0.638243E+01  0.852470E-01
  0.756966E+00  0.622730E+01  0.835602E-01
  0.759700E+00  0.622794E+01  0.840305E-01
  0.762434E+00  0.605791E+01  0.839012E-01
  0.765168E+00  0.599787E+01  0.835910E-01
  0.767902E+00  0.601528E+01  0.830128E-01
  0.770636E+00  0.579085E+01  0.821852E-01
  0.773370E+00  0.568588E+01  0.824275E-01
  0.776104E+00  0.558000E+01  0.815539E-01
  0.778838E+00  0.555752E+01  0.811446E-01
  0.781572E+00  0.564439E+01  0.806252E-01
  0.784306E+00  0.541557E+01  0.802606E-01
  0.787040E+00  0.539824E+01  0.807855E-01
  0.789774E+00  0.524658E+01  0.794258E-01
  0.792508E+00  0.510023E+01  0.791342E-01
  0.795242E+00  0.513202E+01  0.798811E-01
  0.797977E+00  0.503320E+01  0.796086E-01
  0.800711E+00  0.489100E+01  0.808678E-01
  0.803445E+00  0.497997E+01  0.788261E-01
  0.806179E+00  0.490062E+01  0.804181E-01
  0.808913E+00  0.473381E+01  0.791954E-01
  0.811647E+00  0.469039E+01  0.794890E-01
  0.814381E+00  0.454971E+01  0.783424E-01
  0.817115E+00  0.465341E+01  0.787885E-01
  0.819849E+00  0.439405E+01  0.793257E-01
  0.822583E+00  0.442519E+01  0.787998E-01
  0.825317E+00  0.433708E+01  0.786244E-01
  0.828051E+00  0.427931E+01  0.779921E-01
  0.830785E+00  0.422841E+01  0.775349E-01
  0.833519E+00  0.430741E+01  0.792502E-01
  0.836253E+00  0.407705E+01  0.776663E-01
  0.838987E+00  0.393189E+01  0.773821E-01
  0.841721E+00  0.398992E+01  0.782980E-01
  0.844455E+00  0.399851E+01  0.773719E-01
  0.847189E+00  0.390427E+01  0.780732E-01
  0.849923E+00  0.384857E+01  0.760585E-01
  0.852657E+00  0.381909E+01  0.774372E-01
  0.855391E+00  0.374038E+01  0.775191E-01
  0.858125E+00  0.375938E+01  0.780796E-01
  0.860860E+00  0.366464E+01  0.770887E-01
  0.863594E+00  0.364972E+01  0.759791E-01
  0.866328E+00  0.360357E+01  0.771235E-01
  0.869062E+00  0.350120E+01  0.766592E-01
  0.871796E+00  0.343776E+01  0.765104E-01
  0.874530E+00  0.351269E+01  0.763329E-01
  0.877264E+00  0.349451E+01  0.763990E-01
  0.879998E+00  0.342809E+01  0.770227E-01
  0.882732E+00  0.329861E+01  0.764919E-01
  0.885466E+00  0.326443E+01  0.754161E-01
  0.888200E+00  0.333180E+01  0.758750E-01
  0.890934E+00  0.317049E+01  0.750069E-01
  0.893668E+00  0.324540E+01  0.761582E-01
  0.896402E+00  0.321042E+01  0.757994E-01
  0.899136E+00  0.311629E+01  0.747871E-01
  0.901870E+00  0.310255E+01  0.753945E-01
  0.904604E+00  0.299203E+01  0.755431E-01
  0.907338E+00  0.297890E+01  0.744991E-01
  0.910072E+00  0.318133E+01  0.757766E-01
  0.912806E+00  0.294785E+01  0.749195E-01
  0.915540E+00  0.284406E+01  0.741434E-01
  0.918274E+00  0.291513E+01  0.754401E-01
  0.921009E+00  0.283114E+01  0.753326E-01
  0.923743E+00  0.278765E+01  0.747877E-01
  0.926477E+00  0.290037E+01  0.754717E-01
  0.929211E+00  0.277270E+01  0.732628E-01
  0.931945E+00  0.278655E+01  0.744427E-01
  0.934679E+00  0.277119E+01  0.739987E-01
  0.937413E+00  0.281279E+01  0.746338E-01
  0.940147E+00  0.272319E+01  0.746775E-01
  0.942881E+00  0.271482E+01  0.738454E-01
  0.945615E+00  0.263246E+01  0.746166E-01
  0.948349E+00  0.250661E+01  0.730631E-01
  0.951083E+00  0.269125E+01  0.743483E-01
  0.953817E+00  0.250450E+01  0.738301E-01
  0.956551E+00  0.250603E+01  0.738855E-01
  0.959285E+00  0.257405E+01  0.742817E-01
  0.962019E+00  0.251472E+01  0.727926E-01
  0.964753E+00  0.247064E+01  0.740321E-01
  0.967487E+00  0.257209E+01  0.736611E-01
  0.970221E+00  0.239999E+01  0.734501E-01
  0.972955E+00  0.242119E+01  0.733818E-01
  0.975689E+00  0.242580E+01  0.727781E-01
  0.978423E+00  0.243384E+01  0.741043E-01
  0.981157E+00  0.240236E+01  0.731226E-01
  0.983892E+00  0.248151E+01  0.745542E-01
  0.986626E+00  0.234764E+01  0.733014E-01
  0.989360E+00  0.247965E+01  0.732822E-01
  0.992094E+00  0.242504E+01  0.740434E-01
  0.994828E+00  0.233568E+01  0.726476E-01
  0.997562E+00  0.237443E+01  0.733823E-01
  0.100030E+01  0.222673E+01  0.717991E-01
  0.100303E+01  0.229974E+01  0.734833E-01
  0.100576E+01  0.224992E+01  0.729341E-01
  0.100850E+01  0.222194E+01  0.729632E-01
  0.101123E+01  0.237649E+01  0.735567E-01
  0.101397E+01  0.222917E+01  0.721455E-01
  0.101670E+01  0.223617E+01  0.738081E-01
  0.101943E+01  0.217773E+01  0.730647E-01
  0.102217E+01  0.211609E+01  0.726669E-01
  0.102490E+01  0.209596E+01  0.732131E-01
  0.102764E+01  0.221456E+01  0.714810E-01
  0.103037E+01  0.230288E+01  0.737761E-01
  0.103310E+01  0.207618E+01  0.721826E-01
  0.103584E+01  0.215906E+01  0.726934E-01
  0.103857E+01  0.211606E+01  0.731084E-01
  0.104131E+01  0.209180E+01  0.722647E-01
  0.104404E+01  0.214059E+01  0.732724E-01
  0.104677E+01  0.212916E+01  0.718102E-01
  0.104951E+01  0.214428E+01  0.725663E-01
  0.105224E+01  0.211261E+01  0.723239E-01
  0.105498E+01  0.210353E+01  0.717992E-01
  0.105771E+01  0.210250E+01  0.727680E-01
  0.106044E+01  0.196505E+01  0.715200E-01
  0.106318E+01  0.198162E+01  0.716427E-01
  0.106591E+01  0.208241E+01  0.715811E-01
  0.106865E+01  0.198837E+01  0.714005E-01
  0.107138E+01  0.206647E+01  0.726344E-01
  0.107411E+01  0.196280E+01  0.709766E-01
  0.107685E+01  0.204794E+01  0.723820E-01
  0.107958E+01  0.204748E+01  0.714172E-01
  0.108232E+01  0.196794E+01  0.709981E-01
  0.108505E+01  0.202430E+01  0.721335E-01
  0.108779E+01  0.194982E+01  0.713435E-01
  0.109052E+01  0.198947E+01  0.725470E-01
  0.109325E+01  0.197955E+01  0.713431E-01
  0.109599E+01  0.191459E+01  0.720423E-01
  0.109872E+01  0.187353E+01  0.715573E-01
  0.110146E+01  0.197733E+01  0.719216E-01
  0.110419E+01  0.190745E+01  0.720462E-01
  0.110692E+01  0.188599E+01  0.713168E-01
  0.110966E+01  0.201302E+01  0.721531E-01
  0.111239E+01  0.182282E+01  0.710991E-01
  0.111513E+01  0.180463E+01  0.702431E-01
  0.111786E+01  0.190795E+01  0.719028E-01
  0.112059E+01  0.181139E+01  0.705495E-01
  0.112333E+01  0.188319E+01  0.712345E-01
  0.112606E+01  0.176467E+01  0.713327E-01
  0.112880E+01  0.176408E+01  0.704552E-01
  0.113153E+01  0.194757E+01  0.715478E-01
  0.113426E+01  0.180711E+01  0.708114E-01
  0.113700E+01  0.180420E+01  0.706796E-01
  0.113973E+01  0.167925E+01  0.706380E-01
  0.114247E+01  0.199445E+01  0.715571E-01
  0.114520E+01  0.180233E+01  0.710081E-01
  0.114793E+01  0.170388E+01  0.710716E-01
  0.115067E+01  0.183833E+01  0.708167E-01
  0.115340E+01  0.169769E+01  0.708489E-01
  0.115614E+01  0.171057E+01  0.705181E-01
  0.115887E+01  0.170548E+01  0.702744E-01
  0.116160E+01  0.170712E+01  0.704270E-01
  0.116434E+01  0.173821E+01  0.704624E-01
  0.116707E+01  0.176727E+01  0.712446E-01
  0.116981E+01  0.182258E+01  0.706869E-01
  0.117254E+01  0.172778E+01  0.702381E-01
  0.117527E+01  0.169230E+01  0.704931E-01
  0.117801E+01  0.173046E+01  0.706499E-01
  0.118074E+01  0.166911E+01  0.707218E-01
  0.118348E+01  0.156773E+01  0.700191E-01
  0.118621E+01  0.178420E+01  0.703592E-01
  0.118894E+01  0.168162E+01  0.702228E-01
  0.119168E+01  0.170089E+01  0.702689E-01
  0.119441E+01  0.161179E+01  0.703754E-01
  0.119715E+01  0.164733E+01  0.700236E-01
  0.119988E+01  0.172349E+01  0.699803E-01
  0.120262E+01  0.160803E+01  0.698363E-01
  0.120535E+01  0.163022E+01  0.694508E-01
  0.120808E+01  0.166747E+01  0.697295E-01
  0.121082E+01  0.160893E+01  0.693498E-01
  0.121355E+01  0.166251E+01  0.703130E-01
  0.121629E+01  0.154842E+01  0.700523E-01
  0.121902E+01  0.168785E+01  0.697424E-01
  0.122175E+01  0.154822E+01  0.696792E-01
  0.122449E+01  0.162614E+01  0.694533E-01
  0.122722E+01  0.159909E+01  0.702626E-01
  0.122996E+01  0.154217E+01  0.744160E-01
  0.123269E+01  0.144402E+01  0.761469E-01
  0.123816E+01  0.160321E+01  0.784264E-01
  0.124089E+01  0.153664E+01  0.802607E-01
  0.124363E+01  0.140271E+01  0.819453E-01
  0.124636E+01  0.150181E+01  0.831879E-01
  0.124909E+01  0.142687E+01  0.844050E-01
  0.125183E+01  0.155982E+01  0.863279E-01
  0.125456E+01  0.158163E+01  0.848338E-01
  0.125730E+01  0.151487E+01  0.871690E-01
  0.126003E+01  0.149290E+01  0.891386E-01
  0.126276E+01  0.142256E+01  0.902742E-01
  0.126550E+01  0.139287E+01  0.819951E-01
  0.126823E+01  0.141999E+01  0.799656E-01
  0.127097E+01  0.148078E+01  0.781400E-01
  0.127370E+01  0.140910E+01  0.766234E-01
  0.127643E+01  0.143131E+01  0.753043E-01
  0.127917E+01  0.142617E+01  0.750758E-01
  0.128190E+01  0.142503E+01  0.740841E-01
  0.128464E+01  0.143660E+01  0.740979E-01
  0.128737E+01  0.142604E+01  0.735006E-01
  0.129010E+01  0.138907E+01  0.727308E-01
  0.129284E+01  0.141541E+01  0.720222E-01
  0.129557E+01  0.143952E+01  0.720084E-01
  0.129831E+01  0.143832E+01  0.709301E-01
  0.130104E+01  0.141185E+01  0.715293E-01
  0.130377E+01  0.138771E+01  0.706587E-01
  0.130651E+01  0.123778E+01  0.700408E-01
  0.130924E+01  0.140170E+01  0.707091E-01
  0.131198E+01  0.120758E+01  0.700137E-01
  0.131471E+01  0.133902E+01  0.697542E-01
  0.131744E+01  0.131036E+01  0.693781E-01
  0.132018E+01  0.119827E+01  0.694845E-01
  0.132291E+01  0.139630E+01  0.705296E-01
  0.132565E+01  0.128705E+01  0.691019E-01
  0.132838E+01  0.128272E+01  0.689141E-01
  0.133112E+01  0.134961E+01  0.691562E-01
  0.133385E+01  0.132372E+01  0.698156E-01
  0.133658E+01  0.120221E+01  0.700988E-01
  0.133932E+01  0.115138E+01  0.679658E-01
  0.134205E+01  0.110593E+01  0.691575E-01
  0.134479E+01  0.129222E+01  0.690056E-01
  0.134752E+01  0.126287E+01  0.695592E-01
  0.135025E+01  0.118475E+01  0.689112E-01
  0.135299E+01  0.120382E+01  0.688894E-01
  0.135572E+01  0.128493E+01  0.691891E-01
  0.135846E+01  0.116322E+01  0.691959E-01
  0.136119E+01  0.116621E+01  0.678753E-01
  0.136392E+01  0.106693E+01  0.680938E-01
  0.136666E+01  0.110561E+01  0.683509E-01
  0.136939E+01  0.106470E+01  0.682326E-01
  0.137213E+01  0.116638E+01  0.679751E-01
  0.137486E+01  0.115436E+01  0.683365E-01
  0.137759E+01  0.118361E+01  0.681097E-01
  0.138033E+01  0.106075E+01  0.685569E-01
  0.138306E+01  0.109455E+01  0.687094E-01
  0.138580E+01  0.104072E+01  0.677838E-01
  0.138853E+01  0.100491E+01  0.675438E-01
  0.139126E+01  0.114984E+01  0.678464E-01
  0.139400E+01  0.108701E+01  0.673819E-01
  0.139673E+01  0.114935E+01  0.688078E-01
  0.139947E+01  0.107487E+01  0.680077E-01
  0.140220E+01  0.106812E+01  0.676149E-01
  0.140493E+01  0.946542E+00  0.678400E-01
  0.140767E+01  0.104548E+01  0.671875E-01
  0.141040E+01  0.110884E+01  0.675835E-01
  0.141314E+01  0.929221E+00  0.681063E-01
  0.141587E+01  0.982468E+00  0.671332E-01
  0.141860E+01  0.105911E+01  0.676521E-01
  0.142134E+01  0.991227E+00  0.672345E-01
  0.142407E+01  0.895477E+00  0.670797E-01
  0.142681E+01  0.937889E+00  0.673264E-01
  0.142954E+01  0.990819E+00  0.668512E-01
  0.143227E+01  0.989687E+00  0.667670E-01
  0.143501E+01  0.866459E+00  0.675502E-01
  0.143774E+01  0.993021E+00  0.669519E-01
  0.144048E+01  0.100635E+01  0.673334E-01
  0.144321E+01  0.968339E+00  0.663173E-01
  0.144594E+01  0.978938E+00  0.675044E-01
  0.144868E+01  0.940978E+00  0.670864E-01
  0.145141E+01  0.100509E+01  0.672596E-01
  0.145415E+01  0.931817E+00  0.666502E-01
  0.145688E+01  0.906312E+00  0.665900E-01
  0.145962E+01  0.810687E+00  0.662919E-01
  0.146235E+01  0.868557E+00  0.657108E-01
  0.146508E+01  0.877709E+00  0.661700E-01
  0.146782E+01  0.949258E+00  0.665557E-01
  0.147055E+01  0.829646E+00  0.655168E-01
  0.147329E+01  0.924874E+00  0.657427E-01
  0.147602E+01  0.886932E+00  0.654119E-01
  0.147875E+01  0.870426E+00  0.649063E-01
  0.148149E+01  0.796935E+00  0.648436E-01
  0.148422E+01  0.818035E+00  0.645655E-01
  0.148696E+01  0.780870E+00  0.648925E-01
  0.148969E+01  0.863827E+00  0.639891E-01
  0.149242E+01  0.823621E+00  0.649652E-01
  0.149516E+01  0.790082E+00  0.648035E-01
  0.149789E+01  0.780331E+00  0.644382E-01
  0.150063E+01  0.826809E+00  0.644949E-01
  0.150336E+01  0.808277E+00  0.644875E-01
  0.150609E+01  0.912989E+00  0.650427E-01
  0.150883E+01  0.750583E+00  0.643692E-01
  0.151156E+01  0.732390E+00  0.643699E-01
  0.151430E+01  0.753665E+00  0.640408E-01
  0.151703E+01  0.757208E+00  0.654359E-01
  0.151976E+01  0.719600E+00  0.636899E-01
  0.152250E+01  0.696943E+00  0.637721E-01
  0.152523E+01  0.806390E+00  0.642197E-01
  0.152797E+01  0.663150E+00  0.640893E-01
  0.153070E+01  0.711497E+00  0.640049E-01
  0.153343E+01  0.766762E+00  0.640480E-01
  0.153617E+01  0.613790E+00  0.644742E-01
  0.153890E+01  0.674849E+00  0.634493E-01
  0.154164E+01  0.682884E+00  0.643662E-01
  0.154437E+01  0.742181E+00  0.638225E-01
  0.154710E+01  0.761028E+00  0.637647E-01
  0.154984E+01  0.699952E+00  0.640403E-01
  0.155257E+01  0.737309E+00  0.639589E-01
  0.155531E+01  0.669006E+00  0.636564E-01
  0.155804E+01  0.629372E+00  0.637512E-01
  0.156077E+01  0.595406E+00  0.636917E-01
  0.156351E+01  0.654760E+00  0.641059E-01
  0.156624E+01  0.711602E+00  0.639216E-01
  0.156898E+01  0.627076E+00  0.631502E-01
  0.157171E+01  0.622948E+00  0.632825E-01
  0.157444E+01  0.687557E+00  0.641246E-01
  0.157718E+01  0.629562E+00  0.640533E-01
  0.157991E+01  0.701208E+00  0.640056E-01
  0.158265E+01  0.556534E+00  0.633732E-01
  0.158538E+01  0.581041E+00  0.635140E-01
  0.158812E+01  0.622944E+00  0.632661E-01
  0.159085E+01  0.650807E+00  0.629330E-01
  0.159358E+01  0.502997E+00  0.630046E-01
  0.159632E+01  0.563847E+00  0.633285E-01
  0.159905E+01  0.663721E+00  0.632057E-01
  0.160179E+01  0.545653E+00  0.631762E-01
  0.160452E+01  0.543050E+00  0.628859E-01
  0.160725E+01  0.583738E+00  0.630493E-01
  0.160999E+01  0.597019E+00  0.631157E-01
  0.161272E+01  0.528401E+00  0.635456E-01
  0.161546E+01  0.551500E+00  0.631999E-01
  0.161819E+01  0.499840E+00  0.628089E-01
  0.162092E+01  0.498029E+00  0.634101E-01
  0.162366E+01  0.483251E+00  0.631623E-01
  0.162639E+01  0.669013E+00  0.634078E-01
  0.162913E+01  0.645126E+00  0.626331E-01
  0.163186E+01  0.541355E+00  0.627396E-01
  0.163459E+01  0.544290E+00  0.631595E-01
  0.163733E+01  0.505022E+00  0.633008E-01
  0.164006E+01  0.603216E+00  0.623762E-01
  0.164280E+01  0.559093E+00  0.630520E-01
  0.164553E+01  0.548819E+00  0.634219E-01
  0.164826E+01  0.487667E+00  0.629139E-01
  0.165100E+01  0.580955E+00  0.622083E-01
  0.165373E+01  0.554319E+00  0.628701E-01
  0.165647E+01  0.431198E+00  0.639369E-01
  0.165920E+01  0.467450E+00  0.627189E-01
  0.166193E+01  0.319101E+00  0.622535E-01
  0.166467E+01  0.507336E+00  0.622900E-01
  0.166740E+01  0.536616E+00  0.624870E-01
  0.167014E+01  0.543403E+00  0.630455E-01
  0.167287E+01  0.580610E+00  0.629759E-01
  0.167560E+01  0.480912E+00  0.619598E-01
  0.167834E+01  0.473970E+00  0.627454E-01
  0.168107E+01  0.499147E+00  0.628832E-01
  0.168381E+01  0.496795E+00  0.629282E-01
  0.168654E+01  0.462543E+00  0.617071E-01
  0.168927E+01  0.612080E+00  0.629645E-01
  0.169201E+01  0.477638E+00  0.624193E-01
  0.169474E+01  0.440211E+00  0.626496E-01
  0.169748E+01  0.462910E+00  0.613921E-01
  0.170021E+01  0.468893E+00  0.627170E-01
  0.170295E+01  0.430237E+00  0.622798E-01
  0.170568E+01  0.393792E+00  0.624474E-01
  0.170841E+01  0.329895E+00  0.616938E-01
  0.171115E+01  0.362540E+00  0.618615E-01
  0.171388E+01  0.453664E+00  0.626575E-01
  0.171662E+01  0.475357E+00  0.620884E-01
  0.171935E+01  0.421153E+00  0.620328E-01
  0.172208E+01  0.407347E+00  0.617767E-01
  0.172482E+01  0.389270E+00  0.619665E-01
  0.172755E+01  0.527154E+00  0.625610E-01
  0.173029E+01  0.383541E+00  0.627941E-01
  0.173302E+01  0.355934E+00  0.618853E-01
  0.173575E+01  0.463421E+00  0.622498E-01
  0.173849E+01  0.421500E+00  0.617080E-01
  0.174122E+01  0.392861E+00  0.620665E-01
  0.174396E+01  0.520980E+00  0.620394E-01
  0.174669E+01  0.337603E+00  0.614158E-01
  0.174942E+01  0.477573E+00  0.618576E-01
  0.175216E+01  0.455245E+00  0.617389E-01
  0.175489E+01  0.492080E+00  0.614776E-01
  0.175763E+01  0.373464E+00  0.613210E-01
  0.176036E+01  0.437996E+00  0.620652E-01
  0.176309E+01  0.263200E+00  0.612464E-01
  0.176583E+01  0.427207E+00  0.616686E-01
  0.176856E+01  0.420437E+00  0.621421E-01
  0.177130E+01  0.374797E+00  0.620640E-01
  0.177403E+01  0.413706E+00  0.615383E-01
  0.177676E+01  0.371165E+00  0.617541E-01
  0.177950E+01  0.397130E+00  0.613642E-01
  0.178223E+01  0.358253E+00  0.611298E-01
  0.178497E+01  0.393740E+00  0.617329E-01
  0.178770E+01  0.456949E+00  0.617962E-01
  0.179043E+01  0.332864E+00  0.615699E-01
  0.179317E+01  0.405298E+00  0.616162E-01
  0.179590E+01  0.347182E+00  0.612111E-01
  0.179864E+01  0.336173E+00  0.619249E-01
  0.180137E+01  0.386269E+00  0.623598E-01
  0.180410E+01  0.371961E+00  0.614732E-01
  0.180684E+01  0.402063E+00  0.612621E-01
  0.180957E+01  0.415057E+00  0.619933E-01
  0.181231E+01  0.351014E+00  0.620148E-01
  0.181504E+01  0.404174E+00  0.615220E-01
  0.181777E+01  0.361645E+00  0.611441E-01
  0.182051E+01  0.380585E+00  0.620652E-01
  0.182324E+01  0.361047E+00  0.615875E-01
  0.182598E+01  0.400188E+00  0.613488E-01
  0.182871E+01  0.286569E+00  0.607269E-01
  0.183145E+01  0.397198E+00  0.604701E-01
  0.183418E+01  0.334247E+00  0.619555E-01
  0.183691E+01  0.344893E+00  0.622317E-01
  0.183965E+01  0.387175E+00  0.617434E-01
  0.184238E+01  0.264969E+00  0.610220E-01
  0.184512E+01  0.293883E+00  0.607386E-01
  0.184785E+01  0.368732E+00  0.619876E-01
  0.185058E+01  0.384567E+00  0.611173E-01
  0.185332E+01  0.359654E+00  0.618472E-01
  0.185605E+01  0.314952E+00  0.609325E-01
  0.185879E+01  0.354994E+00  0.611221E-01
  0.186152E+01  0.339187E+00  0.610927E-01
  0.186425E+01  0.312712E+00  0.608776E-01
  0.186699E+01  0.303382E+00  0.612308E-01
  0.186972E+01  0.281045E+00  0.616432E-01
  0.187246E+01  0.249322E+00  0.606851E-01
  0.187519E+01  0.348822E+00  0.608427E-01
  0.187792E+01  0.390867E+00  0.609531E-01
  0.188066E+01  0.362759E+00  0.607700E-01
  0.188339E+01  0.252976E+00  0.606147E-01
  0.188613E+01  0.339549E+00  0.612397E-01
  0.188886E+01  0.349666E+00  0.607569E-01
  0.189159E+01  0.350516E+00  0.607925E-01
  0.189433E+01  0.321622E+00  0.607174E-01
  0.189706E+01  0.352966E+00  0.608775E-01
  0.189980E+01  0.294324E+00  0.606438E-01
  0.190253E+01  0.326290E+00  0.604674E-01
  0.190526E+01  0.280020E+00  0.612641E-01
  0.190800E+01  0.351851E+00  0.606188E-01
  0.191073E+01  0.325233E+00  0.605631E-01
  0.191347E+01  0.318685E+00  0.613062E-01
  0.191620E+01  0.239657E+00  0.605894E-01
  0.191893E+01  0.217960E+00  0.602446E-01
  0.192167E+01  0.331960E+00  0.608779E-01
  0.192440E+01  0.296782E+00  0.603496E-01
  0.192714E+01  0.228512E+00  0.604738E-01
  0.192987E+01  0.224151E+00  0.603285E-01
  0.193260E+01  0.258879E+00  0.604295E-01
  0.193534E+01  0.313224E+00  0.608550E-01
  0.193807E+01  0.428465E+00  0.607099E-01
  0.194081E+01  0.371165E+00  0.604688E-01
  0.194354E+01  0.271036E+00  0.596404E-01
  0.194627E+01  0.349595E+00  0.606595E-01
  0.194901E+01  0.239726E+00  0.604317E-01
  0.195174E+01  0.259813E+00  0.599363E-01
  0.195448E+01  0.290822E+00  0.603170E-01
  0.195721E+01  0.312008E+00  0.605677E-01
  0.195995E+01  0.303467E+00  0.600666E-01
  0.196268E+01  0.276980E+00  0.606356E-01
  0.196541E+01  0.345324E+00  0.606100E-01
  0.196815E+01  0.322897E+00  0.602931E-01
  0.197088E+01  0.356669E+00  0.609876E-01
  0.197362E+01  0.328731E+00  0.606221E-01
  0.197635E+01  0.270637E+00  0.601057E-01
  0.197908E+01  0.245123E+00  0.603102E-01
  0.198182E+01  0.244482E+00  0.601247E-01
  0.198455E+01  0.328394E+00  0.600665E-01
  0.198729E+01  0.271761E+00  0.600221E-01
  0.199002E+01  0.251621E+00  0.607557E-01
  0.199275E+01  0.184289E+00  0.605042E-01
  0.199549E+01  0.205129E+00  0.599693E-01
  0.199822E+01  0.211835E+00  0.597374E-01
  0.200096E+01  0.287644E+00  0.598497E-01
  0.200369E+01  0.285815E+00  0.606906E-01
  0.200642E+01  0.110560E+00  0.597523E-01
  0.200916E+01  0.276503E+00  0.601387E-01
  0.201189E+01  0.221736E+00  0.601568E-01
  0.201463E+01  0.294276E+00  0.601217E-01
  0.201736E+01  0.296493E+00  0.605144E-01
  0.202009E+01  0.304699E+00  0.603885E-01
  0.202283E+01  0.258699E+00  0.599698E-01
  0.202556E+01  0.276032E+00  0.604161E-01
  0.202830E+01  0.252609E+00  0.594584E-01
  0.203103E+01  0.272297E+00  0.609429E-01
  0.203376E+01  0.258148E+00  0.608914E-01
  0.203650E+01  0.247147E+00  0.600821E-01
  0.203923E+01  0.337049E+00  0.598065E-01
  0.204197E+01  0.233610E+00  0.607576E-01
  0.204470E+01  0.269976E+00  0.601728E-01
  0.204743E+01  0.246963E+00  0.597961E-01
  0.205017E+01  0.222373E+00  0.597062E-01
  0.205290E+01  0.246126E+00  0.600204E-01
  0.205564E+01  0.119618E+00  0.600724E-01
  0.205837E+01  0.239932E+00  0.600146E-01
  0.206110E+01  0.193106E+00  0.599729E-01
  0.206384E+01  0.316470E+00  0.597547E-01
  0.206657E+01  0.242164E+00  0.600659E-01
  0.206931E+01  0.212858E+00  0.601652E-01
  0.207204E+01  0.256279E+00  0.601277E-01
  0.207477E+01  0.261293E+00  0.603248E-01
  0.207751E+01  0.311477E+00  0.595963E-01
  0.208024E+01  0.308569E+00  0.597796E-01
  0.208298E+01  0.182440E+00  0.597218E-01
  0.208571E+01  0.260098E+00  0.600569E-01
  0.208845E+01  0.268874E+00  0.600539E-01
  0.209118E+01  0.237455E+00  0.600505E-01
  0.209391E+01  0.228830E+00  0.598930E-01
  0.209665E+01  0.212777E+00  0.597031E-01
  0.209938E+01  0.274335E+00  0.594656E-01
  0.210212E+01  0.164568E+00  0.593428E-01
  0.210485E+01  0.186568E+00  0.601156E-01
  0.210758E+01  0.160889E+00  0.597014E-01
  0.211032E+01  0.152986E+00  0.594606E-01
  0.211305E+01  0.233924E+00  0.593188E-01
  0.211579E+01  0.159035E+00  0.592961E-01
  0.211852E+01  0.228366E+00  0.589144E-01
  0.212125E+01  0.287918E+00  0.597456E-01
  0.212399E+01  0.238154E+00  0.594612E-01
  0.212672E+01  0.296412E+00  0.603123E-01
  0.212946E+01  0.323334E+00  0.590542E-01
  0.213219E+01  0.173291E+00  0.596812E-01
  0.213492E+01  0.209253E+00  0.596451E-01
  0.213766E+01  0.198260E+00  0.593854E-01
  0.214039E+01  0.297019E+00  0.595873E-01
  0.214313E+01  0.339493E+00  0.599116E-01
  0.214586E+01  0.196487E+00  0.598411E-01
  0.214859E+01  0.170622E+00  0.588429E-01
  0.215133E+01  0.233711E+00  0.599472E-01
  0.215406E+01  0.283377E+00  0.595217E-01
  0.215680E+01  0.285166E+00  0.590426E-01
  0.215953E+01  0.119024E+00  0.590937E-01
  0.216226E+01  0.264139E+00  0.587578E-01
  0.216500E+01  0.196788E+00  0.588833E-01
  0.216773E+01  0.216176E+00  0.593237E-01
  0.217047E+01  0.170932E+00  0.592028E-01
  0.217320E+01  0.108894E+00  0.588770E-01
  0.217593E+01  0.232631E+00  0.594097E-01
  0.217867E+01  0.230386E+00  0.589727E-01
  0.218140E+01  0.216249E+00  0.593554E-01
  0.218414E+01  0.180127E+00  0.591007E-01
  0.218687E+01  0.249982E+00  0.597757E-01
  0.218960E+01  0.261441E+00  0.594605E-01
  0.219234E+01  0.224326E+00  0.586882E-01
  0.219507E+01  0.227422E+00  0.592169E-01
  0.219781E+01  0.205677E+00  0.587237E-01
  0.220054E+01  0.207996E+00  0.592875E-01
  0.220328E+01  0.171009E+00  0.593817E-01
  0.220601E+01  0.143660E+00  0.584752E-01
  0.220874E+01  0.150489E+00  0.589680E-01
  0.221148E+01  0.187420E+00  0.589766E-01
  0.221421E+01  0.970908E-01  0.584836E-01
  0.221695E+01  0.386963E+00  0.594635E-01
  0.221968E+01  0.238286E+00  0.589126E-01
  0.222241E+01  0.113708E+00  0.593101E-01
  0.222515E+01  0.168551E+00  0.586099E-01
  0.222788E+01  0.199914E+00  0.592698E-01
  0.223062E+01  0.242071E+00  0.588666E-01
  0.223335E+01  0.239315E+00  0.588700E-01
  0.223608E+01  0.234213E+00  0.588693E-01
  0.223882E+01  0.216389E+00  0.588187E-01
  0.224155E+01  0.188977E+00  0.593483E-01
  0.224429E+01  0.330979E+00  0.591832E-01
  0.224702E+01  0.206869E+00  0.591474E-01
  0.224975E+01  0.194808E+00  0.587712E-01
  0.225249E+01  0.269246E+00  0.585150E-01
  0.225522E+01  0.130398E+00  0.586259E-01
  0.225796E+01  0.178799E+00  0.583820E-01
  0.226069E+01  0.117401E+00  0.589097E-01
  0.226342E+01  0.151154E+00  0.588542E-01
  0.226616E+01  0.161029E+00  0.589328E-01
  0.226889E+01  0.204029E+00  0.590037E-01
  0.227163E+01  0.267698E+00  0.586701E-01
  0.227436E+01  0.208759E+00  0.583007E-01
  0.227709E+01  0.234384E+00  0.586920E-01
  0.227983E+01  0.273791E+00  0.589548E-01
  0.228256E+01  0.251631E+00  0.589264E-01
  0.228530E+01  0.239238E+00  0.583525E-01
  0.228803E+01  0.143841E+00  0.587946E-01
  0.229076E+01  0.146837E+00  0.587277E-01
  0.229350E+01  0.158427E+00  0.584803E-01
  0.229623E+01  0.221141E+00  0.583576E-01
  0.229897E+01  0.313175E+00  0.586649E-01
  0.230170E+01  0.165100E+00  0.582349E-01
  0.230443E+01  0.211338E+00  0.582338E-01
  0.230717E+01  0.247447E+00  0.587335E-01
  0.230990E+01  0.190182E+00  0.587314E-01
  0.231264E+01  0.138012E+00  0.587011E-01
  0.231537E+01  0.200489E+00  0.577402E-01
  0.231810E+01  0.230165E+00  0.585868E-01
  0.232084E+01  0.183510E+00  0.582200E-01
  0.232357E+01  0.210355E+00  0.585694E-01
  0.232631E+01  0.202420E+00  0.580837E-01
  0.232904E+01  0.222812E+00  0.581576E-01
  0.233178E+01  0.242502E+00  0.580980E-01
  0.233451E+01  0.273798E+00  0.587883E-01
  0.233724E+01  0.215970E+00  0.578900E-01
  0.233998E+01  0.247887E+00  0.585861E-01
  0.234271E+01  0.156694E+00  0.587519E-01
  0.234545E+01  0.955680E-01  0.584348E-01
  0.234818E+01  0.148607E+00  0.586125E-01
  0.235091E+01  0.159192E+00  0.577959E-01
  0.235365E+01  0.267390E+00  0.587199E-01
  0.235638E+01  0.821703E-01  0.578620E-01
  0.235912E+01  0.171954E+00  0.584392E-01
  0.236185E+01  0.189979E+00  0.582548E-01
  0.236458E+01  0.170051E+00  0.584481E-01
  0.236732E+01  0.131834E+00  0.579936E-01
  0.237005E+01  0.197596E+00  0.582448E-01
  0.237279E+01  0.140320E+00  0.576013E-01
  0.237552E+01  0.216211E+00  0.581829E-01
  0.237825E+01  0.154174E+00  0.582319E-01
  0.238099E+01  0.236041E+00  0.583498E-01
  0.238372E+01  0.154602E+00  0.576159E-01
  0.238646E+01  0.116484E+00  0.581456E-01
  0.238919E+01  0.136994E+00  0.579210E-01
  0.239192E+01  0.198194E+00  0.581275E-01
  0.239466E+01  0.212205E+00  0.585332E-01
  0.239739E+01  0.113397E+00  0.578999E-01
  0.240013E+01  0.157768E+00  0.577962E-01
  0.240286E+01  0.148903E+00  0.582070E-01
  0.240559E+01  0.193791E+00  0.579704E-01
  0.240833E+01  0.250389E+00  0.585484E-01
  0.241106E+01  0.150722E+00  0.581705E-01
  0.241380E+01  0.181079E+00  0.583149E-01
  0.241653E+01  0.232912E+00  0.575372E-01
  0.241926E+01  0.221671E+00  0.577857E-01
  0.242200E+01  0.146083E+00  0.573497E-01
  0.242473E+01  0.259487E+00  0.577913E-01
  0.242747E+01  0.270200E+00  0.579655E-01
  0.243020E+01  0.172094E+00  0.577487E-01
  0.243293E+01  0.182819E+00  0.577953E-01
  0.243567E+01  0.191639E+00  0.578287E-01
  0.243840E+01  0.172240E+00  0.569500E-01
  0.244114E+01  0.156940E+00  0.581696E-01
  0.244387E+01  0.260836E+00  0.578116E-01
  0.244660E+01  0.218908E+00  0.584429E-01
  0.244934E+01  0.250561E+00  0.579100E-01
  0.245207E+01  0.103461E+00  0.575804E-01
  0.245481E+01  0.243156E+00  0.583759E-01
  0.245754E+01  0.216472E+00  0.577678E-01
  0.246028E+01  0.149338E+00  0.576079E-01
  0.246301E+01  0.214498E+00  0.581689E-01
  0.246574E+01  0.135732E+00  0.577087E-01
  0.246848E+01  0.262656E+00  0.577972E-01
  0.247121E+01  0.152291E+00  0.576337E-01
  0.247395E+01  0.193382E+00  0.577842E-01
  0.247668E+01  0.216818E+00  0.581706E-01
  0.247941E+01  0.118491E+00  0.574630E-01
  0.248215E+01  0.202366E+00  0.577043E-01
  0.248488E+01  0.218666E+00  0.576890E-01
  0.248762E+01  0.208326E+00  0.580436E-01
  0.249035E+01  0.205207E+00  0.577550E-01
  0.249308E+01  0.204521E+00  0.571577E-01
  0.249582E+01  0.220329E+00  0.577726E-01
  0.249855E+01  0.213703E+00  0.575764E-01
  0.250129E+01  0.152603E+00  0.572042E-01
  0.250402E+01  0.163650E+00  0.577802E-01
  0.250675E+01  0.196441E+00  0.574288E-01
  0.250949E+01  0.166571E+00  0.575543E-01
  0.251222E+01  0.764444E-01  0.574471E-01
  0.251496E+01  0.259238E+00  0.578099E-01
  0.251769E+01  0.189666E+00  0.575666E-01
  0.252042E+01  0.209021E+00  0.574484E-01
  0.252316E+01  0.235532E+00  0.578671E-01
  0.252589E+01  0.169307E+00  0.573394E-01
  0.252863E+01  0.101502E+00  0.572489E-01
  0.253136E+01  0.198644E+00  0.580382E-01
  0.253409E+01  0.208615E+00  0.570848E-01
  0.253683E+01  0.183425E+00  0.577982E-01
  0.253956E+01  0.239504E+00  0.579035E-01
  0.254230E+01  0.257958E+00  0.576538E-01
  0.254503E+01  0.217712E+00  0.578124E-01
  0.254776E+01  0.138463E+00  0.570040E-01
  0.255050E+01  0.286190E+00  0.577908E-01
  0.255323E+01  0.262782E+00  0.575709E-01
  0.255597E+01  0.303976E+00  0.579849E-01
  0.255870E+01  0.222952E+00  0.574794E-01
  0.256143E+01  0.260656E+00  0.571676E-01
  0.256417E+01  0.217056E+00  0.574985E-01
  0.256690E+01  0.116389E+00  0.570388E-01
  0.256964E+01  0.278556E+00  0.577652E-01
  0.257237E+01  0.137755E+00  0.567655E-01
  0.257510E+01  0.266559E+00  0.573716E-01
  0.257784E+01  0.267079E+00  0.574991E-01
  0.258057E+01  0.215463E+00  0.578860E-01
  0.258331E+01  0.229333E+00  0.635785E-01
  0.258604E+01  0.231094E+00  0.675367E-01
  0.258878E+01  0.258497E+00  0.710718E-01
  0.259151E+01  0.150827E+00  0.730861E-01
  0.259424E+01  0.264540E+00  0.754486E-01
  0.259698E+01  0.275953E+00  0.779875E-01
  0.259971E+01  0.120019E+00  0.809074E-01
  0.260245E+01  0.176669E+00  0.835736E-01
  0.260518E+01  0.205861E+00  0.851890E-01
  0.260791E+01  0.156727E+00  0.875319E-01
  0.261065E+01  0.120917E+00  0.886667E-01
  0.261338E+01  0.223126E+00  0.914521E-01
  0.261612E+01  0.129040E+00  0.738752E-01
  0.261885E+01  0.199640E+00  0.705481E-01
  0.262158E+01  0.233690E+00  0.680690E-01
  0.262432E+01  0.264533E+00  0.679836E-01
  0.262705E+01  0.238545E+00  0.661850E-01
  0.262979E+01  0.230037E+00  0.655477E-01
  0.263252E+01  0.192310E+00  0.638929E-01
  0.263525E+01  0.125375E+00  0.635146E-01
  0.263799E+01  0.213218E+00  0.635562E-01
  0.264072E+01  0.287882E+00  0.631565E-01
  0.264346E+01  0.210728E+00  0.635187E-01
  0.264619E+01  0.156579E+00  0.626797E-01
  0.264892E+01  0.267497E+00  0.625665E-01
  0.265166E+01  0.252188E+00  0.624545E-01
  0.265439E+01  0.239852E+00  0.625842E-01
  0.265713E+01  0.169803E+00  0.627647E-01
  0.265986E+01  0.286879E+00  0.622889E-01
  0.266259E+01  0.287498E+00  0.621512E-01
  0.266533E+01  0.151992E+00  0.616821E-01
  0.266806E+01  0.249536E+00  0.625638E-01
  0.267080E+01  0.260798E+00  0.615919E-01
  0.267353E+01  0.248767E+00  0.614297E-01
  0.267626E+01  0.302819E+00  0.622521E-01
  0.267900E+01  0.232858E+00  0.618472E-01
  0.268173E+01  0.216770E+00  0.610030E-01
  0.268447E+01  0.269540E+00  0.614416E-01
  0.268720E+01  0.205863E+00  0.612465E-01
  0.268993E+01  0.188053E+00  0.614778E-01
  0.269267E+01  0.259707E+00  0.613650E-01
  0.269540E+01  0.263910E+00  0.616162E-01
  0.269814E+01  0.243247E+00  0.614668E-01
  0.270087E+01  0.201717E+00  0.610154E-01
  0.270361E+01  0.265320E+00  0.611158E-01
  0.270634E+01  0.305190E+00  0.605649E-01
  0.270907E+01  0.223345E+00  0.601567E-01
  0.271181E+01  0.322227E+00  0.604975E-01
  0.271454E+01  0.193875E+00  0.602959E-01
  0.271728E+01  0.207855E+00  0.592120E-01
  0.272001E+01  0.246045E+00  0.590660E-01
  0.272274E+01  0.170522E+00  0.583650E-01
  0.272548E+01  0.187174E+00  0.586025E-01
  0.272821E+01  0.235586E+00  0.586598E-01
  0.273095E+01  0.208448E+00  0.584842E-01
  0.273368E+01  0.257326E+00  0.587544E-01
  0.273641E+01  0.244006E+00  0.586359E-01
  0.273915E+01  0.293829E+00  0.582989E-01
  0.274188E+01  0.227526E+00  0.583717E-01
  0.274462E+01  0.170384E+00  0.581067E-01
  0.274735E+01  0.192232E+00  0.581662E-01
  0.275008E+01  0.257150E+00  0.583210E-01
  0.275282E+01  0.223334E+00  0.587281E-01
  0.275555E+01  0.186817E+00  0.583123E-01
  0.275829E+01  0.239692E+00  0.581037E-01
  0.276102E+01  0.292372E+00  0.581981E-01
  0.276375E+01  0.195210E+00  0.585492E-01
  0.276649E+01  0.245989E+00  0.584680E-01
  0.276922E+01  0.236813E+00  0.581533E-01
  0.277196E+01  0.281415E+00  0.579575E-01
  0.277469E+01  0.399120E+00  0.582673E-01
  0.277742E+01  0.274597E+00  0.586703E-01
  0.278016E+01  0.301496E+00  0.578781E-01
  0.278289E+01  0.246619E+00  0.579715E-01
  0.278563E+01  0.258096E+00  0.582715E-01
  0.278836E+01  0.211409E+00  0.576320E-01
  0.279109E+01  0.344848E+00  0.585781E-01
  0.279383E+01  0.246169E+00  0.584514E-01
  0.279656E+01  0.287235E+00  0.581048E-01
  0.279930E+01  0.285675E+00  0.586390E-01
  0.280203E+01  0.283875E+00  0.579039E-01
  0.280476E+01  0.166931E+00  0.581766E-01
  0.280750E+01  0.258711E+00  0.581568E-01
  0.281023E+01  0.221284E+00  0.580390E-01
  0.281297E+01  0.200326E+00  0.581848E-01
  0.281570E+01  0.206666E+00  0.577995E-01
  0.281843E+01  0.228378E+00  0.575278E-01
  0.282117E+01  0.304597E+00  0.581792E-01
  0.282390E+01  0.315585E+00  0.584520E-01
  0.282664E+01  0.337107E+00  0.583256E-01
  0.282937E+01  0.244856E+00  0.580614E-01
  0.283211E+01  0.195857E+00  0.581685E-01
  0.283484E+01  0.291778E+00  0.580019E-01
  0.283757E+01  0.274756E+00  0.578514E-01
  0.284031E+01  0.345817E+00  0.583591E-01
  0.284304E+01  0.296834E+00  0.583738E-01
  0.284578E+01  0.104939E+00  0.577073E-01
  0.284851E+01  0.301327E+00  0.585738E-01
  0.285124E+01  0.210266E+00  0.578208E-01
  0.285398E+01  0.306525E+00  0.577327E-01
  0.285671E+01  0.248184E+00  0.578073E-01
  0.285945E+01  0.353938E+00  0.583147E-01
  0.286218E+01  0.217013E+00  0.583103E-01
  0.286491E+01  0.280544E+00  0.581714E-01
  0.286765E+01  0.263878E+00  0.581638E-01
  0.287038E+01  0.259349E+00  0.583300E-01
  0.287312E+01  0.314360E+00  0.574537E-01
  0.287585E+01  0.260558E+00  0.574543E-01
  0.287858E+01  0.282990E+00  0.579558E-01
  0.288132E+01  0.283919E+00  0.581345E-01
  0.288405E+01  0.285257E+00  0.579893E-01
  0.288679E+01  0.279223E+00  0.578449E-01
  0.288952E+01  0.215053E+00  0.583716E-01
  0.289225E+01  0.369994E+00  0.582347E-01
  0.289499E+01  0.280724E+00  0.580785E-01
  0.289772E+01  0.162072E+00  0.573585E-01
  0.290046E+01  0.282687E+00  0.577128E-01
  0.290319E+01  0.325802E+00  0.578033E-01
  0.290592E+01  0.198834E+00  0.573184E-01
  0.290866E+01  0.277843E+00  0.579129E-01
  0.291139E+01  0.365824E+00  0.582423E-01
  0.291413E+01  0.348346E+00  0.578180E-01
  0.291686E+01  0.236008E+00  0.576082E-01
  0.291959E+01  0.305554E+00  0.575888E-01
  0.292233E+01  0.226419E+00  0.574005E-01
  0.292506E+01  0.236662E+00  0.578616E-01
  0.292780E+01  0.326672E+00  0.578539E-01
  0.293053E+01  0.279984E+00  0.578250E-01
  0.293326E+01  0.219063E+00  0.575309E-01
  0.293600E+01  0.240468E+00  0.574331E-01
  0.293873E+01  0.333533E+00  0.576395E-01
  0.294147E+01  0.254091E+00  0.571185E-01
  0.294420E+01  0.226558E+00  0.573316E-01
  0.294693E+01  0.304560E+00  0.574352E-01
  0.294967E+01  0.278865E+00  0.577520E-01
  0.295240E+01  0.197581E+00  0.575437E-01
  0.295514E+01  0.281063E+00  0.577754E-01
  0.295787E+01  0.213141E+00  0.578661E-01
  0.296061E+01  0.296828E+00  0.577418E-01
  0.296334E+01  0.298004E+00  0.576181E-01
  0.296607E+01  0.251046E+00  0.571920E-01
  0.296881E+01  0.264609E+00  0.575550E-01
  0.297154E+01  0.362330E+00  0.578573E-01
  0.297428E+01  0.268515E+00  0.574111E-01
  0.297701E+01  0.327192E+00  0.582106E-01
  0.297974E+01  0.376253E+00  0.579304E-01
  0.298248E+01  0.328078E+00  0.576942E-01
  0.298521E+01  0.285083E+00  0.575640E-01
  0.298795E+01  0.217280E+00  0.573670E-01
  0.299068E+01  0.299261E+00  0.579071E-01
  0.299341E+01  0.303266E+00  0.573906E-01
  0.299615E+01  0.318201E+00  0.574893E-01
  0.299888E+01  0.250692E+00  0.573600E-01
  0.300162E+01  0.258059E+00  0.576797E-01
  0.300435E+01  0.220147E+00  0.574513E-01
  0.300708E+01  0.254292E+00  0.570576E-01
  0.300982E+01  0.297021E+00  0.577809E-01
  0.301255E+01  0.255184E+00  0.573140E-01
  0.301529E+01  0.247464E+00  0.569306E-01
  0.301802E+01  0.286421E+00  0.569058E-01
  0.302075E+01  0.272590E+00  0.571912E-01
  0.302349E+01  0.273068E+00  0.577036E-01
  0.302622E+01  0.293695E+00  0.567203E-01
  0.302896E+01  0.298105E+00  0.573870E-01
  0.303169E+01  0.292208E+00  0.574588E-01
  0.303442E+01  0.346469E+00  0.575179E-01
  0.303716E+01  0.302922E+00  0.574769E-01
  0.303989E+01  0.225290E+00  0.571006E-01
  0.304263E+01  0.245409E+00  0.572873E-01
  0.304536E+01  0.279310E+00  0.568942E-01
  0.304809E+01  0.368214E+00  0.577298E-01
  0.305083E+01  0.347856E+00  0.576219E-01
  0.305356E+01  0.326066E+00  0.574053E-01
  0.305630E+01  0.202723E+00  0.575396E-01
  0.305903E+01  0.242269E+00  0.574616E-01
  0.306176E+01  0.202167E+00  0.572284E-01
  0.306450E+01  0.211951E+00  0.570795E-01
  0.306723E+01  0.291404E+00  0.572913E-01
  0.306997E+01  0.276064E+00  0.567771E-01
  0.307270E+01  0.284088E+00  0.570646E-01
  0.307543E+01  0.163817E+00  0.568949E-01
  0.307817E+01  0.254877E+00  0.569396E-01
  0.308090E+01  0.188552E+00  0.570771E-01
  0.308364E+01  0.221380E+00  0.566485E-01
  0.308637E+01  0.243576E+00  0.569292E-01
  0.308911E+01  0.279986E+00  0.573900E-01
  0.309184E+01  0.316587E+00  0.576231E-01
  0.309457E+01  0.181268E+00  0.566843E-01
  0.309731E+01  0.190962E+00  0.564249E-01
  0.310004E+01  0.192662E+00  0.569497E-01
  0.310278E+01  0.250306E+00  0.571208E-01
  0.310551E+01  0.372361E+00  0.572027E-01
  0.310824E+01  0.253852E+00  0.571102E-01
  0.311098E+01  0.208773E+00  0.571827E-01
  0.311371E+01  0.306347E+00  0.576131E-01
  0.311645E+01  0.232090E+00  0.571350E-01
  0.311918E+01  0.305330E+00  0.569119E-01
  0.312191E+01  0.164061E+00  0.573218E-01
  0.312465E+01  0.218716E+00  0.567976E-01
  0.312738E+01  0.339022E+00  0.569934E-01
  0.313012E+01  0.214475E+00  0.566633E-01
  0.313285E+01  0.276836E+00  0.569751E-01
  0.313558E+01  0.317022E+00  0.570138E-01
  0.313832E+01  0.143837E+00  0.567320E-01
  0.314105E+01  0.148361E+00  0.569483E-01
  0.314379E+01  0.235693E+00  0.572890E-01
  0.314652E+01  0.252057E+00  0.564990E-01
  0.314925E+01  0.333408E+00  0.573980E-01
  0.315199E+01  0.222399E+00  0.569187E-01
  0.315472E+01  0.305066E+00  0.571227E-01
  0.315746E+01  0.254560E+00  0.564410E-01
  0.316019E+01  0.189514E+00  0.564999E-01
  0.316292E+01  0.208076E+00  0.566659E-01
  0.316566E+01  0.201550E+00  0.570243E-01
  0.316839E+01  0.271204E+00  0.567013E-01
  0.317113E+01  0.209039E+00  0.567727E-01
  0.317386E+01  0.234983E+00  0.567687E-01
  0.317659E+01  0.309636E+00  0.564167E-01
  0.317933E+01  0.295603E+00  0.571286E-01
  0.318206E+01  0.274745E+00  0.564156E-01
  0.318480E+01  0.213087E+00  0.565868E-01
  0.318753E+01  0.261010E+00  0.570718E-01
  0.319026E+01  0.232284E+00  0.564894E-01
  0.319300E+01  0.274614E+00  0.570006E-01
  0.319573E+01  0.247560E+00  0.571768E-01
  0.319847E+01  0.240277E+00  0.566073E-01
  0.320120E+01  0.282043E+00  0.560396E-01
  0.320394E+01  0.300514E+00  0.572837E-01
  0.320667E+01  0.188269E+00  0.564222E-01
  0.320940E+01  0.280262E+00  0.564565E-01
  0.321214E+01  0.145782E+00  0.564452E-01
  0.321487E+01  0.336720E+00  0.562343E-01
  0.321761E+01  0.172663E+00  0.569305E-01
  0.322034E+01  0.199307E+00  0.564710E-01
  0.322307E+01  0.258900E+00  0.560094E-01
  0.322581E+01  0.270155E+00  0.567082E-01
  0.322854E+01  0.202503E+00  0.566562E-01
  0.323128E+01  0.195089E+00  0.567239E-01
  0.323401E+01  0.296194E+00  0.564995E-01
  0.323674E+01  0.214432E+00  0.565651E-01
  0.323948E+01  0.293585E+00  0.566301E-01
  0.324221E+01  0.169129E+00  0.567058E-01
  0.324495E+01  0.217918E+00  0.565260E-01
  0.324768E+01  0.222509E+00  0.570564E-01
  0.325041E+01  0.262554E+00  0.566340E-01
  0.325315E+01  0.202577E+00  0.563747E-01
  0.325588E+01  0.240016E+00  0.565705E-01
  0.325862E+01  0.211436E+00  0.566705E-01
  0.326135E+01  0.297734E+00  0.570650E-01
  0.326408E+01  0.268861E+00  0.568539E-01
  0.326682E+01  0.247505E+00  0.565409E-01
  0.326955E+01  0.348039E+00  0.568436E-01
  0.327229E+01  0.257009E+00  0.561737E-01
  0.327502E+01  0.245941E+00  0.566269E-01
  0.327775E+01  0.329565E+00  0.563807E-01
  0.328049E+01  0.288880E+00  0.567880E-01
  0.328322E+01  0.262574E+00  0.563521E-01
  0.328596E+01  0.281903E+00  0.565556E-01
  0.328869E+01  0.265890E+00  0.562808E-01
  0.329142E+01  0.205517E+00  0.562898E-01
  0.329416E+01  0.139308E+00  0.559090E-01
  0.329689E+01  0.222801E+00  0.559262E-01
  0.329963E+01  0.265359E+00  0.569093E-01
  0.330236E+01  0.263153E+00  0.567376E-01
  0.330509E+01  0.201845E+00  0.561822E-01
  0.330783E+01  0.268674E+00  0.566908E-01
  0.331056E+01  0.203207E+00  0.567403E-01
  0.331330E+01  0.277954E+00  0.566011E-01
  0.331603E+01  0.175281E+00  0.562167E-01
  0.331876E+01  0.258994E+00  0.561779E-01
  0.332150E+01  0.113557E+00  0.558170E-01
  0.332423E+01  0.246310E+00  0.569891E-01
  0.332697E+01  0.319757E+00  0.567347E-01
  0.332970E+01  0.172041E+00  0.567767E-01
  0.333244E+01  0.174383E+00  0.558579E-01
  0.333517E+01  0.169440E+00  0.563089E-01
  0.333790E+01  0.173205E+00  0.568523E-01
  0.334064E+01  0.308595E+00  0.569322E-01
  0.334337E+01  0.390392E+00  0.564358E-01
  0.334611E+01  0.244081E+00  0.562826E-01
  0.334884E+01  0.260284E+00  0.559644E-01
  0.335157E+01  0.257293E+00  0.563701E-01
  0.335431E+01  0.173991E+00  0.562911E-01
  0.335704E+01  0.248158E+00  0.563008E-01
  0.335978E+01  0.236549E+00  0.560386E-01
  0.336251E+01  0.188254E+00  0.558987E-01
  0.336524E+01  0.240294E+00  0.563802E-01
  0.336798E+01  0.226945E+00  0.559810E-01
  0.337071E+01  0.129625E+00  0.564075E-01
  0.337345E+01  0.292049E+00  0.563378E-01
  0.337618E+01  0.240683E+00  0.565867E-01
  0.337891E+01  0.225309E+00  0.560633E-01
  0.338165E+01  0.236146E+00  0.560011E-01
  0.338438E+01  0.289707E+00  0.567798E-01
  0.338712E+01  0.214808E+00  0.558615E-01
  0.338985E+01  0.199809E+00  0.556550E-01
  0.339258E+01  0.309103E+00  0.564594E-01
  0.339532E+01  0.272323E+00  0.563346E-01
  0.339805E+01  0.184211E+00  0.565943E-01
  0.340079E+01  0.302946E+00  0.565258E-01
  0.340352E+01  0.218164E+00  0.563626E-01
  0.340625E+01  0.310115E+00  0.558331E-01
  0.340899E+01  0.174247E+00  0.564596E-01
  0.341172E+01  0.288131E+00  0.563169E-01
  0.341446E+01  0.237468E+00  0.561723E-01
  0.341719E+01  0.213014E+00  0.560335E-01
  0.341992E+01  0.227941E+00  0.561238E-01
  0.342266E+01  0.141417E+00  0.558896E-01
  0.342539E+01  0.236782E+00  0.561964E-01
  0.342813E+01  0.231865E+00  0.566231E-01
  0.343086E+01  0.201761E+00  0.557352E-01
  0.343359E+01  0.201338E+00  0.555889E-01
  0.343633E+01  0.139023E+00  0.561822E-01
  0.343906E+01  0.239466E+00  0.561899E-01
  0.344180E+01  0.197968E+00  0.558403E-01
  0.344453E+01  0.187526E+00  0.557617E-01
  0.344726E+01  0.224532E+00  0.562250E-01
  0.345000E+01  0.240540E+00  0.559898E-01
  0.345273E+01  0.210572E+00  0.562400E-01
  0.345547E+01  0.164775E+00  0.562378E-01
  0.345820E+01  0.197040E+00  0.558336E-01
  0.346094E+01  0.237480E+00  0.561591E-01
  0.346367E+01  0.196715E+00  0.562327E-01
  0.346640E+01  0.200758E+00  0.563302E-01
  0.346914E+01  0.231464E+00  0.565223E-01
  0.347187E+01  0.266207E+00  0.565438E-01
  0.347461E+01  0.220360E+00  0.558673E-01
  0.347734E+01  0.211570E+00  0.558098E-01
  0.348007E+01  0.253577E+00  0.558465E-01
  0.348281E+01  0.269596E+00  0.563274E-01
  0.348554E+01  0.214602E+00  0.563665E-01
  0.348828E+01  0.238769E+00  0.562924E-01
  0.349101E+01  0.213980E+00  0.556380E-01
  0.349374E+01  0.186714E+00  0.559679E-01
  0.349648E+01  0.336436E+00  0.563806E-01
  0.349921E+01  0.200902E+00  0.560613E-01
  0.350195E+01  0.188578E+00  0.567012E-01
  0.350468E+01  0.245516E+00  0.567916E-01
  0.350741E+01  0.189223E+00  0.561434E-01
  0.351015E+01  0.232703E+00  0.564087E-01
  0.351288E+01  0.129996E+00  0.556781E-01
  0.351562E+01  0.171980E+00  0.555495E-01
  0.351835E+01  0.182865E+00  0.560363E-01
  0.352108E+01  0.249066E+00  0.565135E-01
  0.352382E+01  0.122753E+00  0.555206E-01
  0.352655E+01  0.274959E+00  0.563951E-01
  0.352929E+01  0.194807E+00  0.563238E-01
  0.353202E+01  0.153489E+00  0.559504E-01
  0.353475E+01  0.134194E+00  0.560780E-01
  0.353749E+01  0.251687E+00  0.561832E-01
  0.354022E+01  0.206318E+00  0.560086E-01
  0.354296E+01  0.580826E-01  0.558235E-01
  0.354569E+01  0.218357E+00  0.560261E-01
  0.354842E+01  0.180019E+00  0.558500E-01
  0.355116E+01  0.223731E+00  0.563862E-01
  0.355389E+01  0.301780E+00  0.574073E-01
  0.355663E+01  0.144796E+00  0.559335E-01
  0.355936E+01  0.214080E+00  0.560344E-01
  0.356209E+01  0.177084E+00  0.562301E-01
  0.356483E+01  0.150142E+00  0.558840E-01
  0.356756E+01  0.149891E+00  0.558862E-01
  0.357030E+01  0.175089E+00  0.554583E-01
  0.357303E+01  0.244855E+00  0.560807E-01
  0.357577E+01  0.176245E+00  0.555874E-01
  0.357850E+01  0.284355E+00  0.562297E-01
  0.358123E+01  0.204200E+00  0.564089E-01
  0.358397E+01  0.219327E+00  0.562144E-01
  0.358670E+01  0.308252E+00  0.560180E-01
  0.358944E+01  0.304205E+00  0.560978E-01
  0.359217E+01  0.159107E+00  0.560587E-01
  0.359490E+01  0.189816E+00  0.557232E-01
  0.359764E+01  0.231771E+00  0.562744E-01
  0.360037E+01  0.238062E+00  0.561384E-01
  0.360311E+01  0.237155E+00  0.558314E-01
  0.360584E+01  0.238306E+00  0.558318E-01
  0.360857E+01  0.228196E+00  0.555779E-01
  0.361131E+01  0.176489E+00  0.562456E-01
  0.361404E+01  0.191835E+00  0.555416E-01
  0.361678E+01  0.227846E+00  0.560381E-01
  0.361951E+01  0.225741E+00  0.558555E-01
  0.362224E+01  0.267301E+00  0.559831E-01
  0.362498E+01  0.216508E+00  0.564331E-01
  0.362771E+01  0.332202E+00  0.565454E-01
  0.363045E+01  0.217544E+00  0.558404E-01
  0.363318E+01  0.159721E+00  0.559490E-01
  0.363591E+01  0.241169E+00  0.557850E-01
  0.363865E+01  0.157066E+00  0.559599E-01
  0.364138E+01  0.187108E+00  0.560951E-01
  0.364412E+01  0.259294E+00  0.563945E-01
  0.364685E+01  0.292945E+00  0.561611E-01
  0.364958E+01  0.177310E+00  0.560289E-01
  0.365232E+01  0.214726E+00  0.557707E-01
  0.365505E+01  0.216956E+00  0.557833E-01
  0.365779E+01  0.192865E+00  0.560967E-01
  0.366052E+01  0.245667E+00  0.559269E-01
  0.366325E+01  0.144924E+00  0.557495E-01
  0.366599E+01  0.187341E+00  0.562721E-01
  0.366872E+01  0.225558E+00  0.561333E-01
  0.367146E+01  0.207739E+00  0.555862E-01
  0.367419E+01  0.237054E+00  0.558159E-01
  0.367692E+01  0.238656E+00  0.558652E-01
  0.367966E+01  0.250813E+00  0.561282E-01
  0.368239E+01  0.228169E+00  0.558163E-01
  0.368513E+01  0.219998E+00  0.557450E-01
  0.368786E+01  0.289036E+00  0.558130E-01
  0.369059E+01  0.271322E+00  0.563023E-01
  0.369333E+01  0.968844E-01  0.558228E-01
  0.369606E+01  0.215770E+00  0.564732E-01
  0.369880E+01  0.159444E+00  0.560998E-01
  0.370153E+01  0.191964E+00  0.557945E-01
  0.370427E+01  0.182328E+00  0.556880E-01
  0.370700E+01  0.212138E+00  0.557493E-01
  0.370973E+01  0.259836E+00  0.565844E-01
  0.371247E+01  0.274391E+00  0.560823E-01
  0.371520E+01  0.131423E+00  0.557478E-01
  0.371794E+01  0.172869E+00  0.560281E-01
  0.372067E+01  0.237295E+00  0.562041E-01
  0.372340E+01  0.227296E+00  0.562171E-01
  0.372614E+01  0.177057E+00  0.562127E-01
  0.372887E+01  0.222814E+00  0.564610E-01
  0.373161E+01  0.262749E+00  0.560196E-01
  0.373434E+01  0.237647E+00  0.555198E-01
  0.373707E+01  0.204293E+00  0.558652E-01
  0.373981E+01  0.230606E+00  0.562046E-01
  0.374254E+01  0.339340E+00  0.563683E-01
  0.374528E+01  0.203506E+00  0.558099E-01
  0.374801E+01  0.248424E+00  0.557823E-01
  0.375074E+01  0.225717E+00  0.556039E-01
  0.375348E+01  0.119195E+00  0.564732E-01
  0.375621E+01  0.165050E+00  0.563303E-01
  0.375895E+01  0.166824E+00  0.563561E-01
  0.376168E+01  0.156387E+00  0.563040E-01
  0.376441E+01  0.198746E+00  0.561310E-01
  0.376715E+01  0.201307E+00  0.564726E-01
  0.376988E+01  0.236526E+00  0.560113E-01
  0.377262E+01  0.206477E+00  0.556780E-01
  0.377535E+01  0.258476E+00  0.556350E-01
  0.377808E+01  0.145018E+00  0.559581E-01
  0.378082E+01  0.140818E+00  0.554826E-01
  0.378355E+01  0.192871E+00  0.561101E-01
  0.378629E+01  0.234861E+00  0.564791E-01
  0.378902E+01  0.137043E+00  0.559175E-01
  0.379175E+01  0.165720E+00  0.558043E-01
  0.379449E+01  0.115967E+00  0.559922E-01
  0.379722E+01  0.153849E+00  0.558332E-01
  0.379996E+01  0.240564E+00  0.562369E-01
  0.380269E+01  0.251044E+00  0.563753E-01
  0.380542E+01  0.152743E+00  0.560312E-01
  0.380816E+01  0.200233E+00  0.560873E-01
  0.381089E+01  0.103138E+00  0.562252E-01
  0.381363E+01  0.188141E+00  0.562721E-01
  0.381636E+01  0.227048E+00  0.556137E-01
  0.381909E+01  0.150073E+00  0.551285E-01
  0.382183E+01  0.207005E+00  0.565629E-01
  0.382456E+01  0.203693E+00  0.560148E-01
  0.382730E+01  0.168674E+00  0.556644E-01
  0.383003E+01  0.159142E+00  0.557283E-01
  0.383277E+01  0.177859E+00  0.558514E-01
  0.383550E+01  0.338896E+00  0.565681E-01
  0.383823E+01  0.176520E+00  0.559743E-01
  0.384097E+01  0.247650E+00  0.559051E-01
  0.384370E+01  0.201476E+00  0.561301E-01
  0.384644E+01  0.255757E+00  0.560074E-01
  0.384917E+01  0.148277E+00  0.558899E-01
  0.385190E+01  0.134892E+00  0.556051E-01
  0.385464E+01  0.217829E+00  0.560874E-01
  0.385737E+01  0.140658E+00  0.563302E-01
  0.386011E+01  0.178403E+00  0.560560E-01
  0.386284E+01  0.119185E+00  0.557179E-01
  0.386557E+01  0.101532E+00  0.556115E-01
  0.386831E+01  0.258671E+00  0.559690E-01
  0.387104E+01  0.328068E+00  0.560225E-01
  0.387378E+01  0.203867E+00  0.555195E-01
  0.387651E+01  0.261437E+00  0.562014E-01
  0.387924E+01  0.125361E+00  0.553821E-01
  0.388198E+01  0.197588E+00  0.566271E-01
  0.388471E+01  0.213410E+00  0.560787E-01
  0.388745E+01  0.174475E+00  0.558697E-01
  0.389018E+01  0.229252E+00  0.562394E-01
  0.389291E+01  0.183808E+00  0.558061E-01
  0.389565E+01  0.204682E+00  0.564603E-01
  0.389838E+01  0.157079E+00  0.557002E-01
  0.390112E+01  0.181187E+00  0.555170E-01
  0.390385E+01  0.148371E+00  0.556851E-01
  0.390658E+01  0.162465E+00  0.556640E-01
  0.390932E+01  0.225644E+00  0.559054E-01
  0.391205E+01  0.325313E+00  0.563001E-01
  0.391479E+01  0.179332E+00  0.564125E-01
  0.391752E+01  0.192981E+00  0.561902E-01
  0.392025E+01  0.165348E+00  0.558601E-01
  0.392299E+01  0.172507E+00  0.555672E-01
  0.392572E+01  0.115800E+00  0.554615E-01
  0.392846E+01  0.152227E+00  0.558538E-01
  0.393119E+01  0.163150E+00  0.555556E-01
  0.393392E+01  0.244404E+00  0.556250E-01
  0.393666E+01  0.166394E+00  0.644543E-01
  0.393939E+01  0.225310E+00  0.693548E-01
  0.394213E+01  0.122877E+00  0.707138E-01
  0.394486E+01  0.209267E+00  0.767602E-01
  0.394759E+01  0.139727E+00  0.811116E-01
  0.395033E+01  0.347725E+00  0.839445E-01
  0.395306E+01  0.140409E+00  0.866597E-01
  0.395580E+01  0.481827E-01  0.875317E-01
  0.395853E+01  0.149935E+00  0.926333E-01
  0.396127E+01 -0.215976E-01  0.957489E-01
  0.396400E+01  0.195268E+00  0.724659E-01
  0.396673E+01  0.217603E+00  0.678177E-01
  0.396947E+01  0.187612E+00  0.655876E-01
  0.397220E+01  0.553040E-01  0.642381E-01
  0.397494E+01  0.185088E+00  0.627239E-01
  0.397767E+01  0.203109E+00  0.627814E-01
  0.398040E+01  0.214889E+00  0.626059E-01
  0.398314E+01  0.127699E+00  0.613895E-01
  0.398587E+01  0.283306E+00  0.620180E-01
  0.398861E+01  0.222532E+00  0.612642E-01
  0.399134E+01  0.183717E+00  0.611006E-01
  0.399407E+01  0.230475E+00  0.609510E-01
  0.399681E+01  0.278627E+00  0.608317E-01
  0.399954E+01  0.868069E-01  0.608984E-01
  0.400228E+01  0.190641E+00  0.606143E-01
  0.400501E+01  0.199280E+00  0.609649E-01
  0.400774E+01  0.246501E+00  0.605412E-01
  0.401048E+01  0.158623E+00  0.602062E-01
  0.401321E+01  0.246776E-01  0.594139E-01
  0.401595E+01  0.125177E+00  0.590203E-01
  0.401868E+01  0.137972E+00  0.588153E-01
  0.402141E+01  0.783056E-01  0.580969E-01
  0.402415E+01  0.156952E+00  0.583216E-01
  0.402688E+01  0.143478E+00  0.574664E-01
  0.402962E+01  0.176257E+00  0.571169E-01
  0.403235E+01  0.260894E+00  0.569867E-01
  0.403508E+01  0.248305E+00  0.571418E-01
  0.403782E+01  0.253876E+00  0.564660E-01
  0.404055E+01  0.242160E+00  0.566107E-01
  0.404329E+01  0.152831E+00  0.560028E-01
  0.404602E+01  0.299118E+00  0.559783E-01
  0.404875E+01  0.209417E+00  0.565925E-01
  0.405149E+01  0.162105E+00  0.562045E-01
  0.405422E+01  0.227341E+00  0.561909E-01
  0.405696E+01  0.150112E+00  0.559770E-01
  0.405969E+01  0.178464E+00  0.561149E-01
  0.406242E+01  0.167803E+00  0.563767E-01
  0.406516E+01  0.133014E+00  0.557219E-01
  0.406789E+01  0.222163E+00  0.558811E-01
  0.407063E+01  0.234212E+00  0.558125E-01
  0.407336E+01  0.200377E+00  0.563887E-01
  0.407610E+01  0.216149E+00  0.564784E-01
  0.407883E+01  0.224808E+00  0.563877E-01
  0.408156E+01  0.170663E+00  0.563946E-01
  0.408430E+01  0.205365E+00  0.563554E-01
  0.408703E+01  0.203866E+00  0.561179E-01
  0.408977E+01  0.175411E+00  0.561942E-01
  0.409250E+01  0.166472E+00  0.562943E-01
  0.409523E+01  0.122630E+00  0.567568E-01
  0.409797E+01  0.210580E+00  0.558061E-01
  0.410070E+01  0.242973E+00  0.563751E-01
  0.410344E+01  0.643195E-01  0.557506E-01
  0.410617E+01  0.190541E+00  0.558381E-01
  0.410890E+01  0.228926E+00  0.560522E-01
  0.411164E+01  0.249410E+00  0.557440E-01
  0.411437E+01  0.230905E+00  0.561848E-01
  0.411711E+01  0.182479E+00  0.561631E-01
  0.411984E+01  0.166751E+00  0.560099E-01
  0.412257E+01  0.181999E+00  0.555447E-01
  0.412531E+01  0.159302E+00  0.555515E-01
  0.412804E+01  0.916177E-01  0.561509E-01
  0.413078E+01  0.194673E+00  0.558285E-01
  0.413351E+01  0.110054E+00  0.559490E-01
  0.413624E+01  0.193747E+00  0.558961E-01
  0.413898E+01  0.180913E+00  0.561552E-01
  0.414171E+01  0.179087E+00  0.561601E-01
  0.414445E+01  0.153083E+00  0.562423E-01
  0.414718E+01  0.213897E+00  0.562327E-01
  0.414991E+01  0.247679E+00  0.561050E-01
  0.415265E+01  0.268670E+00  0.561537E-01
  0.415538E+01  0.205898E+00  0.563775E-01
  0.415812E+01  0.112690E+00  0.561503E-01
  0.416085E+01  0.125124E+00  0.554324E-01
  0.416358E+01  0.235765E+00  0.561881E-01
  0.416632E+01  0.171114E+00  0.560920E-01
  0.416905E+01  0.186691E+00  0.562583E-01
  0.417179E+01  0.157576E+00  0.562424E-01
  0.417452E+01  0.223060E+00  0.556412E-01
  0.417725E+01  0.155663E+00  0.562044E-01
  0.417999E+01  0.790915E-01  0.558548E-01
  0.418272E+01  0.145889E+00  0.560783E-01
  0.418546E+01  0.126825E+00  0.561652E-01
  0.418819E+01  0.150278E+00  0.561491E-01
  0.419092E+01  0.192119E+00  0.559679E-01
  0.419366E+01  0.186534E+00  0.556586E-01
  0.419639E+01  0.256346E+00  0.566157E-01
  0.419913E+01  0.163161E+00  0.561194E-01
  0.420186E+01  0.252352E+00  0.562519E-01
  0.420460E+01  0.110580E+00  0.562102E-01
  0.420733E+01  0.219333E+00  0.558453E-01
  0.421006E+01  0.126984E+00  0.559965E-01
  0.421280E+01  0.192860E+00  0.563141E-01
  0.421553E+01  0.179227E+00  0.561807E-01
  0.421827E+01  0.126497E+00  0.555586E-01
  0.422100E+01  0.124524E+00  0.557993E-01
  0.422373E+01  0.110058E+00  0.557958E-01
  0.422647E+01  0.139867E+00  0.556496E-01
  0.422920E+01  0.133793E+00  0.560206E-01
  0.423194E+01  0.179399E+00  0.555831E-01
  0.423467E+01  0.147345E+00  0.561394E-01
  0.423740E+01  0.913329E-01  0.555736E-01
  0.424014E+01  0.214694E+00  0.562224E-01
  0.424287E+01  0.129742E+00  0.557437E-01
  0.424561E+01  0.192247E+00  0.557441E-01
  0.424834E+01  0.206198E+00  0.560674E-01
  0.425107E+01  0.207219E+00  0.558170E-01
  0.425381E+01  0.181459E+00  0.559586E-01
  0.425654E+01  0.183044E+00  0.558690E-01
  0.425928E+01  0.136233E+00  0.561821E-01
  0.426201E+01  0.149299E+00  0.559191E-01
  0.426474E+01  0.176709E+00  0.557105E-01
  0.426748E+01  0.101380E+00  0.557521E-01
  0.427021E+01  0.178104E+00  0.560641E-01
  0.427295E+01  0.192422E+00  0.560716E-01
  0.427568E+01  0.266086E+00  0.558887E-01
  0.427841E+01  0.144070E+00  0.559566E-01
  0.428115E+01  0.201562E+00  0.561594E-01
  0.428388E+01  0.184161E+00  0.552971E-01
  0.428662E+01  0.138027E+00  0.556584E-01
  0.428935E+01  0.132088E+00  0.558336E-01
  0.429208E+01  0.718108E-01  0.555486E-01
  0.429482E+01  0.137608E+00  0.554633E-01
  0.429755E+01  0.129907E+00  0.554706E-01
  0.430029E+01  0.119573E+00  0.559723E-01
  0.430302E+01  0.145666E+00  0.557712E-01
  0.430575E+01  0.243604E+00  0.556717E-01
  0.430849E+01  0.161525E+00  0.558708E-01
  0.431122E+01  0.116443E+00  0.560496E-01
  0.431396E+01  0.221690E+00  0.563525E-01
  0.431669E+01  0.203189E+00  0.559801E-01
  0.431942E+01  0.181395E+00  0.556145E-01
  0.432216E+01  0.128434E+00  0.557458E-01
  0.432489E+01  0.104664E+00  0.556639E-01
  0.432763E+01  0.200899E+00  0.562538E-01
  0.433036E+01  0.160750E+00  0.553420E-01
  0.433310E+01  0.155094E+00  0.561565E-01
  0.433583E+01  0.218371E+00  0.559551E-01
  0.433856E+01  0.121220E+00  0.553545E-01
  0.434130E+01  0.108728E+00  0.552120E-01
  0.434403E+01  0.167488E+00  0.561398E-01
  0.434677E+01  0.324708E-01  0.554472E-01
  0.434950E+01  0.130536E+00  0.558218E-01
  0.435223E+01  0.319136E-01  0.551785E-01
  0.435497E+01  0.213090E+00  0.556325E-01
  0.435770E+01  0.227310E+00  0.557497E-01
  0.436044E+01  0.161191E+00  0.558550E-01
  0.436317E+01  0.190324E+00  0.560233E-01
  0.436590E+01  0.633115E-01  0.550785E-01
  0.436864E+01  0.982460E-01  0.556215E-01
  0.437137E+01  0.160006E+00  0.555365E-01
  0.437411E+01  0.143249E+00  0.559247E-01
  0.437684E+01  0.793265E-01  0.554692E-01
  0.437957E+01  0.155054E+00  0.558563E-01
  0.438231E+01  0.853886E-01  0.561796E-01
  0.438504E+01  0.105255E+00  0.560034E-01
  0.438778E+01  0.152732E+00  0.554057E-01
  0.439051E+01  0.152511E+00  0.553545E-01
  0.439324E+01  0.384164E-01  0.552507E-01
  0.439598E+01  0.181758E+00  0.560205E-01
  0.439871E+01  0.109669E+00  0.550223E-01
  0.440145E+01  0.103823E+00  0.556380E-01
  0.440418E+01  0.128906E+00  0.557289E-01
  0.440691E+01  0.162776E+00  0.559200E-01
  0.440965E+01  0.207527E+00  0.557570E-01
  0.441238E+01  0.124855E+00  0.557206E-01
  0.441512E+01  0.124014E+00  0.557325E-01
  0.441785E+01  0.126777E+00  0.557410E-01
  0.442058E+01  0.744912E-01  0.550710E-01
  0.442332E+01  0.178176E+00  0.559495E-01
  0.442605E+01  0.273703E+00  0.559366E-01
  0.442879E+01  0.115457E+00  0.556750E-01
  0.443152E+01  0.680034E-01  0.552132E-01
  0.443425E+01  0.114816E+00  0.558141E-01
  0.443699E+01  0.486002E-01  0.553258E-01
  0.443972E+01  0.158319E+00  0.554598E-01
  0.444246E+01  0.160426E+00  0.556691E-01
  0.444519E+01  0.123173E+00  0.557734E-01
  0.444792E+01  0.841066E-01  0.549920E-01
  0.445066E+01  0.230084E+00  0.559868E-01
  0.445339E+01  0.688657E-01  0.557000E-01
  0.445613E+01  0.155628E+00  0.551921E-01
  0.445886E+01  0.145213E+00  0.551779E-01
  0.446160E+01  0.154631E+00  0.554093E-01
  0.446433E+01  0.161796E+00  0.550895E-01
  0.446706E+01  0.781531E-01  0.556669E-01
  0.446980E+01  0.207675E+00  0.555587E-01
  0.447253E+01  0.151250E+00  0.555750E-01
  0.447527E+01  0.901039E-01  0.553403E-01
  0.447800E+01  0.142702E+00  0.552507E-01
  0.448073E+01  0.934894E-01  0.549840E-01
  0.448347E+01  0.102580E+00  0.556006E-01
  0.448620E+01  0.836200E-01  0.553048E-01
  0.448894E+01  0.110376E+00  0.552942E-01
  0.449167E+01  0.104197E+00  0.553366E-01
  0.449440E+01  0.154224E+00  0.557403E-01
  0.449714E+01  0.102353E+00  0.553590E-01
  0.449987E+01  0.961859E-01  0.559400E-01
  0.450261E+01  0.142470E+00  0.556940E-01
  0.450534E+01  0.985925E-01  0.555792E-01
  0.450807E+01  0.130329E+00  0.554795E-01
  0.451081E+01  0.186343E+00  0.560323E-01
  0.451354E+01  0.195634E+00  0.559434E-01
  0.451628E+01  0.116410E+00  0.554546E-01
  0.451901E+01  0.168280E+00  0.554929E-01
  0.452174E+01  0.992249E-01  0.556034E-01
  0.452448E+01  0.612094E-01  0.547760E-01
  0.452721E+01  0.164031E+00  0.558539E-01
  0.452995E+01  0.130982E+00  0.559080E-01
  0.453268E+01  0.131335E+00  0.553075E-01
  0.453541E+01  0.208532E+00  0.561572E-01
  0.453815E+01  0.580798E-01  0.557400E-01
  0.454088E+01  0.134964E+00  0.557911E-01
  0.454362E+01  0.975996E-01  0.556047E-01
  0.454635E+01  0.148695E+00  0.556948E-01
  0.454908E+01  0.536581E-01  0.551896E-01
  0.455182E+01  0.108766E+00  0.553773E-01
  0.455455E+01  0.762431E-01  0.554564E-01
  0.455729E+01  0.214818E+00  0.559523E-01
  0.456002E+01  0.150075E+00  0.556599E-01
  0.456275E+01  0.156156E+00  0.557888E-01
  0.456549E+01  0.168844E+00  0.558972E-01
  0.456822E+01  0.933930E-01  0.556574E-01
  0.457096E+01  0.198278E+00  0.551894E-01
  0.457369E+01  0.938641E-01  0.557407E-01
  0.457643E+01  0.108658E+00  0.556761E-01
  0.457916E+01  0.176640E+00  0.554761E-01
  0.458189E+01  0.104323E+00  0.556224E-01
  0.458463E+01  0.196700E+00  0.558584E-01
  0.458736E+01  0.747993E-01  0.555763E-01
  0.459010E+01  0.967265E-01  0.561512E-01
  0.459283E+01  0.141336E+00  0.561136E-01
  0.459556E+01  0.395038E-01  0.556537E-01
  0.459830E+01  0.238549E+00  0.561554E-01
  0.460103E+01  0.876051E-01  0.557223E-01
  0.460377E+01  0.122287E+00  0.559121E-01
  0.460650E+01  0.123431E+00  0.558421E-01
  0.460923E+01  0.157370E+00  0.560312E-01
  0.461197E+01  0.132516E+00  0.558943E-01
  0.461470E+01  0.107368E+00  0.557188E-01
  0.461744E+01  0.138524E+00  0.554743E-01
  0.462017E+01  0.179150E+00  0.554187E-01
  0.462290E+01  0.861828E-01  0.552603E-01
  0.462564E+01  0.106869E+00  0.550461E-01
  0.462837E+01  0.219360E+00  0.563784E-01
  0.463111E+01  0.175057E+00  0.558811E-01
  0.463384E+01  0.180676E+00  0.559793E-01
  0.463657E+01  0.115460E+00  0.560297E-01
  0.463931E+01  0.122296E+00  0.552596E-01
  0.464204E+01  0.203060E+00  0.556702E-01
  0.464478E+01  0.130275E+00  0.556150E-01
  0.464751E+01  0.927353E-01  0.557809E-01
  0.465024E+01  0.134854E-01  0.556948E-01
  0.465298E+01  0.160627E+00  0.555798E-01
  0.465571E+01  0.133525E+00  0.557715E-01
  0.465845E+01  0.125846E+00  0.562679E-01
  0.466118E+01  0.136408E+00  0.560665E-01
  0.466391E+01  0.120548E-01  0.555782E-01
  0.466665E+01  0.489389E-01  0.548985E-01
  0.466938E+01  0.103532E+00  0.555400E-01
  0.467212E+01  0.695508E-01  0.555952E-01
  0.467485E+01  0.105751E+00  0.554013E-01
  0.467758E+01  0.112527E+00  0.554469E-01
  0.468032E+01  0.330040E-01  0.557994E-01
  0.468305E+01  0.933840E-01  0.557470E-01
  0.468579E+01  0.503686E-01  0.554414E-01
  0.468852E+01  0.109110E+00  0.558954E-01
  0.469125E+01  0.152581E+00  0.554333E-01
  0.469399E+01  0.130129E+00  0.559829E-01
  0.469672E+01  0.790249E-01  0.560177E-01
  0.469946E+01  0.170811E+00  0.554074E-01
  0.470219E+01  0.988031E-01  0.557507E-01
  0.470493E+01  0.138707E+00  0.561293E-01
  0.470766E+01  0.165965E+00  0.561914E-01
  0.471039E+01  0.124081E+00  0.553872E-01
  0.471313E+01  0.221988E+00  0.559877E-01
  0.471586E+01  0.401661E-01  0.557289E-01
  0.471860E+01  0.108053E+00  0.560168E-01
  0.472133E+01  0.147742E+00  0.559333E-01
  0.472406E+01  0.177931E+00  0.558285E-01
  0.472680E+01  0.739499E-01  0.558159E-01
  0.472953E+01  0.178451E-01  0.557448E-01
  0.473227E+01  0.169404E+00  0.565531E-01
  0.473500E+01  0.228605E+00  0.561391E-01
  0.473773E+01  0.170515E+00  0.555182E-01
  0.474047E+01  0.118284E+00  0.555053E-01
  0.474320E+01  0.221504E+00  0.563855E-01
  0.474594E+01  0.118248E+00  0.562424E-01
  0.474867E+01  0.117867E+00  0.555639E-01
  0.475140E+01  0.423662E-01  0.560454E-01
  0.475414E+01  0.949988E-01  0.554942E-01
  0.475687E+01  0.705457E-01  0.564111E-01
  0.475961E+01  0.241424E+00  0.567618E-01
  0.476234E+01  0.816049E-01  0.560240E-01
  0.476507E+01  0.140950E+00  0.559695E-01
  0.476781E+01  0.103289E+00  0.555096E-01
  0.477054E+01  0.488310E-01  0.564522E-01
  0.477328E+01  0.200684E+00  0.557694E-01
  0.477601E+01  0.133423E+00  0.564195E-01
  0.477874E+01  0.157392E+00  0.561111E-01
  0.478148E+01  0.195166E+00  0.562639E-01
  0.478421E+01  0.104132E+00  0.561659E-01
  0.478695E+01  0.159505E+00  0.561085E-01
  0.478968E+01  0.181528E+00  0.562539E-01
  0.479241E+01  0.181838E+00  0.557778E-01
  0.479515E+01  0.111505E+00  0.556072E-01
  0.479788E+01  0.180045E+00  0.562743E-01
  0.480062E+01  0.134334E+00  0.558765E-01
  0.480335E+01  0.111630E+00  0.561472E-01
  0.480608E+01  0.139874E+00  0.559688E-01
  0.480882E+01  0.131432E+00  0.564325E-01
  0.481155E+01  0.136796E+00  0.564695E-01
  0.481429E+01  0.199624E+00  0.561629E-01
  0.481702E+01  0.806925E-01  0.557080E-01
  0.481975E+01  0.152128E+00  0.560220E-01
  0.482249E+01  0.122793E+00  0.564354E-01
  0.482522E+01  0.116731E+00  0.560607E-01
  0.482796E+01  0.838675E-01  0.564172E-01
  0.483069E+01  0.111471E+00  0.566288E-01
  0.483343E+01  0.139604E+00  0.558608E-01
  0.483616E+01  0.119236E+00  0.565273E-01
  0.483889E+01  0.452252E-01  0.559205E-01
  0.484163E+01  0.177580E+00  0.571188E-01
  0.484436E+01  0.152613E+00  0.558109E-01
  0.484710E+01  0.680361E-01  0.561852E-01
  0.484983E+01  0.111611E+00  0.560446E-01
  0.485256E+01  0.951214E-01  0.558774E-01
  0.485530E+01  0.738392E-01  0.559481E-01
  0.485803E+01  0.555053E-01  0.560367E-01
  0.486077E+01  0.119889E+00  0.562323E-01
  0.486350E+01  0.143011E+00  0.566039E-01
  0.486623E+01  0.151230E+00  0.563728E-01
  0.486897E+01  0.106780E+00  0.563468E-01
  0.487170E+01  0.171778E+00  0.563227E-01
  0.487444E+01  0.919845E-01  0.561256E-01
  0.487717E+01  0.169454E+00  0.558765E-01
  0.487990E+01  0.213969E+00  0.565151E-01
  0.488264E+01  0.162345E+00  0.570603E-01
  0.488537E+01  0.143961E+00  0.560396E-01
  0.488811E+01  0.818272E-01  0.567007E-01
  0.489084E+01  0.856411E-01  0.566443E-01
  0.489357E+01  0.128613E+00  0.563407E-01
  0.489631E+01  0.927356E-01  0.563876E-01
  0.489904E+01  0.103936E+00  0.564559E-01
  0.490178E+01  0.132132E+00  0.565517E-01
  0.490451E+01  0.161933E+00  0.558971E-01
  0.490724E+01  0.210623E+00  0.570816E-01
  0.490998E+01  0.670858E-01  0.560110E-01
  0.491271E+01  0.756935E-01  0.565392E-01
  0.491545E+01  0.833602E-01  0.563045E-01
  0.491818E+01  0.101098E-02  0.566211E-01
  0.492091E+01  0.159674E+00  0.561698E-01
  0.492365E+01  0.114764E+00  0.559947E-01
  0.492638E+01  0.157997E+00  0.565200E-01
  0.492912E+01  0.138255E+00  0.565959E-01
  0.493185E+01  0.151447E+00  0.564823E-01
  0.493458E+01  0.144152E+00  0.563050E-01
  0.493732E+01  0.159335E+00  0.567944E-01
  0.494005E+01  0.182834E+00  0.566434E-01
  0.494279E+01  0.454295E-01  0.566115E-01
  0.494552E+01  0.206441E+00  0.568098E-01
  0.494825E+01  0.900088E-01  0.565385E-01
  0.495099E+01  0.943822E-01  0.563444E-01
  0.495372E+01  0.834188E-01  0.565870E-01
  0.495646E+01  0.175197E+00  0.567430E-01
  0.495919E+01  0.181033E+00  0.565017E-01
  0.496193E+01  0.935735E-01  0.568729E-01
  0.496466E+01  0.947984E-01  0.565283E-01
  0.496739E+01  0.931948E-01  0.564008E-01
  0.497013E+01  0.778023E-01  0.568878E-01
  0.497286E+01  0.174803E+00  0.569271E-01
  0.497560E+01  0.145945E+00  0.564806E-01
  0.497833E+01  0.398935E-01  0.562780E-01
  0.498106E+01  0.155433E+00  0.565607E-01
  0.498380E+01  0.102913E+00  0.569958E-01
  0.498653E+01  0.126263E+00  0.569506E-01
  0.498927E+01  0.880877E-01  0.565764E-01
  0.499200E+01  0.124943E+00  0.567928E-01
  0.499473E+01  0.103375E+00  0.567187E-01
  0.499747E+01  0.125689E+00  0.566921E-01
  0.500020E+01  0.136364E+00  0.565275E-01
