  0.508168E+00  0.233007E+02  0.147390E+00
  0.510902E+00  0.230583E+02  0.146513E+00
  0.513636E+00  0.225922E+02  0.142910E+00
  0.516370E+00  0.226499E+02  0.144326E+00
  0.519104E+00  0.220747E+02  0.142343E+00
  0.521838E+00  0.217036E+02  0.141115E+00
  0.524572E+00  0.215592E+02  0.140433E+00
  0.527306E+00  0.215410E+02  0.139133E+00
  0.530040E+00  0.210692E+02  0.138444E+00
  0.532774E+00  0.207326E+02  0.135743E+00
  0.535508E+00  0.205899E+02  0.136528E+00
  0.538242E+00  0.203387E+02  0.135900E+00
  0.540976E+00  0.200449E+02  0.133891E+00
  0.543710E+00  0.196670E+02  0.132796E+00
  0.546445E+00  0.193965E+02  0.130997E+00
  0.549179E+00  0.192671E+02  0.130946E+00
  0.551913E+00  0.186978E+02  0.127736E+00
  0.554647E+00  0.184839E+02  0.128066E+00
  0.557381E+00  0.182735E+02  0.127645E+00
  0.560115E+00  0.181616E+02  0.124741E+00
  0.562849E+00  0.177619E+02  0.124138E+00
  0.565583E+00  0.174809E+02  0.123359E+00
  0.568317E+00  0.172265E+02  0.123565E+00
  0.571051E+00  0.171715E+02  0.121644E+00
  0.573785E+00  0.167850E+02  0.120508E+00
  0.576519E+00  0.167014E+02  0.120210E+00
  0.579253E+00  0.162827E+02  0.119259E+00
  0.581987E+00  0.162420E+02  0.117693E+00
  0.584721E+00  0.160090E+02  0.118227E+00
  0.587455E+00  0.157718E+02  0.117231E+00
  0.590189E+00  0.155392E+02  0.115596E+00
  0.592923E+00  0.151936E+02  0.115359E+00
  0.595657E+00  0.151668E+02  0.113055E+00
  0.598391E+00  0.147962E+02  0.112665E+00
  0.601125E+00  0.147746E+02  0.113039E+00
  0.603859E+00  0.144059E+02  0.111135E+00
  0.606593E+00  0.143041E+02  0.110130E+00
  0.609328E+00  0.139870E+02  0.110044E+00
  0.612062E+00  0.139404E+02  0.108684E+00
  0.614796E+00  0.135927E+02  0.108788E+00
  0.617530E+00  0.133210E+02  0.106238E+00
  0.620264E+00  0.134131E+02  0.107735E+00
  0.622998E+00  0.130456E+02  0.106216E+00
  0.625732E+00  0.129093E+02  0.105374E+00
  0.628466E+00  0.127370E+02  0.103304E+00
  0.631200E+00  0.126268E+02  0.102742E+00
  0.633934E+00  0.123292E+02  0.103790E+00
  0.636668E+00  0.120685E+02  0.101858E+00
  0.639402E+00  0.118336E+02  0.100885E+00
  0.642136E+00  0.118200E+02  0.100223E+00
  0.644870E+00  0.115521E+02  0.987331E-01
  0.647604E+00  0.114488E+02  0.999657E-01
  0.650338E+00  0.112079E+02  0.978465E-01
  0.653072E+00  0.111014E+02  0.965582E-01
  0.655806E+00  0.111376E+02  0.984140E-01
  0.658540E+00  0.107332E+02  0.953953E-01
  0.661274E+00  0.107883E+02  0.972466E-01
  0.664008E+00  0.104760E+02  0.938432E-01
  0.666742E+00  0.104222E+02  0.940791E-01
  0.669476E+00  0.102760E+02  0.938244E-01
  0.672211E+00  0.997403E+01  0.926714E-01
  0.674945E+00  0.979674E+01  0.928711E-01
  0.677679E+00  0.960860E+01  0.903059E-01
  0.680413E+00  0.951372E+01  0.914694E-01
  0.683147E+00  0.943946E+01  0.914956E-01
  0.685881E+00  0.940148E+01  0.898909E-01
  0.688615E+00  0.915216E+01  0.900023E-01
  0.691349E+00  0.902848E+01  0.884716E-01
  0.694083E+00  0.882666E+01  0.884891E-01
  0.696817E+00  0.874040E+01  0.875894E-01
  0.699551E+00  0.864591E+01  0.862199E-01
  0.702285E+00  0.858296E+01  0.868013E-01
  0.705019E+00  0.836936E+01  0.862969E-01
  0.707753E+00  0.817424E+01  0.860128E-01
  0.710487E+00  0.799280E+01  0.836632E-01
  0.713221E+00  0.795348E+01  0.845379E-01
  0.715955E+00  0.774165E+01  0.838777E-01
  0.718689E+00  0.777558E+01  0.840702E-01
  0.721423E+00  0.757916E+01  0.831796E-01
  0.724157E+00  0.744106E+01  0.822527E-01
  0.726891E+00  0.730317E+01  0.810573E-01
  0.729625E+00  0.730334E+01  0.816725E-01
  0.732359E+00  0.719831E+01  0.807995E-01
  0.735094E+00  0.705696E+01  0.807359E-01
  0.737828E+00  0.680173E+01  0.783298E-01
  0.740562E+00  0.677879E+01  0.793195E-01
  0.743296E+00  0.663426E+01  0.788811E-01
  0.746030E+00  0.656232E+01  0.777100E-01
  0.748764E+00  0.651658E+01  0.770838E-01
  0.751498E+00  0.640929E+01  0.775129E-01
  0.754232E+00  0.632782E+01  0.773874E-01
  0.756966E+00  0.623596E+01  0.763932E-01
  0.759700E+00  0.603135E+01  0.758924E-01
  0.762434E+00  0.606410E+01  0.761479E-01
  0.765168E+00  0.600692E+01  0.759832E-01
  0.767902E+00  0.589951E+01  0.754817E-01
  0.770636E+00  0.585594E+01  0.748475E-01
  0.773370E+00  0.572650E+01  0.746814E-01
  0.776104E+00  0.562442E+01  0.741065E-01
  0.778838E+00  0.548309E+01  0.736290E-01
  0.781572E+00  0.553667E+01  0.728382E-01
  0.784306E+00  0.536640E+01  0.730193E-01
  0.787040E+00  0.524625E+01  0.728221E-01
  0.789774E+00  0.532058E+01  0.721623E-01
  0.792508E+00  0.511186E+01  0.718861E-01
  0.795242E+00  0.510717E+01  0.722332E-01
  0.797977E+00  0.519866E+01  0.725675E-01
  0.800711E+00  0.489658E+01  0.733103E-01
  0.803445E+00  0.480296E+01  0.710271E-01
  0.806179E+00  0.488134E+01  0.727989E-01
  0.808913E+00  0.474473E+01  0.720044E-01
  0.811647E+00  0.471930E+01  0.717776E-01
  0.814381E+00  0.457995E+01  0.711614E-01
  0.817115E+00  0.451462E+01  0.709207E-01
  0.819849E+00  0.457379E+01  0.722929E-01
  0.822583E+00  0.441318E+01  0.710446E-01
  0.825317E+00  0.445208E+01  0.710525E-01
  0.828051E+00  0.430943E+01  0.707093E-01
  0.830785E+00  0.425479E+01  0.698345E-01
  0.833519E+00  0.406994E+01  0.714456E-01
  0.836253E+00  0.423248E+01  0.701760E-01
  0.838987E+00  0.415440E+01  0.704313E-01
  0.841721E+00  0.401533E+01  0.708435E-01
  0.844455E+00  0.401031E+01  0.702510E-01
  0.847189E+00  0.404873E+01  0.704567E-01
  0.849923E+00  0.399136E+01  0.690615E-01
  0.852657E+00  0.393300E+01  0.699815E-01
  0.855391E+00  0.372310E+01  0.693109E-01
  0.858125E+00  0.373268E+01  0.703357E-01
  0.860860E+00  0.372167E+01  0.694033E-01
  0.863594E+00  0.359216E+01  0.681859E-01
  0.866328E+00  0.365838E+01  0.694140E-01
  0.869062E+00  0.349441E+01  0.689458E-01
  0.871796E+00  0.351595E+01  0.687496E-01
  0.874530E+00  0.355900E+01  0.688130E-01
  0.877264E+00  0.341196E+01  0.685429E-01
  0.879998E+00  0.335340E+01  0.690048E-01
  0.882732E+00  0.340642E+01  0.689061E-01
  0.885466E+00  0.329014E+01  0.677331E-01
  0.888200E+00  0.331761E+01  0.679998E-01
  0.890934E+00  0.323019E+01  0.680943E-01
  0.893668E+00  0.319056E+01  0.680907E-01
  0.896402E+00  0.319219E+01  0.679525E-01
  0.899136E+00  0.318915E+01  0.676393E-01
  0.901870E+00  0.308351E+01  0.676348E-01
  0.904604E+00  0.308800E+01  0.680527E-01
  0.907338E+00  0.305325E+01  0.671195E-01
  0.910072E+00  0.296495E+01  0.675908E-01
  0.912806E+00  0.310220E+01  0.673592E-01
  0.915540E+00  0.293475E+01  0.664685E-01
  0.918274E+00  0.294594E+01  0.677725E-01
  0.921009E+00  0.301496E+01  0.673784E-01
  0.923743E+00  0.287883E+01  0.672889E-01
  0.926477E+00  0.285089E+01  0.674335E-01
  0.929211E+00  0.277489E+01  0.655483E-01
  0.931945E+00  0.284496E+01  0.670048E-01
  0.934679E+00  0.285182E+01  0.669732E-01
  0.937413E+00  0.281030E+01  0.672059E-01
  0.940147E+00  0.269482E+01  0.670663E-01
  0.942881E+00  0.264743E+01  0.660837E-01
  0.945615E+00  0.272288E+01  0.669926E-01
  0.948349E+00  0.260366E+01  0.656471E-01
  0.951083E+00  0.267826E+01  0.668517E-01
  0.953817E+00  0.272371E+01  0.663279E-01
  0.956551E+00  0.261662E+01  0.658455E-01
  0.959285E+00  0.262429E+01  0.669267E-01
  0.962019E+00  0.253060E+01  0.654359E-01
  0.964753E+00  0.252027E+01  0.659842E-01
  0.967487E+00  0.261343E+01  0.657721E-01
  0.970221E+00  0.256585E+01  0.659167E-01
  0.972955E+00  0.253109E+01  0.660203E-01
  0.975689E+00  0.248777E+01  0.653742E-01
  0.978423E+00  0.248952E+01  0.665227E-01
  0.981157E+00  0.248725E+01  0.650717E-01
  0.983892E+00  0.245040E+01  0.666090E-01
  0.986626E+00  0.238818E+01  0.657599E-01
  0.989360E+00  0.244419E+01  0.654876E-01
  0.992094E+00  0.238483E+01  0.661160E-01
  0.994828E+00  0.243889E+01  0.651218E-01
  0.997562E+00  0.223552E+01  0.655794E-01
  0.100030E+01  0.243160E+01  0.645378E-01
  0.100303E+01  0.223133E+01  0.652524E-01
  0.100576E+01  0.224424E+01  0.650182E-01
  0.100850E+01  0.227083E+01  0.653895E-01
  0.101123E+01  0.229960E+01  0.653523E-01
  0.101397E+01  0.223129E+01  0.646759E-01
  0.101670E+01  0.217915E+01  0.656616E-01
  0.101943E+01  0.228398E+01  0.657090E-01
  0.102217E+01  0.231955E+01  0.650851E-01
  0.102490E+01  0.220337E+01  0.658466E-01
  0.102764E+01  0.217242E+01  0.637256E-01
  0.103037E+01  0.217899E+01  0.656178E-01
  0.103310E+01  0.213678E+01  0.643518E-01
  0.103584E+01  0.217067E+01  0.650289E-01
  0.103857E+01  0.216332E+01  0.649117E-01
  0.104131E+01  0.225784E+01  0.649614E-01
  0.104404E+01  0.219718E+01  0.655695E-01
  0.104677E+01  0.216163E+01  0.642510E-01
  0.104951E+01  0.213730E+01  0.645330E-01
  0.105224E+01  0.207319E+01  0.647238E-01
  0.105498E+01  0.221165E+01  0.643734E-01
  0.105771E+01  0.204015E+01  0.646358E-01
  0.106044E+01  0.201143E+01  0.638940E-01
  0.106318E+01  0.208283E+01  0.643556E-01
  0.106591E+01  0.210828E+01  0.643536E-01
  0.106865E+01  0.196943E+01  0.638047E-01
  0.107138E+01  0.203636E+01  0.645803E-01
  0.107411E+01  0.193951E+01  0.632358E-01
  0.107685E+01  0.201022E+01  0.650651E-01
  0.107958E+01  0.202442E+01  0.636307E-01
  0.108232E+01  0.200265E+01  0.637422E-01
  0.108505E+01  0.193135E+01  0.646446E-01
  0.108779E+01  0.199526E+01  0.637827E-01
  0.109052E+01  0.196470E+01  0.647684E-01
  0.109325E+01  0.198478E+01  0.632689E-01
  0.109599E+01  0.195283E+01  0.640045E-01
  0.109872E+01  0.187496E+01  0.638695E-01
  0.110146E+01  0.191264E+01  0.638802E-01
  0.110419E+01  0.198498E+01  0.641461E-01
  0.110692E+01  0.186786E+01  0.635999E-01
  0.110966E+01  0.188941E+01  0.637715E-01
  0.111239E+01  0.191221E+01  0.637330E-01
  0.111513E+01  0.193412E+01  0.629582E-01
  0.111786E+01  0.196357E+01  0.638603E-01
  0.112059E+01  0.184677E+01  0.631386E-01
  0.112333E+01  0.187394E+01  0.635043E-01
  0.112606E+01  0.188566E+01  0.640858E-01
  0.112880E+01  0.178206E+01  0.628962E-01
  0.113153E+01  0.186642E+01  0.639298E-01
  0.113426E+01  0.180082E+01  0.630685E-01
  0.113700E+01  0.178759E+01  0.630951E-01
  0.113973E+01  0.178224E+01  0.633198E-01
  0.114247E+01  0.191167E+01  0.635023E-01
  0.114520E+01  0.178649E+01  0.631479E-01
  0.114793E+01  0.188524E+01  0.635567E-01
  0.115067E+01  0.181080E+01  0.633045E-01
  0.115340E+01  0.191004E+01  0.635009E-01
  0.115614E+01  0.174051E+01  0.628130E-01
  0.115887E+01  0.177079E+01  0.628046E-01
  0.116160E+01  0.170559E+01  0.630798E-01
  0.116434E+01  0.179351E+01  0.632084E-01
  0.116707E+01  0.172450E+01  0.633588E-01
  0.116981E+01  0.173452E+01  0.628653E-01
  0.117254E+01  0.173009E+01  0.628205E-01
  0.117527E+01  0.167437E+01  0.626728E-01
  0.117801E+01  0.169816E+01  0.627823E-01
  0.118074E+01  0.169979E+01  0.630107E-01
  0.118348E+01  0.167461E+01  0.627018E-01
  0.118621E+01  0.172097E+01  0.621696E-01
  0.118894E+01  0.173147E+01  0.626728E-01
  0.119168E+01  0.171722E+01  0.625595E-01
  0.119441E+01  0.158623E+01  0.626882E-01
  0.119715E+01  0.169779E+01  0.620943E-01
  0.119988E+01  0.168644E+01  0.623846E-01
  0.120262E+01  0.173106E+01  0.627249E-01
  0.120535E+01  0.162850E+01  0.619458E-01
  0.120808E+01  0.174436E+01  0.620812E-01
  0.121082E+01  0.156791E+01  0.621493E-01
  0.121355E+01  0.150073E+01  0.624186E-01
  0.121629E+01  0.159857E+01  0.624429E-01
  0.121902E+01  0.162293E+01  0.618760E-01
  0.122175E+01  0.157348E+01  0.620791E-01
  0.122449E+01  0.157894E+01  0.619000E-01
  0.122722E+01  0.146580E+01  0.620096E-01
  0.122996E+01  0.164389E+01  0.664105E-01
  0.123269E+01  0.164890E+01  0.676598E-01
  0.123816E+01  0.156682E+01  0.696408E-01
  0.124089E+01  0.147498E+01  0.710244E-01
  0.124363E+01  0.141316E+01  0.732830E-01
  0.124636E+01  0.147577E+01  0.741974E-01
  0.124909E+01  0.164231E+01  0.750451E-01
  0.125183E+01  0.157644E+01  0.764367E-01
  0.125456E+01  0.151306E+01  0.754282E-01
  0.125730E+01  0.152118E+01  0.774151E-01
  0.126003E+01  0.134632E+01  0.791559E-01
  0.126276E+01  0.153055E+01  0.805373E-01
  0.126550E+01  0.155219E+01  0.729231E-01
  0.126823E+01  0.145669E+01  0.708006E-01
  0.127097E+01  0.143906E+01  0.692983E-01
  0.127370E+01  0.145521E+01  0.680142E-01
  0.127643E+01  0.134672E+01  0.665807E-01
  0.127917E+01  0.144736E+01  0.669243E-01
  0.128190E+01  0.149890E+01  0.655808E-01
  0.128464E+01  0.155644E+01  0.658228E-01
  0.128737E+01  0.141624E+01  0.657495E-01
  0.129010E+01  0.133577E+01  0.647975E-01
  0.129284E+01  0.134838E+01  0.639760E-01
  0.129557E+01  0.128926E+01  0.640402E-01
  0.129831E+01  0.136868E+01  0.630929E-01
  0.130104E+01  0.139225E+01  0.634641E-01
  0.130377E+01  0.146106E+01  0.623781E-01
  0.130651E+01  0.130549E+01  0.619089E-01
  0.130924E+01  0.130415E+01  0.626656E-01
  0.131198E+01  0.130461E+01  0.624768E-01
  0.131471E+01  0.123029E+01  0.621262E-01
  0.131744E+01  0.137572E+01  0.615343E-01
  0.132018E+01  0.132570E+01  0.617328E-01
  0.132291E+01  0.133800E+01  0.626393E-01
  0.132565E+01  0.129646E+01  0.613151E-01
  0.132838E+01  0.120401E+01  0.612954E-01
  0.133112E+01  0.119538E+01  0.613660E-01
  0.133385E+01  0.124951E+01  0.619751E-01
  0.133658E+01  0.130528E+01  0.623021E-01
  0.133932E+01  0.122322E+01  0.605289E-01
  0.134205E+01  0.117606E+01  0.614711E-01
  0.134479E+01  0.121631E+01  0.612737E-01
  0.134752E+01  0.135651E+01  0.620820E-01
  0.135025E+01  0.121445E+01  0.612439E-01
  0.135299E+01  0.122705E+01  0.616828E-01
  0.135572E+01  0.118952E+01  0.612580E-01
  0.135846E+01  0.118736E+01  0.613919E-01
  0.136119E+01  0.116567E+01  0.603978E-01
  0.136392E+01  0.122127E+01  0.612374E-01
  0.136666E+01  0.115544E+01  0.609397E-01
  0.136939E+01  0.125590E+01  0.612000E-01
  0.137213E+01  0.110915E+01  0.603207E-01
  0.137486E+01  0.115648E+01  0.601834E-01
  0.137759E+01  0.110701E+01  0.604545E-01
  0.138033E+01  0.117812E+01  0.609988E-01
  0.138306E+01  0.115561E+01  0.610205E-01
  0.138580E+01  0.101270E+01  0.601487E-01
  0.138853E+01  0.114981E+01  0.602787E-01
  0.139126E+01  0.986085E+00  0.599589E-01
  0.139400E+01  0.114130E+01  0.594609E-01
  0.139673E+01  0.110697E+01  0.609435E-01
  0.139947E+01  0.106719E+01  0.602992E-01
  0.140220E+01  0.106092E+01  0.601843E-01
  0.140493E+01  0.106944E+01  0.601299E-01
  0.140767E+01  0.103969E+01  0.598120E-01
  0.141040E+01  0.106382E+01  0.601545E-01
  0.141314E+01  0.108677E+01  0.605051E-01
  0.141587E+01  0.977438E+00  0.596335E-01
  0.141860E+01  0.105840E+01  0.598066E-01
  0.142134E+01  0.105109E+01  0.595366E-01
  0.142407E+01  0.100929E+01  0.601117E-01
  0.142681E+01  0.100546E+01  0.598119E-01
  0.142954E+01  0.101665E+01  0.597708E-01
  0.143227E+01  0.992632E+00  0.591842E-01
  0.143501E+01  0.101373E+01  0.598816E-01
  0.143774E+01  0.100784E+01  0.592593E-01
  0.144048E+01  0.105395E+01  0.596380E-01
  0.144321E+01  0.890323E+00  0.588126E-01
  0.144594E+01  0.950910E+00  0.595898E-01
  0.144868E+01  0.895161E+00  0.597899E-01
  0.145141E+01  0.917335E+00  0.594423E-01
  0.145415E+01  0.960570E+00  0.591366E-01
  0.145688E+01  0.100088E+01  0.590471E-01
  0.145962E+01  0.826110E+00  0.589900E-01
  0.146235E+01  0.800589E+00  0.584707E-01
  0.146508E+01  0.898947E+00  0.592015E-01
  0.146782E+01  0.933696E+00  0.587181E-01
  0.147055E+01  0.947127E+00  0.584291E-01
  0.147329E+01  0.806767E+00  0.581906E-01
  0.147602E+01  0.859739E+00  0.578717E-01
  0.147875E+01  0.855328E+00  0.573252E-01
  0.148149E+01  0.880924E+00  0.577328E-01
  0.148422E+01  0.955007E+00  0.578556E-01
  0.148696E+01  0.915048E+00  0.577711E-01
  0.148969E+01  0.829084E+00  0.567079E-01
  0.149242E+01  0.835118E+00  0.576358E-01
  0.149516E+01  0.792052E+00  0.571104E-01
  0.149789E+01  0.793497E+00  0.574250E-01
  0.150063E+01  0.824416E+00  0.571866E-01
  0.150336E+01  0.800479E+00  0.573521E-01
  0.150609E+01  0.870869E+00  0.576170E-01
  0.150883E+01  0.773044E+00  0.570618E-01
  0.151156E+01  0.682201E+00  0.570317E-01
  0.151430E+01  0.761012E+00  0.569595E-01
  0.151703E+01  0.787336E+00  0.579398E-01
  0.151976E+01  0.862804E+00  0.568069E-01
  0.152250E+01  0.851541E+00  0.569556E-01
  0.152523E+01  0.807601E+00  0.568704E-01
  0.152797E+01  0.745329E+00  0.569388E-01
  0.153070E+01  0.690873E+00  0.569706E-01
  0.153343E+01  0.759109E+00  0.567270E-01
  0.153617E+01  0.693553E+00  0.571098E-01
  0.153890E+01  0.704446E+00  0.561132E-01
  0.154164E+01  0.723973E+00  0.575132E-01
  0.154437E+01  0.737593E+00  0.560738E-01
  0.154710E+01  0.764269E+00  0.562889E-01
  0.154984E+01  0.701957E+00  0.567832E-01
  0.155257E+01  0.740269E+00  0.570553E-01
  0.155531E+01  0.695568E+00  0.564322E-01
  0.155804E+01  0.672794E+00  0.569308E-01
  0.156077E+01  0.612873E+00  0.561560E-01
  0.156351E+01  0.705933E+00  0.567445E-01
  0.156624E+01  0.631702E+00  0.572429E-01
  0.156898E+01  0.707565E+00  0.558022E-01
  0.157171E+01  0.628698E+00  0.561866E-01
  0.157444E+01  0.576141E+00  0.566627E-01
  0.157718E+01  0.609383E+00  0.566245E-01
  0.157991E+01  0.656762E+00  0.565493E-01
  0.158265E+01  0.677399E+00  0.562052E-01
  0.158538E+01  0.646288E+00  0.564247E-01
  0.158812E+01  0.642950E+00  0.563463E-01
  0.159085E+01  0.689323E+00  0.559577E-01
  0.159358E+01  0.631675E+00  0.558044E-01
  0.159632E+01  0.732408E+00  0.564397E-01
  0.159905E+01  0.539925E+00  0.557674E-01
  0.160179E+01  0.631972E+00  0.563010E-01
  0.160452E+01  0.602777E+00  0.558919E-01
  0.160725E+01  0.612532E+00  0.560738E-01
  0.160999E+01  0.570481E+00  0.559216E-01
  0.161272E+01  0.603024E+00  0.562150E-01
  0.161546E+01  0.584786E+00  0.557760E-01
  0.161819E+01  0.630940E+00  0.556612E-01
  0.162092E+01  0.474741E+00  0.559684E-01
  0.162366E+01  0.454683E+00  0.558245E-01
  0.162639E+01  0.663648E+00  0.562207E-01
  0.162913E+01  0.601332E+00  0.555509E-01
  0.163186E+01  0.634086E+00  0.556895E-01
  0.163459E+01  0.606804E+00  0.560746E-01
  0.163733E+01  0.526659E+00  0.558306E-01
  0.164006E+01  0.616276E+00  0.555661E-01
  0.164280E+01  0.575792E+00  0.557183E-01
  0.164553E+01  0.505912E+00  0.559667E-01
  0.164826E+01  0.611491E+00  0.559751E-01
  0.165100E+01  0.660292E+00  0.552899E-01
  0.165373E+01  0.590508E+00  0.557621E-01
  0.165647E+01  0.576597E+00  0.566926E-01
  0.165920E+01  0.517760E+00  0.550445E-01
  0.166193E+01  0.475381E+00  0.555879E-01
  0.166467E+01  0.611407E+00  0.555189E-01
  0.166740E+01  0.486636E+00  0.552215E-01
  0.167014E+01  0.493039E+00  0.556722E-01
  0.167287E+01  0.454079E+00  0.557061E-01
  0.167560E+01  0.525952E+00  0.548860E-01
  0.167834E+01  0.566007E+00  0.557156E-01
  0.168107E+01  0.518741E+00  0.558263E-01
  0.168381E+01  0.532013E+00  0.559256E-01
  0.168654E+01  0.554841E+00  0.547674E-01
  0.168927E+01  0.499796E+00  0.556108E-01
  0.169201E+01  0.511555E+00  0.552964E-01
  0.169474E+01  0.486348E+00  0.552539E-01
  0.169748E+01  0.469567E+00  0.544491E-01
  0.170021E+01  0.465623E+00  0.554699E-01
  0.170295E+01  0.552692E+00  0.551341E-01
  0.170568E+01  0.409816E+00  0.551428E-01
  0.170841E+01  0.392146E+00  0.545530E-01
  0.171115E+01  0.357692E+00  0.548636E-01
  0.171388E+01  0.449678E+00  0.554774E-01
  0.171662E+01  0.441852E+00  0.550702E-01
  0.171935E+01  0.377682E+00  0.548385E-01
  0.172208E+01  0.429038E+00  0.545398E-01
  0.172482E+01  0.522414E+00  0.549531E-01
  0.172755E+01  0.394290E+00  0.552135E-01
  0.173029E+01  0.394401E+00  0.551821E-01
  0.173302E+01  0.434997E+00  0.546647E-01
  0.173575E+01  0.495951E+00  0.549652E-01
  0.173849E+01  0.334092E+00  0.543538E-01
  0.174122E+01  0.500538E+00  0.554694E-01
  0.174396E+01  0.425484E+00  0.545223E-01
  0.174669E+01  0.450266E+00  0.546453E-01
  0.174942E+01  0.501504E+00  0.549678E-01
  0.175216E+01  0.425035E+00  0.546075E-01
  0.175489E+01  0.433393E+00  0.545195E-01
  0.175763E+01  0.459911E+00  0.548992E-01
  0.176036E+01  0.353085E+00  0.548286E-01
  0.176309E+01  0.493353E+00  0.543683E-01
  0.176583E+01  0.438821E+00  0.548894E-01
  0.176856E+01  0.467460E+00  0.548953E-01
  0.177130E+01  0.427026E+00  0.548284E-01
  0.177403E+01  0.477262E+00  0.547968E-01
  0.177676E+01  0.378021E+00  0.546562E-01
  0.177950E+01  0.448455E+00  0.543817E-01
  0.178223E+01  0.362641E+00  0.541794E-01
  0.178497E+01  0.464939E+00  0.547272E-01
  0.178770E+01  0.323885E+00  0.547336E-01
  0.179043E+01  0.420030E+00  0.544002E-01
  0.179317E+01  0.393212E+00  0.543790E-01
  0.179590E+01  0.406802E+00  0.541537E-01
  0.179864E+01  0.408532E+00  0.547908E-01
  0.180137E+01  0.358351E+00  0.549504E-01
  0.180410E+01  0.427996E+00  0.546471E-01
  0.180684E+01  0.392844E+00  0.543585E-01
  0.180957E+01  0.417058E+00  0.543669E-01
  0.181231E+01  0.435078E+00  0.547608E-01
  0.181504E+01  0.440236E+00  0.543480E-01
  0.181777E+01  0.429846E+00  0.541571E-01
  0.182051E+01  0.381141E+00  0.547970E-01
  0.182324E+01  0.372737E+00  0.545839E-01
  0.182598E+01  0.324252E+00  0.542507E-01
  0.182871E+01  0.356650E+00  0.539748E-01
  0.183145E+01  0.326675E+00  0.533604E-01
  0.183418E+01  0.369862E+00  0.545797E-01
  0.183691E+01  0.346735E+00  0.546852E-01
  0.183965E+01  0.398195E+00  0.542952E-01
  0.184238E+01  0.419925E+00  0.540505E-01
  0.184512E+01  0.410346E+00  0.539516E-01
  0.184785E+01  0.433298E+00  0.545378E-01
  0.185058E+01  0.489410E+00  0.540314E-01
  0.185332E+01  0.278500E+00  0.544127E-01
  0.185605E+01  0.342527E+00  0.537271E-01
  0.185879E+01  0.368767E+00  0.538863E-01
  0.186152E+01  0.296641E+00  0.540787E-01
  0.186425E+01  0.376403E+00  0.540909E-01
  0.186699E+01  0.343384E+00  0.542645E-01
  0.186972E+01  0.416383E+00  0.545712E-01
  0.187246E+01  0.398162E+00  0.538820E-01
  0.187519E+01  0.471991E+00  0.540407E-01
  0.187792E+01  0.353762E+00  0.538414E-01
  0.188066E+01  0.358661E+00  0.540055E-01
  0.188339E+01  0.418741E+00  0.542114E-01
  0.188613E+01  0.282924E+00  0.538796E-01
  0.188886E+01  0.410163E+00  0.535513E-01
  0.189159E+01  0.298663E+00  0.535029E-01
  0.189433E+01  0.353951E+00  0.537397E-01
  0.189706E+01  0.373479E+00  0.538496E-01
  0.189980E+01  0.281669E+00  0.532501E-01
  0.190253E+01  0.336989E+00  0.532380E-01
  0.190526E+01  0.283073E+00  0.541694E-01
  0.190800E+01  0.369518E+00  0.535981E-01
  0.191073E+01  0.386880E+00  0.535841E-01
  0.191347E+01  0.343027E+00  0.542454E-01
  0.191620E+01  0.407328E+00  0.534944E-01
  0.191893E+01  0.300688E+00  0.534875E-01
  0.192167E+01  0.303179E+00  0.540127E-01
  0.192440E+01  0.325119E+00  0.532271E-01
  0.192714E+01  0.425391E+00  0.535177E-01
  0.192987E+01  0.427693E+00  0.535936E-01
  0.193260E+01  0.303882E+00  0.535584E-01
  0.193534E+01  0.321518E+00  0.536976E-01
  0.193807E+01  0.363678E+00  0.531130E-01
  0.194081E+01  0.370424E+00  0.534183E-01
  0.194354E+01  0.293219E+00  0.528769E-01
  0.194627E+01  0.280224E+00  0.534868E-01
  0.194901E+01  0.336639E+00  0.534717E-01
  0.195174E+01  0.342525E+00  0.532457E-01
  0.195448E+01  0.365859E+00  0.536793E-01
  0.195721E+01  0.383808E+00  0.535208E-01
  0.195995E+01  0.464096E+00  0.535020E-01
  0.196268E+01  0.299467E+00  0.535357E-01
  0.196541E+01  0.252416E+00  0.533699E-01
  0.196815E+01  0.333077E+00  0.533938E-01
  0.197088E+01  0.322712E+00  0.534701E-01
  0.197362E+01  0.398541E+00  0.536032E-01
  0.197635E+01  0.406560E+00  0.537097E-01
  0.197908E+01  0.203195E+00  0.531685E-01
  0.198182E+01  0.292563E+00  0.532643E-01
  0.198455E+01  0.336407E+00  0.531475E-01
  0.198729E+01  0.319900E+00  0.531488E-01
  0.199002E+01  0.353005E+00  0.538140E-01
  0.199275E+01  0.218048E+00  0.536534E-01
  0.199549E+01  0.329584E+00  0.528207E-01
  0.199822E+01  0.316272E+00  0.529815E-01
  0.200096E+01  0.275653E+00  0.528790E-01
  0.200369E+01  0.315222E+00  0.535321E-01
  0.200642E+01  0.304643E+00  0.529125E-01
  0.200916E+01  0.254718E+00  0.530132E-01
  0.201189E+01  0.280819E+00  0.530099E-01
  0.201463E+01  0.184300E+00  0.529479E-01
  0.201736E+01  0.300649E+00  0.533073E-01
  0.202009E+01  0.387009E+00  0.529849E-01
  0.202283E+01  0.376274E+00  0.531852E-01
  0.202556E+01  0.307864E+00  0.533772E-01
  0.202830E+01  0.298809E+00  0.522577E-01
  0.203103E+01  0.363891E+00  0.536742E-01
  0.203376E+01  0.302403E+00  0.537012E-01
  0.203650E+01  0.248983E+00  0.528378E-01
  0.203923E+01  0.173434E+00  0.525852E-01
  0.204197E+01  0.296768E+00  0.535232E-01
  0.204470E+01  0.313302E+00  0.532071E-01
  0.204743E+01  0.302016E+00  0.527742E-01
  0.205017E+01  0.299446E+00  0.525234E-01
  0.205290E+01  0.276686E+00  0.528347E-01
  0.205564E+01  0.328199E+00  0.533804E-01
  0.205837E+01  0.250568E+00  0.532039E-01
  0.206110E+01  0.310540E+00  0.532587E-01
  0.206384E+01  0.318304E+00  0.530646E-01
  0.206657E+01  0.297540E+00  0.531523E-01
  0.206931E+01  0.268058E+00  0.531551E-01
  0.207204E+01  0.258069E+00  0.532391E-01
  0.207477E+01  0.253960E+00  0.532318E-01
  0.207751E+01  0.282728E+00  0.527487E-01
  0.208024E+01  0.315404E+00  0.525697E-01
  0.208298E+01  0.336322E+00  0.528819E-01
  0.208571E+01  0.372273E+00  0.533593E-01
  0.208845E+01  0.319473E+00  0.528350E-01
  0.209118E+01  0.224123E+00  0.531166E-01
  0.209391E+01  0.262465E+00  0.531966E-01
  0.209665E+01  0.219519E+00  0.526354E-01
  0.209938E+01  0.313707E+00  0.526515E-01
  0.210212E+01  0.261785E+00  0.524591E-01
  0.210485E+01  0.312935E+00  0.533503E-01
  0.210758E+01  0.308163E+00  0.528747E-01
  0.211032E+01  0.303315E+00  0.529181E-01
  0.211305E+01  0.299525E+00  0.524709E-01
  0.211579E+01  0.182222E+00  0.522403E-01
  0.211852E+01  0.292269E+00  0.523296E-01
  0.212125E+01  0.315919E+00  0.528882E-01
  0.212399E+01  0.219164E+00  0.524108E-01
  0.212672E+01  0.252631E+00  0.528256E-01
  0.212946E+01  0.283129E+00  0.524086E-01
  0.213219E+01  0.200832E+00  0.528144E-01
  0.213492E+01  0.313657E+00  0.526010E-01
  0.213766E+01  0.246085E+00  0.523738E-01
  0.214039E+01  0.207482E+00  0.522033E-01
  0.214313E+01  0.253315E+00  0.526006E-01
  0.214586E+01  0.298208E+00  0.528922E-01
  0.214859E+01  0.247873E+00  0.521235E-01
  0.215133E+01  0.244258E+00  0.526279E-01
  0.215406E+01  0.261845E+00  0.523561E-01
  0.215680E+01  0.251746E+00  0.524062E-01
  0.215953E+01  0.295159E+00  0.524943E-01
  0.216226E+01  0.200658E+00  0.518583E-01
  0.216500E+01  0.164203E+00  0.517693E-01
  0.216773E+01  0.191597E+00  0.523163E-01
  0.217047E+01  0.192280E+00  0.522222E-01
  0.217320E+01  0.229169E+00  0.520959E-01
  0.217593E+01  0.293696E+00  0.525797E-01
  0.217867E+01  0.234472E+00  0.520411E-01
  0.218140E+01  0.210735E+00  0.523112E-01
  0.218414E+01  0.230861E+00  0.520717E-01
  0.218687E+01  0.169706E+00  0.525188E-01
  0.218960E+01  0.291017E+00  0.523918E-01
  0.219234E+01  0.299448E+00  0.516354E-01
  0.219507E+01  0.241982E+00  0.523097E-01
  0.219781E+01  0.218199E+00  0.518549E-01
  0.220054E+01  0.284068E+00  0.525903E-01
  0.220328E+01  0.223179E+00  0.523838E-01
  0.220601E+01  0.236111E+00  0.519311E-01
  0.220874E+01  0.228420E+00  0.524473E-01
  0.221148E+01  0.244923E+00  0.521880E-01
  0.221421E+01  0.174172E+00  0.517851E-01
  0.221695E+01  0.293496E+00  0.524499E-01
  0.221968E+01  0.135683E+00  0.516138E-01
  0.222241E+01  0.256395E+00  0.523375E-01
  0.222515E+01  0.227471E+00  0.515487E-01
  0.222788E+01  0.207385E+00  0.523028E-01
  0.223062E+01  0.225147E+00  0.517730E-01
  0.223335E+01  0.226992E+00  0.519053E-01
  0.223608E+01  0.210936E+00  0.520854E-01
  0.223882E+01  0.269660E+00  0.520194E-01
  0.224155E+01  0.209658E+00  0.526214E-01
  0.224429E+01  0.198127E+00  0.520457E-01
  0.224702E+01  0.215865E+00  0.520345E-01
  0.224975E+01  0.217115E+00  0.519212E-01
  0.225249E+01  0.244061E+00  0.516936E-01
  0.225522E+01  0.152611E+00  0.517297E-01
  0.225796E+01  0.207074E+00  0.519693E-01
  0.226069E+01  0.158231E+00  0.519324E-01
  0.226342E+01  0.187394E+00  0.519940E-01
  0.226616E+01  0.213737E+00  0.519672E-01
  0.226889E+01  0.271891E+00  0.521503E-01
  0.227163E+01  0.143789E+00  0.518235E-01
  0.227436E+01  0.258983E+00  0.518317E-01
  0.227709E+01  0.192740E+00  0.516035E-01
  0.227983E+01  0.232454E+00  0.519834E-01
  0.228256E+01  0.187240E+00  0.515669E-01
  0.228530E+01  0.181026E+00  0.513577E-01
  0.228803E+01  0.224074E+00  0.517554E-01
  0.229076E+01  0.217728E+00  0.520439E-01
  0.229350E+01  0.200408E+00  0.518469E-01
  0.229623E+01  0.218993E+00  0.514384E-01
  0.229897E+01  0.242472E+00  0.515023E-01
  0.230170E+01  0.166636E+00  0.512956E-01
  0.230443E+01  0.204920E+00  0.516022E-01
  0.230717E+01  0.215700E+00  0.517218E-01
  0.230990E+01  0.187930E+00  0.517142E-01
  0.231264E+01  0.180121E+00  0.516883E-01
  0.231537E+01  0.213184E+00  0.510361E-01
  0.231810E+01  0.263079E+00  0.516813E-01
  0.232084E+01  0.124839E+00  0.512200E-01
  0.232357E+01  0.164050E+00  0.513942E-01
  0.232631E+01  0.247747E+00  0.510795E-01
  0.232904E+01  0.175990E+00  0.512783E-01
  0.233178E+01  0.181718E+00  0.509501E-01
  0.233451E+01  0.231894E+00  0.516854E-01
  0.233724E+01  0.264978E+00  0.511481E-01
  0.233998E+01  0.210624E+00  0.513807E-01
  0.234271E+01  0.213039E+00  0.519765E-01
  0.234545E+01  0.143184E+00  0.517345E-01
  0.234818E+01  0.232170E+00  0.518294E-01
  0.235091E+01  0.187723E+00  0.511925E-01
  0.235365E+01  0.306815E+00  0.516665E-01
  0.235638E+01  0.186918E+00  0.510833E-01
  0.235912E+01  0.268991E+00  0.515364E-01
  0.236185E+01  0.198369E+00  0.515987E-01
  0.236458E+01  0.201394E+00  0.516490E-01
  0.236732E+01  0.328435E+00  0.516928E-01
  0.237005E+01  0.239466E+00  0.514433E-01
  0.237279E+01  0.240118E+00  0.510424E-01
  0.237552E+01  0.177329E+00  0.513057E-01
  0.237825E+01  0.208701E+00  0.514496E-01
  0.238099E+01  0.243529E+00  0.518662E-01
  0.238372E+01  0.199723E+00  0.508624E-01
  0.238646E+01  0.252951E+00  0.514149E-01
  0.238919E+01  0.139617E+00  0.511090E-01
  0.239192E+01  0.171180E+00  0.511393E-01
  0.239466E+01  0.250571E+00  0.517876E-01
  0.239739E+01  0.147061E+00  0.513409E-01
  0.240013E+01  0.197157E+00  0.510833E-01
  0.240286E+01  0.267444E+00  0.516533E-01
  0.240559E+01  0.219402E+00  0.512445E-01
  0.240833E+01  0.149370E+00  0.510371E-01
  0.241106E+01  0.167941E+00  0.509711E-01
  0.241380E+01  0.106508E+00  0.510224E-01
  0.241653E+01  0.243176E+00  0.510104E-01
  0.241926E+01  0.124583E+00  0.507410E-01
  0.242200E+01  0.176847E+00  0.506376E-01
  0.242473E+01  0.204790E+00  0.508754E-01
  0.242747E+01  0.183596E+00  0.511575E-01
  0.243020E+01  0.186916E+00  0.511121E-01
  0.243293E+01  0.138303E+00  0.506385E-01
  0.243567E+01  0.171040E+00  0.512578E-01
  0.243840E+01  0.168764E+00  0.503534E-01
  0.244114E+01  0.285252E+00  0.512620E-01
  0.244387E+01  0.190036E+00  0.507908E-01
  0.244660E+01  0.190311E+00  0.516856E-01
  0.244934E+01  0.264063E+00  0.510411E-01
  0.245207E+01  0.237611E+00  0.511895E-01
  0.245481E+01  0.147137E+00  0.511586E-01
  0.245754E+01  0.235898E+00  0.509587E-01
  0.246028E+01  0.251586E+00  0.512592E-01
  0.246301E+01  0.237679E+00  0.510386E-01
  0.246574E+01  0.206510E+00  0.510571E-01
  0.246848E+01  0.305389E+00  0.511733E-01
  0.247121E+01  0.250503E+00  0.511060E-01
  0.247395E+01  0.173551E+00  0.510979E-01
  0.247668E+01  0.249468E+00  0.514637E-01
  0.247941E+01  0.175001E+00  0.509056E-01
  0.248215E+01  0.171382E+00  0.508935E-01
  0.248488E+01  0.253863E+00  0.508942E-01
  0.248762E+01  0.157232E+00  0.507697E-01
  0.249035E+01  0.144539E+00  0.510433E-01
  0.249308E+01  0.168796E+00  0.503448E-01
  0.249582E+01  0.259485E+00  0.512812E-01
  0.249855E+01  0.228308E+00  0.508554E-01
  0.250129E+01  0.188507E+00  0.506557E-01
  0.250402E+01  0.216314E+00  0.509761E-01
  0.250675E+01  0.231612E+00  0.506711E-01
  0.250949E+01  0.208294E+00  0.507049E-01
  0.251222E+01  0.202830E+00  0.511084E-01
  0.251496E+01  0.172746E+00  0.506923E-01
  0.251769E+01  0.240752E+00  0.506087E-01
  0.252042E+01  0.250587E+00  0.509284E-01
  0.252316E+01  0.186257E+00  0.507931E-01
  0.252589E+01  0.265851E+00  0.509502E-01
  0.252863E+01  0.204650E+00  0.507558E-01
  0.253136E+01  0.218439E+00  0.510190E-01
  0.253409E+01  0.254368E+00  0.505231E-01
  0.253683E+01  0.185832E+00  0.509082E-01
  0.253956E+01  0.183835E+00  0.510467E-01
  0.254230E+01  0.225725E+00  0.510572E-01
  0.254503E+01  0.153571E+00  0.506474E-01
  0.254776E+01  0.174391E+00  0.504298E-01
  0.255050E+01  0.237186E+00  0.509673E-01
  0.255323E+01  0.298768E+00  0.511409E-01
  0.255597E+01  0.261559E+00  0.510662E-01
  0.255870E+01  0.292896E+00  0.505760E-01
  0.256143E+01  0.309789E+00  0.505389E-01
  0.256417E+01  0.229761E+00  0.507540E-01
  0.256690E+01  0.236349E+00  0.505298E-01
  0.256964E+01  0.268138E+00  0.509362E-01
  0.257237E+01  0.285100E+00  0.506208E-01
  0.257510E+01  0.242506E+00  0.503937E-01
  0.257784E+01  0.263978E+00  0.509310E-01
  0.258057E+01  0.159578E+00  0.505713E-01
  0.258331E+01  0.183268E+00  0.559345E-01
  0.258604E+01  0.251005E+00  0.593913E-01
  0.258878E+01  0.278753E+00  0.628277E-01
  0.259151E+01  0.245249E+00  0.646727E-01
  0.259424E+01  0.192553E+00  0.662131E-01
  0.259698E+01  0.218695E+00  0.691163E-01
  0.259971E+01  0.205632E+00  0.716593E-01
  0.260245E+01  0.320507E+00  0.742297E-01
  0.260518E+01  0.256202E+00  0.741285E-01
  0.260791E+01  0.107098E+00  0.769482E-01
  0.261065E+01  0.819374E-01  0.782567E-01
  0.261338E+01  0.351213E+00  0.807026E-01
  0.261612E+01  0.265190E+00  0.659785E-01
  0.261885E+01  0.218238E+00  0.624883E-01
  0.262158E+01  0.182887E+00  0.603088E-01
  0.262432E+01  0.210545E+00  0.597848E-01
  0.262705E+01  0.235170E+00  0.583432E-01
  0.262979E+01  0.151810E+00  0.575828E-01
  0.263252E+01  0.203509E+00  0.562977E-01
  0.263525E+01  0.242887E+00  0.561642E-01
  0.263799E+01  0.309829E+00  0.562873E-01
  0.264072E+01  0.324312E+00  0.559678E-01
  0.264346E+01  0.202678E+00  0.558559E-01
  0.264619E+01  0.262615E+00  0.557233E-01
  0.264892E+01  0.183693E+00  0.551025E-01
  0.265166E+01  0.355096E+00  0.551072E-01
  0.265439E+01  0.300082E+00  0.553914E-01
  0.265713E+01  0.241672E+00  0.550848E-01
  0.265986E+01  0.212159E+00  0.546470E-01
  0.266259E+01  0.330191E+00  0.551713E-01
  0.266533E+01  0.200109E+00  0.544702E-01
  0.266806E+01  0.220435E+00  0.548784E-01
  0.267080E+01  0.242268E+00  0.544271E-01
  0.267353E+01  0.264516E+00  0.542150E-01
  0.267626E+01  0.143309E+00  0.542746E-01
  0.267900E+01  0.287375E+00  0.546703E-01
  0.268173E+01  0.212120E+00  0.540592E-01
  0.268447E+01  0.362570E+00  0.548411E-01
  0.268720E+01  0.147087E+00  0.539130E-01
  0.268993E+01  0.254520E+00  0.543104E-01
  0.269267E+01  0.314265E+00  0.543217E-01
  0.269540E+01  0.262721E+00  0.542732E-01
  0.269814E+01  0.216971E+00  0.540881E-01
  0.270087E+01  0.225958E+00  0.537730E-01
  0.270361E+01  0.242285E+00  0.538026E-01
  0.270634E+01  0.294942E+00  0.536325E-01
  0.270907E+01  0.256504E+00  0.532285E-01
  0.271181E+01  0.280048E+00  0.532553E-01
  0.271454E+01  0.200574E+00  0.528289E-01
  0.271728E+01  0.236028E+00  0.521089E-01
  0.272001E+01  0.177476E+00  0.524058E-01
  0.272274E+01  0.252269E+00  0.515708E-01
  0.272548E+01  0.243347E+00  0.517606E-01
  0.272821E+01  0.246788E+00  0.518452E-01
  0.273095E+01  0.251495E+00  0.517120E-01
  0.273368E+01  0.260032E+00  0.517312E-01
  0.273641E+01  0.325012E+00  0.520281E-01
  0.273915E+01  0.310803E+00  0.517333E-01
  0.274188E+01  0.281157E+00  0.513484E-01
  0.274462E+01  0.317559E+00  0.518263E-01
  0.274735E+01  0.282681E+00  0.512521E-01
  0.275008E+01  0.245254E+00  0.514798E-01
  0.275282E+01  0.329694E+00  0.519948E-01
  0.275555E+01  0.260758E+00  0.516057E-01
  0.275829E+01  0.188058E+00  0.512051E-01
  0.276102E+01  0.233988E+00  0.509119E-01
  0.276375E+01  0.246758E+00  0.517538E-01
  0.276649E+01  0.206983E+00  0.514200E-01
  0.276922E+01  0.256237E+00  0.516122E-01
  0.277196E+01  0.307697E+00  0.511500E-01
  0.277469E+01  0.306598E+00  0.511760E-01
  0.277742E+01  0.267966E+00  0.515468E-01
  0.278016E+01  0.275537E+00  0.510700E-01
  0.278289E+01  0.272515E+00  0.514177E-01
  0.278563E+01  0.285836E+00  0.517876E-01
  0.278836E+01  0.303362E+00  0.510273E-01
  0.279109E+01  0.243609E+00  0.514443E-01
  0.279383E+01  0.320508E+00  0.519116E-01
  0.279656E+01  0.271849E+00  0.510951E-01
  0.279930E+01  0.273211E+00  0.516789E-01
  0.280203E+01  0.263178E+00  0.510982E-01
  0.280476E+01  0.190728E+00  0.512993E-01
  0.280750E+01  0.224201E+00  0.511617E-01
  0.281023E+01  0.180939E+00  0.510277E-01
  0.281297E+01  0.315776E+00  0.515172E-01
  0.281570E+01  0.297708E+00  0.510855E-01
  0.281843E+01  0.305757E+00  0.510756E-01
  0.282117E+01  0.256150E+00  0.511726E-01
  0.282390E+01  0.311438E+00  0.516265E-01
  0.282664E+01  0.288093E+00  0.515312E-01
  0.282937E+01  0.303556E+00  0.515014E-01
  0.283211E+01  0.259944E+00  0.513319E-01
  0.283484E+01  0.266181E+00  0.511742E-01
  0.283757E+01  0.247168E+00  0.510401E-01
  0.284031E+01  0.292808E+00  0.514059E-01
  0.284304E+01  0.253470E+00  0.513415E-01
  0.284578E+01  0.288087E+00  0.511032E-01
  0.284851E+01  0.234083E+00  0.513070E-01
  0.285124E+01  0.307004E+00  0.515032E-01
  0.285398E+01  0.283663E+00  0.509821E-01
  0.285671E+01  0.236935E+00  0.509653E-01
  0.285945E+01  0.325964E+00  0.513314E-01
  0.286218E+01  0.310063E+00  0.515820E-01
  0.286491E+01  0.217964E+00  0.510076E-01
  0.286765E+01  0.229432E+00  0.511756E-01
  0.287038E+01  0.136179E+00  0.508649E-01
  0.287312E+01  0.344608E+00  0.507686E-01
  0.287585E+01  0.281214E+00  0.508593E-01
  0.287858E+01  0.374727E+00  0.514683E-01
  0.288132E+01  0.303059E+00  0.514058E-01
  0.288405E+01  0.322086E+00  0.512004E-01
  0.288679E+01  0.264347E+00  0.510745E-01
  0.288952E+01  0.185793E+00  0.516485E-01
  0.289225E+01  0.314184E+00  0.513067E-01
  0.289499E+01  0.250682E+00  0.511662E-01
  0.289772E+01  0.232918E+00  0.507592E-01
  0.290046E+01  0.329152E+00  0.509736E-01
  0.290319E+01  0.236405E+00  0.505710E-01
  0.290592E+01  0.379098E+00  0.510393E-01
  0.290866E+01  0.227077E+00  0.511779E-01
  0.291139E+01  0.191685E+00  0.506428E-01
  0.291413E+01  0.310652E+00  0.510779E-01
  0.291686E+01  0.202005E+00  0.505763E-01
  0.291959E+01  0.340625E+00  0.510659E-01
  0.292233E+01  0.234585E+00  0.507227E-01
  0.292506E+01  0.237631E+00  0.511817E-01
  0.292780E+01  0.360125E+00  0.512022E-01
  0.293053E+01  0.293938E+00  0.506132E-01
  0.293326E+01  0.202535E+00  0.508853E-01
  0.293600E+01  0.187582E+00  0.506641E-01
  0.293873E+01  0.281080E+00  0.506684E-01
  0.294147E+01  0.277472E+00  0.504334E-01
  0.294420E+01  0.272692E+00  0.506886E-01
  0.294693E+01  0.227611E+00  0.506376E-01
  0.294967E+01  0.340676E+00  0.510759E-01
  0.295240E+01  0.259748E+00  0.508740E-01
  0.295514E+01  0.327789E+00  0.512375E-01
  0.295787E+01  0.178657E+00  0.508641E-01
  0.296061E+01  0.283933E+00  0.504381E-01
  0.296334E+01  0.276117E+00  0.509317E-01
  0.296607E+01  0.291943E+00  0.505041E-01
  0.296881E+01  0.237778E+00  0.507108E-01
  0.297154E+01  0.281206E+00  0.508777E-01
  0.297428E+01  0.306862E+00  0.508233E-01
  0.297701E+01  0.235914E+00  0.509688E-01
  0.297974E+01  0.278816E+00  0.507549E-01
  0.298248E+01  0.334295E+00  0.507464E-01
  0.298521E+01  0.259716E+00  0.507046E-01
  0.298795E+01  0.351933E+00  0.509146E-01
  0.299068E+01  0.287266E+00  0.509364E-01
  0.299341E+01  0.258906E+00  0.505646E-01
  0.299615E+01  0.242793E+00  0.506955E-01
  0.299888E+01  0.293545E+00  0.506187E-01
  0.300162E+01  0.247630E+00  0.507335E-01
  0.300435E+01  0.355022E+00  0.509915E-01
  0.300708E+01  0.309745E+00  0.504723E-01
  0.300982E+01  0.270289E+00  0.511031E-01
  0.301255E+01  0.319059E+00  0.505938E-01
  0.301529E+01  0.279896E+00  0.502703E-01
  0.301802E+01  0.275314E+00  0.501740E-01
  0.302075E+01  0.244203E+00  0.503468E-01
  0.302349E+01  0.274512E+00  0.508094E-01
  0.302622E+01  0.326259E+00  0.502587E-01
  0.302896E+01  0.224574E+00  0.501617E-01
  0.303169E+01  0.253505E+00  0.504722E-01
  0.303442E+01  0.238457E+00  0.506347E-01
  0.303716E+01  0.260857E+00  0.504878E-01
  0.303989E+01  0.246620E+00  0.504494E-01
  0.304263E+01  0.320235E+00  0.508431E-01
  0.304536E+01  0.261804E+00  0.501936E-01
  0.304809E+01  0.246357E+00  0.507356E-01
  0.305083E+01  0.286402E+00  0.508653E-01
  0.305356E+01  0.255208E+00  0.506237E-01
  0.305630E+01  0.253634E+00  0.506011E-01
  0.305903E+01  0.222306E+00  0.506727E-01
  0.306176E+01  0.199717E+00  0.505005E-01
  0.306450E+01  0.278839E+00  0.503659E-01
  0.306723E+01  0.321914E+00  0.505754E-01
  0.306997E+01  0.296804E+00  0.502104E-01
  0.307270E+01  0.260452E+00  0.504081E-01
  0.307543E+01  0.333719E+00  0.505806E-01
  0.307817E+01  0.231015E+00  0.502174E-01
  0.308090E+01  0.260309E+00  0.506688E-01
  0.308364E+01  0.296183E+00  0.500309E-01
  0.308637E+01  0.263053E+00  0.501588E-01
  0.308911E+01  0.311505E+00  0.505681E-01
  0.309184E+01  0.263853E+00  0.505773E-01
  0.309457E+01  0.267285E+00  0.501343E-01
  0.309731E+01  0.292864E+00  0.503204E-01
  0.310004E+01  0.266136E+00  0.501551E-01
  0.310278E+01  0.212912E+00  0.500963E-01
  0.310551E+01  0.324915E+00  0.501465E-01
  0.310824E+01  0.244344E+00  0.502717E-01
  0.311098E+01  0.191012E+00  0.503033E-01
  0.311371E+01  0.242889E+00  0.504300E-01
  0.311645E+01  0.312758E+00  0.503940E-01
  0.311918E+01  0.322630E+00  0.500233E-01
  0.312191E+01  0.251417E+00  0.506796E-01
  0.312465E+01  0.238140E+00  0.500968E-01
  0.312738E+01  0.204436E+00  0.500274E-01
  0.313012E+01  0.283158E+00  0.501413E-01
  0.313285E+01  0.252826E+00  0.503570E-01
  0.313558E+01  0.271472E+00  0.501036E-01
  0.313832E+01  0.214273E+00  0.501411E-01
  0.314105E+01  0.235616E+00  0.505267E-01
  0.314379E+01  0.237135E+00  0.504865E-01
  0.314652E+01  0.200590E+00  0.496922E-01
  0.314925E+01  0.209463E+00  0.500453E-01
  0.315199E+01  0.326677E+00  0.506667E-01
  0.315472E+01  0.245019E+00  0.501555E-01
  0.315746E+01  0.290205E+00  0.500322E-01
  0.316019E+01  0.327021E+00  0.502517E-01
  0.316292E+01  0.140334E+00  0.496241E-01
  0.316566E+01  0.269344E+00  0.504663E-01
  0.316839E+01  0.312958E+00  0.500932E-01
  0.317113E+01  0.346178E+00  0.502972E-01
  0.317386E+01  0.279900E+00  0.500855E-01
  0.317659E+01  0.320855E+00  0.495846E-01
  0.317933E+01  0.226423E+00  0.499970E-01
  0.318206E+01  0.257554E+00  0.498552E-01
  0.318480E+01  0.282556E+00  0.502833E-01
  0.318753E+01  0.283275E+00  0.504795E-01
  0.319026E+01  0.266606E+00  0.495813E-01
  0.319300E+01  0.224888E+00  0.502093E-01
  0.319573E+01  0.212587E+00  0.503030E-01
  0.319847E+01  0.309137E+00  0.501869E-01
  0.320120E+01  0.239829E+00  0.495056E-01
  0.320394E+01  0.233158E+00  0.501530E-01
  0.320667E+01  0.269454E+00  0.498616E-01
  0.320940E+01  0.295777E+00  0.495784E-01
  0.321214E+01  0.279257E+00  0.500713E-01
  0.321487E+01  0.325175E+00  0.496233E-01
  0.321761E+01  0.283654E+00  0.504400E-01
  0.322034E+01  0.348362E+00  0.504571E-01
  0.322307E+01  0.235138E+00  0.493177E-01
  0.322581E+01  0.255724E+00  0.499144E-01
  0.322854E+01  0.246633E+00  0.499611E-01
  0.323128E+01  0.251113E+00  0.500952E-01
  0.323401E+01  0.302623E+00  0.498405E-01
  0.323674E+01  0.244624E+00  0.500961E-01
  0.323948E+01  0.249984E+00  0.497610E-01
  0.324221E+01  0.179349E+00  0.500798E-01
  0.324495E+01  0.163373E+00  0.496350E-01
  0.324768E+01  0.240563E+00  0.502652E-01
  0.325041E+01  0.289801E+00  0.500730E-01
  0.325315E+01  0.218129E+00  0.496119E-01
  0.325588E+01  0.176705E+00  0.496620E-01
  0.325862E+01  0.199853E+00  0.498712E-01
  0.326135E+01  0.218102E+00  0.498947E-01
  0.326408E+01  0.345089E+00  0.503337E-01
  0.326682E+01  0.264397E+00  0.499837E-01
  0.326955E+01  0.277676E+00  0.498300E-01
  0.327229E+01  0.253654E+00  0.495589E-01
  0.327502E+01  0.212343E+00  0.498993E-01
  0.327775E+01  0.209088E+00  0.496038E-01
  0.328049E+01  0.239197E+00  0.500200E-01
  0.328322E+01  0.236939E+00  0.498127E-01
  0.328596E+01  0.214126E+00  0.497435E-01
  0.328869E+01  0.279412E+00  0.498033E-01
  0.329142E+01  0.242045E+00  0.498346E-01
  0.329416E+01  0.204036E+00  0.494472E-01
  0.329689E+01  0.192217E+00  0.492439E-01
  0.329963E+01  0.171356E+00  0.499228E-01
  0.330236E+01  0.212160E+00  0.497562E-01
  0.330509E+01  0.293075E+00  0.498350E-01
  0.330783E+01  0.126240E+00  0.494136E-01
  0.331056E+01  0.278446E+00  0.502387E-01
  0.331330E+01  0.266319E+00  0.498367E-01
  0.331603E+01  0.233997E+00  0.497718E-01
  0.331876E+01  0.303938E+00  0.498721E-01
  0.332150E+01  0.247042E+00  0.496369E-01
  0.332423E+01  0.268768E+00  0.503362E-01
  0.332697E+01  0.231847E+00  0.499136E-01
  0.332970E+01  0.165182E+00  0.499965E-01
  0.333244E+01  0.247537E+00  0.492687E-01
  0.333517E+01  0.234726E+00  0.497219E-01
  0.333790E+01  0.267391E+00  0.501826E-01
  0.334064E+01  0.280096E+00  0.499731E-01
  0.334337E+01  0.351355E+00  0.497252E-01
  0.334611E+01  0.267718E+00  0.496256E-01
  0.334884E+01  0.255063E+00  0.493234E-01
  0.335157E+01  0.305501E+00  0.496182E-01
  0.335431E+01  0.307039E+00  0.499981E-01
  0.335704E+01  0.287623E+00  0.497714E-01
  0.335978E+01  0.233313E+00  0.495029E-01
  0.336251E+01  0.253505E+00  0.494576E-01
  0.336524E+01  0.217606E+00  0.496055E-01
  0.336798E+01  0.256752E+00  0.496330E-01
  0.337071E+01  0.225960E+00  0.499453E-01
  0.337345E+01  0.257322E+00  0.496757E-01
  0.337618E+01  0.263916E+00  0.498939E-01
  0.337891E+01  0.268681E+00  0.495086E-01
  0.338165E+01  0.270154E+00  0.494666E-01
  0.338438E+01  0.209677E+00  0.496864E-01
  0.338712E+01  0.183500E+00  0.490270E-01
  0.338985E+01  0.234212E+00  0.492997E-01
  0.339258E+01  0.258395E+00  0.495387E-01
  0.339532E+01  0.255600E+00  0.497407E-01
  0.339805E+01  0.137557E+00  0.494887E-01
  0.340079E+01  0.232798E+00  0.497814E-01
  0.340352E+01  0.225811E+00  0.495438E-01
  0.340625E+01  0.258668E+00  0.492477E-01
  0.340899E+01  0.212292E+00  0.497846E-01
  0.341172E+01  0.330277E+00  0.498118E-01
  0.341446E+01  0.261533E+00  0.496111E-01
  0.341719E+01  0.251908E+00  0.495062E-01
  0.341992E+01  0.239310E+00  0.494270E-01
  0.342266E+01  0.185221E+00  0.492206E-01
  0.342539E+01  0.282779E+00  0.494412E-01
  0.342813E+01  0.242995E+00  0.498867E-01
  0.343086E+01  0.174495E+00  0.491669E-01
  0.343359E+01  0.133058E+00  0.489874E-01
  0.343633E+01  0.167230E+00  0.493964E-01
  0.343906E+01  0.193493E+00  0.492780E-01
  0.344180E+01  0.253250E+00  0.495165E-01
  0.344453E+01  0.253964E+00  0.493703E-01
  0.344726E+01  0.267489E+00  0.498530E-01
  0.345000E+01  0.223678E+00  0.492444E-01
  0.345273E+01  0.162376E+00  0.492197E-01
  0.345547E+01  0.201476E+00  0.497449E-01
  0.345820E+01  0.264529E+00  0.494783E-01
  0.346094E+01  0.254881E+00  0.495511E-01
  0.346367E+01  0.155792E+00  0.494487E-01
  0.346640E+01  0.180209E+00  0.494458E-01
  0.346914E+01  0.265798E+00  0.499943E-01
  0.347187E+01  0.232215E+00  0.498060E-01
  0.347461E+01  0.207786E+00  0.491405E-01
  0.347734E+01  0.242408E+00  0.494303E-01
  0.348007E+01  0.227447E+00  0.492094E-01
  0.348281E+01  0.216081E+00  0.496757E-01
  0.348554E+01  0.201386E+00  0.496647E-01
  0.348828E+01  0.144380E+00  0.492222E-01
  0.349101E+01  0.252248E+00  0.492492E-01
  0.349374E+01  0.196598E+00  0.494665E-01
  0.349648E+01  0.236016E+00  0.492466E-01
  0.349921E+01  0.194104E+00  0.493390E-01
  0.350195E+01  0.212002E+00  0.498245E-01
  0.350468E+01  0.285936E+00  0.500917E-01
  0.350741E+01  0.176075E+00  0.492730E-01
  0.351015E+01  0.226947E+00  0.496596E-01
  0.351288E+01  0.160674E+00  0.491828E-01
  0.351562E+01  0.181200E+00  0.489672E-01
  0.351835E+01  0.136001E+00  0.493389E-01
  0.352108E+01  0.280589E+00  0.497710E-01
  0.352382E+01  0.209291E+00  0.493755E-01
  0.352655E+01  0.196526E+00  0.494122E-01
  0.352929E+01  0.136979E+00  0.493256E-01
  0.353202E+01  0.242168E+00  0.496403E-01
  0.353475E+01  0.138001E+00  0.493672E-01
  0.353749E+01  0.240699E+00  0.496781E-01
  0.354022E+01  0.213321E+00  0.494274E-01
  0.354296E+01  0.193189E+00  0.495287E-01
  0.354569E+01  0.148524E+00  0.491378E-01
  0.354842E+01  0.207624E+00  0.492020E-01
  0.355116E+01  0.202822E+00  0.494911E-01
  0.355389E+01  0.412284E+00  0.509758E-01
  0.355663E+01  0.158259E+00  0.492635E-01
  0.355936E+01  0.199369E+00  0.491897E-01
  0.356209E+01  0.146644E+00  0.493320E-01
  0.356483E+01  0.170487E+00  0.495558E-01
  0.356756E+01  0.191403E+00  0.495403E-01
  0.357030E+01  0.173418E+00  0.489505E-01
  0.357303E+01  0.202647E+00  0.493043E-01
  0.357577E+01  0.209843E+00  0.489820E-01
  0.357850E+01  0.219364E+00  0.493337E-01
  0.358123E+01  0.160948E+00  0.494324E-01
  0.358397E+01  0.181331E+00  0.493121E-01
  0.358670E+01  0.241018E+00  0.492455E-01
  0.358944E+01  0.228180E+00  0.492926E-01
  0.359217E+01  0.167387E+00  0.493662E-01
  0.359490E+01  0.217331E+00  0.493990E-01
  0.359764E+01  0.165624E+00  0.493440E-01
  0.360037E+01  0.197551E+00  0.492782E-01
  0.360311E+01  0.171630E+00  0.490210E-01
  0.360584E+01  0.263182E+00  0.493382E-01
  0.360857E+01  0.190726E+00  0.488245E-01
  0.361131E+01  0.190847E+00  0.495492E-01
  0.361404E+01  0.232295E+00  0.490114E-01
  0.361678E+01  0.163996E+00  0.491756E-01
  0.361951E+01  0.290916E+00  0.495030E-01
  0.362224E+01  0.240542E+00  0.493249E-01
  0.362498E+01  0.120267E+00  0.494077E-01
  0.362771E+01  0.244754E+00  0.493878E-01
  0.363045E+01  0.164482E+00  0.490589E-01
  0.363318E+01  0.225669E+00  0.495786E-01
  0.363591E+01  0.174004E+00  0.489659E-01
  0.363865E+01  0.140924E+00  0.491674E-01
  0.364138E+01  0.263212E+00  0.497123E-01
  0.364412E+01  0.162066E+00  0.492276E-01
  0.364685E+01  0.242067E+00  0.494608E-01
  0.364958E+01  0.191139E+00  0.493981E-01
  0.365232E+01  0.188402E+00  0.490504E-01
  0.365505E+01  0.218925E+00  0.491427E-01
  0.365779E+01  0.175106E+00  0.493001E-01
  0.366052E+01  0.258950E+00  0.493085E-01
  0.366325E+01  0.172525E+00  0.492532E-01
  0.366599E+01  0.212211E+00  0.497483E-01
  0.366872E+01  0.157570E+00  0.492388E-01
  0.367146E+01  0.261814E+00  0.491379E-01
  0.367419E+01  0.254977E+00  0.492410E-01
  0.367692E+01  0.211291E+00  0.493186E-01
  0.367966E+01  0.159281E+00  0.492158E-01
  0.368239E+01  0.208366E+00  0.492691E-01
  0.368513E+01  0.214205E+00  0.491649E-01
  0.368786E+01  0.227949E+00  0.492043E-01
  0.369059E+01  0.246621E+00  0.494875E-01
  0.369333E+01  0.180575E+00  0.493731E-01
  0.369606E+01  0.219396E+00  0.498126E-01
  0.369880E+01  0.153490E+00  0.494769E-01
  0.370153E+01  0.214834E+00  0.493463E-01
  0.370427E+01  0.174540E+00  0.489192E-01
  0.370700E+01  0.128892E+00  0.488578E-01
  0.370973E+01  0.230559E+00  0.496243E-01
  0.371247E+01  0.267739E+00  0.494893E-01
  0.371520E+01  0.145873E+00  0.492171E-01
  0.371794E+01  0.193984E+00  0.494421E-01
  0.372067E+01  0.158922E+00  0.493047E-01
  0.372340E+01  0.281388E+00  0.497045E-01
  0.372614E+01  0.178180E+00  0.493566E-01
  0.372887E+01  0.137685E+00  0.495464E-01
  0.373161E+01  0.225451E+00  0.491732E-01
  0.373434E+01  0.183171E+00  0.488174E-01
  0.373707E+01  0.260613E+00  0.493476E-01
  0.373981E+01  0.192279E+00  0.492539E-01
  0.374254E+01  0.213902E+00  0.491428E-01
  0.374528E+01  0.212147E+00  0.493314E-01
  0.374801E+01  0.266077E+00  0.493810E-01
  0.375074E+01  0.230295E+00  0.491062E-01
  0.375348E+01  0.352368E+00  0.508720E-01
  0.375621E+01  0.183557E+00  0.496358E-01
  0.375895E+01  0.147913E+00  0.494411E-01
  0.376168E+01  0.171416E+00  0.495278E-01
  0.376441E+01  0.172326E+00  0.493287E-01
  0.376715E+01  0.144973E+00  0.494022E-01
  0.376988E+01  0.176967E+00  0.491770E-01
  0.377262E+01  0.190131E+00  0.489887E-01
  0.377535E+01  0.237263E+00  0.489896E-01
  0.377808E+01  0.281611E+00  0.496767E-01
  0.378082E+01  0.173068E+00  0.490338E-01
  0.378355E+01  0.219452E+00  0.493431E-01
  0.378629E+01  0.223676E+00  0.497519E-01
  0.378902E+01  0.204625E+00  0.495059E-01
  0.379175E+01  0.192683E+00  0.491978E-01
  0.379449E+01  0.920568E-01  0.493360E-01
  0.379722E+01  0.208998E+00  0.493714E-01
  0.379996E+01  0.202114E+00  0.496283E-01
  0.380269E+01  0.147659E+00  0.493089E-01
  0.380542E+01  0.163503E+00  0.491921E-01
  0.380816E+01  0.190676E+00  0.493179E-01
  0.381089E+01  0.182726E+00  0.498200E-01
  0.381363E+01  0.193598E+00  0.496648E-01
  0.381636E+01  0.201674E+00  0.491728E-01
  0.381909E+01  0.206603E+00  0.486524E-01
  0.382183E+01  0.223900E+00  0.499269E-01
  0.382456E+01  0.221776E+00  0.493304E-01
  0.382730E+01  0.236565E+00  0.492770E-01
  0.383003E+01  0.214419E+00  0.491301E-01
  0.383277E+01  0.206705E+00  0.491280E-01
  0.383550E+01  0.258067E+00  0.495685E-01
  0.383823E+01  0.184254E+00  0.493061E-01
  0.384097E+01  0.146470E+00  0.488855E-01
  0.384370E+01  0.132897E+00  0.490896E-01
  0.384644E+01  0.224612E+00  0.490236E-01
  0.384917E+01  0.193529E+00  0.492638E-01
  0.385190E+01  0.219923E+00  0.492128E-01
  0.385464E+01  0.223057E+00  0.494822E-01
  0.385737E+01  0.184875E+00  0.496461E-01
  0.386011E+01  0.257012E+00  0.495803E-01
  0.386284E+01  0.225029E+00  0.492684E-01
  0.386557E+01  0.203683E+00  0.493078E-01
  0.386831E+01  0.175476E+00  0.490767E-01
  0.387104E+01  0.300728E+00  0.494413E-01
  0.387378E+01  0.273847E+00  0.493096E-01
  0.387651E+01  0.160447E+00  0.492917E-01
  0.387924E+01  0.206419E+00  0.490273E-01
  0.388198E+01  0.165282E+00  0.496206E-01
  0.388471E+01  0.160976E+00  0.492790E-01
  0.388745E+01  0.170679E+00  0.490409E-01
  0.389018E+01  0.196869E+00  0.493740E-01
  0.389291E+01  0.211039E+00  0.491728E-01
  0.389565E+01  0.170197E+00  0.495578E-01
  0.389838E+01  0.202635E+00  0.491251E-01
  0.390112E+01  0.246594E+00  0.491253E-01
  0.390385E+01  0.134752E+00  0.491049E-01
  0.390658E+01  0.166097E+00  0.490652E-01
  0.390932E+01  0.232174E+00  0.493367E-01
  0.391205E+01  0.148352E+00  0.489791E-01
  0.391479E+01  0.120611E+00  0.493895E-01
  0.391752E+01  0.222522E+00  0.494881E-01
  0.392025E+01  0.149675E+00  0.492106E-01
  0.392299E+01  0.236524E+00  0.491455E-01
  0.392572E+01  0.179094E+00  0.490077E-01
  0.392846E+01  0.129293E+00  0.490643E-01
  0.393119E+01  0.137752E+00  0.487827E-01
  0.393392E+01  0.204290E+00  0.488666E-01
  0.393666E+01  0.145441E+00  0.565725E-01
  0.393939E+01  0.177869E+00  0.608541E-01
  0.394213E+01  0.198420E+00  0.624131E-01
  0.394486E+01  0.134837E+00  0.672827E-01
  0.394759E+01  0.192580E+00  0.716522E-01
  0.395033E+01  0.203031E+00  0.731376E-01
  0.395306E+01  0.240463E+00  0.765055E-01
  0.395580E+01  0.674324E-01  0.770820E-01
  0.395853E+01  0.105681E+00  0.812801E-01
  0.396127E+01  0.228469E-01  0.841104E-01
  0.396400E+01  0.198171E+00  0.635688E-01
  0.396673E+01  0.220213E+00  0.599281E-01
  0.396947E+01  0.185619E+00  0.578029E-01
  0.397220E+01  0.169157E+00  0.571920E-01
  0.397494E+01  0.270314E+00  0.554688E-01
  0.397767E+01  0.174800E+00  0.552306E-01
  0.398040E+01  0.101372E+00  0.545554E-01
  0.398314E+01  0.197929E+00  0.542397E-01
  0.398587E+01  0.204338E+00  0.542574E-01
  0.398861E+01  0.239975E+00  0.540432E-01
  0.399134E+01  0.223306E+00  0.539359E-01
  0.399407E+01  0.144938E+00  0.533843E-01
  0.399681E+01  0.243352E+00  0.533706E-01
  0.399954E+01  0.216609E+00  0.539998E-01
  0.400228E+01  0.225240E+00  0.532831E-01
  0.400501E+01  0.142200E+00  0.533118E-01
  0.400774E+01  0.141209E+00  0.528772E-01
  0.401048E+01  0.159345E+00  0.528994E-01
  0.401321E+01  0.139889E+00  0.527999E-01
  0.401595E+01  0.178359E+00  0.522648E-01
  0.401868E+01  0.814499E-01  0.517303E-01
  0.402141E+01  0.111128E+00  0.510966E-01
  0.402415E+01  0.165019E+00  0.512281E-01
  0.402688E+01  0.190845E+00  0.505322E-01
  0.402962E+01  0.263605E+00  0.504346E-01
  0.403235E+01  0.220175E+00  0.500181E-01
  0.403508E+01  0.921893E-01  0.497322E-01
  0.403782E+01  0.207977E+00  0.493866E-01
  0.404055E+01  0.192243E+00  0.498058E-01
  0.404329E+01  0.159250E+00  0.491833E-01
  0.404602E+01  0.247469E+00  0.493008E-01
  0.404875E+01  0.141877E+00  0.494746E-01
  0.405149E+01  0.114094E+00  0.493584E-01
  0.405422E+01  0.145211E+00  0.493188E-01
  0.405696E+01  0.132489E+00  0.492585E-01
  0.405969E+01  0.109591E+00  0.491090E-01
  0.406242E+01  0.156900E+00  0.494743E-01
  0.406516E+01  0.104370E+00  0.488957E-01
  0.406789E+01  0.170299E+00  0.489423E-01
  0.407063E+01  0.172522E+00  0.489816E-01
  0.407336E+01  0.137079E+00  0.494500E-01
  0.407610E+01  0.140547E+00  0.494064E-01
  0.407883E+01  0.167759E+00  0.494678E-01
  0.408156E+01  0.193143E+00  0.495832E-01
  0.408430E+01  0.173842E+00  0.496723E-01
  0.408703E+01  0.184289E+00  0.494006E-01
  0.408977E+01  0.244388E+00  0.497902E-01
  0.409250E+01  0.232118E+00  0.498243E-01
  0.409523E+01  0.950394E-01  0.497919E-01
  0.409797E+01  0.229286E+00  0.491439E-01
  0.410070E+01  0.145133E+00  0.492845E-01
  0.410344E+01  0.124503E+00  0.494047E-01
  0.410617E+01  0.201464E+00  0.493228E-01
  0.410890E+01  0.164788E+00  0.491561E-01
  0.411164E+01  0.279263E+00  0.491846E-01
  0.411437E+01  0.214238E+00  0.494499E-01
  0.411711E+01  0.129649E+00  0.492032E-01
  0.411984E+01  0.162189E+00  0.493859E-01
  0.412257E+01  0.180221E+00  0.489814E-01
  0.412531E+01  0.161655E+00  0.489803E-01
  0.412804E+01  0.935261E-01  0.494360E-01
  0.413078E+01  0.216766E+00  0.491927E-01
  0.413351E+01  0.148476E+00  0.493149E-01
  0.413624E+01  0.204331E+00  0.493757E-01
  0.413898E+01  0.184797E+00  0.494612E-01
  0.414171E+01  0.152197E+00  0.492997E-01
  0.414445E+01  0.106105E+00  0.493246E-01
  0.414718E+01  0.117189E+00  0.492188E-01
  0.414991E+01  0.251097E+00  0.493663E-01
  0.415265E+01  0.279239E+00  0.494563E-01
  0.415538E+01  0.177965E+00  0.495858E-01
  0.415812E+01  0.173778E+00  0.495720E-01
  0.416085E+01  0.194226E+00  0.490066E-01
  0.416358E+01  0.216649E+00  0.493286E-01
  0.416632E+01  0.917210E-01  0.490398E-01
  0.416905E+01  0.746985E-01  0.490342E-01
  0.417179E+01  0.189075E+00  0.495854E-01
  0.417452E+01  0.135997E+00  0.487596E-01
  0.417725E+01  0.153266E+00  0.494387E-01
  0.417999E+01  0.185156E+00  0.493776E-01
  0.418272E+01  0.129722E+00  0.495016E-01
  0.418546E+01  0.167520E+00  0.496453E-01
  0.418819E+01  0.216695E+00  0.495981E-01
  0.419092E+01  0.164200E+00  0.492527E-01
  0.419366E+01  0.189031E+00  0.489616E-01
  0.419639E+01  0.130350E+00  0.494038E-01
  0.419913E+01  0.178833E+00  0.494206E-01
  0.420186E+01  0.227710E+00  0.494155E-01
  0.420460E+01  0.103523E+00  0.494271E-01
  0.420733E+01  0.203252E+00  0.491711E-01
  0.421006E+01  0.189531E+00  0.493469E-01
  0.421280E+01  0.151780E+00  0.494062E-01
  0.421553E+01  0.176119E+00  0.495105E-01
  0.421827E+01  0.257630E+00  0.494154E-01
  0.422100E+01  0.178306E+00  0.491876E-01
  0.422373E+01  0.193871E+00  0.495881E-01
  0.422647E+01  0.161155E+00  0.491174E-01
  0.422920E+01  0.132061E+00  0.492632E-01
  0.423194E+01  0.190480E+00  0.489738E-01
  0.423467E+01  0.199966E+00  0.496103E-01
  0.423740E+01  0.182344E+00  0.491949E-01
  0.424014E+01  0.110191E+00  0.491639E-01
  0.424287E+01  0.751049E-01  0.489148E-01
  0.424561E+01  0.218812E+00  0.491303E-01
  0.424834E+01  0.136917E+00  0.490093E-01
  0.425107E+01  0.177108E+00  0.489045E-01
  0.425381E+01  0.216924E+00  0.492513E-01
  0.425654E+01  0.178304E+00  0.491204E-01
  0.425928E+01  0.121799E+00  0.494801E-01
  0.426201E+01  0.144715E+00  0.491811E-01
  0.426474E+01  0.214045E+00  0.492577E-01
  0.426748E+01  0.131885E+00  0.492190E-01
  0.427021E+01  0.210410E+00  0.494238E-01
  0.427295E+01  0.171254E+00  0.492091E-01
  0.427568E+01  0.179534E+00  0.488929E-01
  0.427841E+01  0.106602E+00  0.491746E-01
  0.428115E+01  0.243267E+00  0.497016E-01
  0.428388E+01  0.150642E+00  0.485800E-01
  0.428662E+01  0.159533E+00  0.491271E-01
  0.428935E+01  0.116864E+00  0.489512E-01
  0.429208E+01  0.214938E+00  0.494366E-01
  0.429482E+01  0.167317E+00  0.488572E-01
  0.429755E+01  0.183071E+00  0.490997E-01
  0.430029E+01  0.114490E+00  0.492254E-01
  0.430302E+01  0.130283E+00  0.490130E-01
  0.430575E+01  0.151481E+00  0.486247E-01
  0.430849E+01  0.183780E+00  0.492344E-01
  0.431122E+01  0.123071E+00  0.494122E-01
  0.431396E+01  0.951118E-01  0.492669E-01
  0.431669E+01  0.247982E+00  0.494020E-01
  0.431942E+01  0.205355E+00  0.491293E-01
  0.432216E+01  0.115251E+00  0.490687E-01
  0.432489E+01  0.148288E+00  0.491314E-01
  0.432763E+01  0.132981E+00  0.492627E-01
  0.433036E+01  0.159708E+00  0.486192E-01
  0.433310E+01  0.129952E+00  0.492240E-01
  0.433583E+01  0.173761E+00  0.491489E-01
  0.433856E+01  0.229625E+00  0.491235E-01
  0.434130E+01  0.223775E+00  0.489872E-01
  0.434403E+01  0.150125E+00  0.491738E-01
  0.434677E+01  0.447870E-01  0.487857E-01
  0.434950E+01  0.124941E+00  0.490591E-01
  0.435223E+01  0.147762E+00  0.488746E-01
  0.435497E+01  0.237608E+00  0.490460E-01
  0.435770E+01  0.173420E+00  0.488646E-01
  0.436044E+01  0.184971E+00  0.491542E-01
  0.436317E+01  0.202564E+00  0.492919E-01
  0.436590E+01  0.181057E+00  0.488751E-01
  0.436864E+01  0.842343E-01  0.488621E-01
  0.437137E+01  0.140741E+00  0.488417E-01
  0.437411E+01  0.146477E+00  0.491543E-01
  0.437684E+01  0.107999E+00  0.488682E-01
  0.437957E+01  0.202581E+00  0.492290E-01
  0.438231E+01  0.958224E-01  0.493473E-01
  0.438504E+01  0.126155E+00  0.494490E-01
  0.438778E+01  0.185799E+00  0.488499E-01
  0.439051E+01  0.175990E+00  0.488665E-01
  0.439324E+01  0.117088E+00  0.488400E-01
  0.439598E+01  0.970528E-01  0.489898E-01
  0.439871E+01  0.162322E+00  0.486091E-01
  0.440145E+01  0.131188E+00  0.490214E-01
  0.440418E+01  0.123490E+00  0.490627E-01
  0.440691E+01  0.879872E-01  0.489676E-01
  0.440965E+01  0.132289E+00  0.488434E-01
  0.441238E+01  0.224965E+00  0.493846E-01
  0.441512E+01  0.143066E+00  0.491700E-01
  0.441785E+01  0.160305E+00  0.493194E-01
  0.442058E+01  0.165536E+00  0.487665E-01
  0.442332E+01  0.184628E+00  0.493266E-01
  0.442605E+01  0.137917E+00  0.487557E-01
  0.442879E+01  0.881443E-01  0.488342E-01
  0.443152E+01  0.140733E+00  0.487585E-01
  0.443425E+01  0.144788E+00  0.492052E-01
  0.443699E+01  0.116631E+00  0.488465E-01
  0.443972E+01  0.209811E+00  0.490183E-01
  0.444246E+01  0.194705E+00  0.490580E-01
  0.444519E+01  0.121751E+00  0.491931E-01
  0.444792E+01  0.767012E-01  0.482074E-01
  0.445066E+01  0.155796E+00  0.490110E-01
  0.445339E+01  0.193238E+00  0.493572E-01
  0.445613E+01  0.149372E+00  0.485727E-01
  0.445886E+01  0.142930E+00  0.485391E-01
  0.446160E+01  0.148760E+00  0.487455E-01
  0.446433E+01  0.219053E+00  0.487607E-01
  0.446706E+01  0.147543E+00  0.491958E-01
  0.446980E+01  0.135191E+00  0.486253E-01
  0.447253E+01  0.109553E+00  0.487405E-01
  0.447527E+01  0.162876E+00  0.488206E-01
  0.447800E+01  0.145214E+00  0.486404E-01
  0.448073E+01  0.206746E+00  0.487302E-01
  0.448347E+01  0.208049E+00  0.492525E-01
  0.448620E+01  0.100216E+00  0.486220E-01
  0.448894E+01  0.119393E+00  0.487297E-01
  0.449167E+01  0.206215E+00  0.490929E-01
  0.449440E+01  0.109009E+00  0.489550E-01
  0.449714E+01  0.218096E+00  0.491243E-01
  0.449987E+01  0.615412E-01  0.490949E-01
  0.450261E+01  0.119302E+00  0.488203E-01
  0.450534E+01  0.817428E-01  0.488443E-01
  0.450807E+01  0.190106E+00  0.491181E-01
  0.451081E+01  0.174660E+00  0.493161E-01
  0.451354E+01  0.137368E+00  0.490231E-01
  0.451628E+01  0.103816E+00  0.487696E-01
  0.451901E+01  0.105471E+00  0.486800E-01
  0.452174E+01  0.114907E+00  0.489564E-01
  0.452448E+01  0.140812E+00  0.484557E-01
  0.452721E+01  0.407800E-01  0.487821E-01
  0.452995E+01  0.142824E+00  0.492644E-01
  0.453268E+01  0.159545E+00  0.487780E-01
  0.453541E+01  0.140178E+00  0.491328E-01
  0.453815E+01  0.153786E-01  0.488328E-01
  0.454088E+01  0.628936E-01  0.488367E-01
  0.454362E+01  0.780983E-01  0.487576E-01
  0.454635E+01  0.156877E+00  0.490918E-01
  0.454908E+01  0.162393E+00  0.489855E-01
  0.455182E+01  0.116413E+00  0.487530E-01
  0.455455E+01  0.478511E-01  0.486171E-01
  0.455729E+01  0.145701E+00  0.489773E-01
  0.456002E+01  0.124486E+00  0.489141E-01
  0.456275E+01  0.142969E+00  0.490425E-01
  0.456549E+01  0.117457E+00  0.490348E-01
  0.456822E+01  0.128092E+00  0.490729E-01
  0.457096E+01  0.218587E+00  0.486322E-01
  0.457369E+01  0.179657E-01  0.487356E-01
  0.457643E+01  0.169614E+00  0.492095E-01
  0.457916E+01  0.223410E+00  0.489534E-01
  0.458189E+01  0.603718E-01  0.487734E-01
  0.458463E+01  0.192767E+00  0.491261E-01
  0.458736E+01  0.117180E+00  0.489679E-01
  0.459010E+01  0.176766E+00  0.496856E-01
  0.459283E+01  0.106676E+00  0.492440E-01
  0.459556E+01  0.532347E-01  0.489294E-01
  0.459830E+01  0.122025E+00  0.491083E-01
  0.460103E+01  0.454516E-01  0.488564E-01
  0.460377E+01  0.227566E+00  0.494830E-01
  0.460650E+01  0.102137E+00  0.490183E-01
  0.460923E+01  0.239391E+00  0.495465E-01
  0.461197E+01  0.123940E+00  0.491223E-01
  0.461470E+01  0.146838E+00  0.491545E-01
  0.461744E+01  0.131921E+00  0.487901E-01
  0.462017E+01  0.242717E+00  0.490137E-01
  0.462290E+01  0.192359E+00  0.489723E-01
  0.462564E+01  0.142561E+00  0.484992E-01
  0.462837E+01  0.115225E+00  0.493483E-01
  0.463111E+01  0.107478E+00  0.489455E-01
  0.463384E+01  0.217389E+00  0.494518E-01
  0.463657E+01  0.157005E+00  0.494672E-01
  0.463931E+01  0.147990E+00  0.487156E-01
  0.464204E+01  0.230251E+00  0.490866E-01
  0.464478E+01  0.107110E+00  0.488507E-01
  0.464751E+01  0.167952E+00  0.493363E-01
  0.465024E+01  0.605553E-01  0.491174E-01
  0.465298E+01  0.123022E+00  0.488275E-01
  0.465571E+01  0.228293E+00  0.494838E-01
  0.465845E+01  0.742782E-01  0.492539E-01
  0.466118E+01  0.119738E+00  0.491840E-01
  0.466391E+01  0.355701E-01  0.489645E-01
  0.466665E+01  0.115085E+00  0.485083E-01
  0.466938E+01  0.424212E-01  0.486341E-01
  0.467212E+01  0.904930E-01  0.489635E-01
  0.467485E+01  0.700866E-01  0.486495E-01
  0.467758E+01  0.145532E+00  0.489441E-01
  0.468032E+01  0.111855E+00  0.493004E-01
  0.468305E+01  0.146993E+00  0.491940E-01
  0.468579E+01  0.377090E-01  0.487040E-01
  0.468852E+01  0.713238E-01  0.490638E-01
  0.469125E+01  0.564533E-01  0.485183E-01
  0.469399E+01  0.162869E+00  0.493340E-01
  0.469672E+01  0.308448E-01  0.491205E-01
  0.469946E+01  0.113116E+00  0.484752E-01
  0.470219E+01  0.122088E+00  0.490603E-01
  0.470493E+01  0.983551E-01  0.492479E-01
  0.470766E+01  0.178723E+00  0.494269E-01
  0.471039E+01  0.118928E+00  0.487104E-01
  0.471313E+01  0.192766E+00  0.491800E-01
  0.471586E+01  0.126375E+00  0.493077E-01
  0.471860E+01  0.183309E+00  0.495508E-01
  0.472133E+01  0.176978E+00  0.493135E-01
  0.472406E+01  0.164639E+00  0.490956E-01
  0.472680E+01  0.146144E+00  0.493714E-01
  0.472953E+01  0.522143E-01  0.491516E-01
  0.473227E+01  0.108669E+00  0.495891E-01
  0.473500E+01  0.503682E-01  0.488058E-01
  0.473773E+01  0.178804E+00  0.488689E-01
  0.474047E+01  0.176903E+00  0.490321E-01
  0.474320E+01  0.165572E+00  0.493997E-01
  0.474594E+01  0.173312E+00  0.497502E-01
  0.474867E+01  0.119235E+00  0.488951E-01
  0.475140E+01  0.106259E+00  0.495453E-01
  0.475414E+01  0.111997E+00  0.488214E-01
  0.475687E+01  0.980935E-01  0.496454E-01
  0.475961E+01  0.127558E+00  0.495273E-01
  0.476234E+01  0.118148E+00  0.493391E-01
  0.476507E+01  0.108468E+00  0.490728E-01
  0.476781E+01  0.181938E+00  0.490253E-01
  0.477054E+01  0.485902E-01  0.496154E-01
  0.477328E+01  0.124767E+00  0.488606E-01
  0.477601E+01  0.141304E+00  0.496908E-01
  0.477874E+01  0.122076E+00  0.492205E-01
  0.478148E+01  0.143981E+00  0.493128E-01
  0.478421E+01  0.182084E+00  0.497371E-01
  0.478695E+01  0.162407E+00  0.493401E-01
  0.478968E+01  0.194544E+00  0.495543E-01
  0.479241E+01  0.234108E+00  0.493300E-01
  0.479515E+01  0.207716E+00  0.492813E-01
  0.479788E+01  0.122880E+00  0.492029E-01
  0.480062E+01  0.116007E+00  0.490216E-01
  0.480335E+01  0.152761E+00  0.494799E-01
  0.480608E+01  0.187104E+00  0.495599E-01
  0.480882E+01  0.818627E-01  0.494930E-01
  0.481155E+01  0.150704E+00  0.496794E-01
  0.481429E+01  0.176654E+00  0.492763E-01
  0.481702E+01  0.162822E+00  0.493078E-01
  0.481975E+01  0.235097E+00  0.495153E-01
  0.482249E+01  0.113593E+00  0.496160E-01
  0.482522E+01  0.121088E+00  0.493356E-01
  0.482796E+01  0.119925E+00  0.497583E-01
  0.483069E+01  0.684343E-01  0.495685E-01
  0.483343E+01  0.180622E+00  0.494088E-01
  0.483616E+01  0.600256E-01  0.494662E-01
  0.483889E+01  0.919832E-01  0.493726E-01
  0.484163E+01  0.100775E+00  0.498945E-01
  0.484436E+01  0.671119E-01  0.487534E-01
  0.484710E+01  0.185061E+00  0.498234E-01
  0.484983E+01  0.167594E+00  0.494697E-01
  0.485256E+01  0.133443E+00  0.492623E-01
  0.485530E+01  0.178452E+00  0.495439E-01
  0.485803E+01  0.113366E+00  0.494901E-01
  0.486077E+01  0.152744E+00  0.495033E-01
  0.486350E+01  0.966155E-01  0.496628E-01
  0.486623E+01  0.118523E+00  0.493697E-01
  0.486897E+01  0.193425E+00  0.498428E-01
  0.487170E+01  0.137099E+00  0.493724E-01
  0.487444E+01  0.134046E+00  0.495306E-01
  0.487717E+01  0.154021E+00  0.489785E-01
  0.487990E+01  0.176932E+00  0.496768E-01
  0.488264E+01  0.150454E+00  0.501777E-01
  0.488537E+01  0.188751E+00  0.494752E-01
  0.488811E+01  0.126214E+00  0.499905E-01
  0.489084E+01  0.143261E+00  0.499581E-01
  0.489357E+01  0.132775E+00  0.496455E-01
  0.489631E+01  0.155918E+00  0.498390E-01
  0.489904E+01  0.844487E-01  0.495845E-01
  0.490178E+01  0.139603E+00  0.497470E-01
  0.490451E+01  0.183500E+00  0.492261E-01
  0.490724E+01  0.175557E+00  0.500836E-01
  0.490998E+01  0.195487E+00  0.497262E-01
  0.491271E+01  0.442896E-01  0.495993E-01
  0.491545E+01  0.116523E+00  0.496945E-01
  0.491818E+01  0.104674E+00  0.500792E-01
  0.492091E+01  0.130748E+00  0.493162E-01
  0.492365E+01  0.813287E-01  0.490935E-01
  0.492638E+01  0.156229E+00  0.497245E-01
  0.492912E+01  0.182676E+00  0.499310E-01
  0.493185E+01  0.115671E+00  0.495503E-01
  0.493458E+01  0.140280E+00  0.495266E-01
  0.493732E+01  0.133743E+00  0.498092E-01
  0.494005E+01  0.241888E+00  0.500969E-01
  0.494279E+01  0.100915E+00  0.499772E-01
  0.494552E+01  0.116627E+00  0.496427E-01
  0.494825E+01  0.767362E-01  0.496469E-01
  0.495099E+01  0.158124E+00  0.497949E-01
  0.495372E+01  0.173016E+00  0.500089E-01
  0.495646E+01  0.144766E+00  0.497991E-01
  0.495919E+01  0.138329E+00  0.495969E-01
  0.496193E+01  0.135856E+00  0.501598E-01
  0.496466E+01  0.135202E+00  0.498935E-01
  0.496739E+01  0.144222E+00  0.498682E-01
  0.497013E+01  0.246721E-01  0.498131E-01
  0.497286E+01  0.857596E-01  0.497464E-01
  0.497560E+01  0.145278E+00  0.497264E-01
  0.497833E+01  0.948877E-01  0.497154E-01
  0.498106E+01  0.181359E+00  0.497715E-01
  0.498380E+01  0.127826E+00  0.502537E-01
  0.498653E+01  0.200544E+00  0.502727E-01
  0.498927E+01  0.655204E-01  0.496408E-01
  0.499200E+01  0.182274E+00  0.501448E-01
  0.499473E+01  0.173583E+00  0.501764E-01
  0.499747E+01  0.144394E+00  0.499152E-01
  0.500020E+01  0.122832E+00  0.496901E-01
