  0.141806E+00  0.104042E+03  0.106034E+01
  0.144540E+00  0.103537E+03  0.102089E+01
  0.147274E+00  0.101858E+03  0.990196E+00
  0.150008E+00  0.100976E+03  0.922436E+00
  0.152742E+00  0.998284E+02  0.897564E+00
  0.155476E+00  0.988796E+02  0.848714E+00
  0.158210E+00  0.979672E+02  0.828594E+00
  0.160944E+00  0.972240E+02  0.788509E+00
  0.163678E+00  0.956431E+02  0.767710E+00
  0.166412E+00  0.954049E+02  0.738338E+00
  0.169146E+00  0.936838E+02  0.706967E+00
  0.171881E+00  0.936681E+02  0.695328E+00
  0.174615E+00  0.918152E+02  0.667391E+00
  0.177349E+00  0.905439E+02  0.647005E+00
  0.180083E+00  0.897408E+02  0.620970E+00
  0.182817E+00  0.889657E+02  0.612214E+00
  0.185551E+00  0.877250E+02  0.597391E+00
  0.188285E+00  0.866196E+02  0.571216E+00
  0.191019E+00  0.857908E+02  0.556898E+00
  0.193753E+00  0.847288E+02  0.548633E+00
  0.196487E+00  0.837818E+02  0.532513E+00
  0.199221E+00  0.832390E+02  0.524969E+00
  0.201955E+00  0.814697E+02  0.497350E+00
  0.204689E+00  0.811634E+02  0.497517E+00
  0.207423E+00  0.805527E+02  0.483985E+00
  0.210157E+00  0.793249E+02  0.476665E+00
  0.212891E+00  0.791615E+02  0.466092E+00
  0.215625E+00  0.777067E+02  0.450686E+00
  0.218359E+00  0.772023E+02  0.451055E+00
  0.221093E+00  0.755186E+02  0.433783E+00
  0.223827E+00  0.754362E+02  0.427495E+00
  0.226561E+00  0.741362E+02  0.420053E+00
  0.229295E+00  0.734156E+02  0.411844E+00
  0.232029E+00  0.728395E+02  0.411342E+00
  0.234764E+00  0.721447E+02  0.395731E+00
  0.237498E+00  0.714952E+02  0.399951E+00
  0.240232E+00  0.701103E+02  0.387434E+00
  0.242966E+00  0.696597E+02  0.383178E+00
  0.245700E+00  0.690379E+02  0.381464E+00
  0.248434E+00  0.679630E+02  0.365723E+00
  0.251168E+00  0.672625E+02  0.367995E+00
  0.253902E+00  0.661997E+02  0.360068E+00
  0.256636E+00  0.654052E+02  0.351914E+00
  0.259370E+00  0.649372E+02  0.346289E+00
  0.262104E+00  0.640648E+02  0.337062E+00
  0.264838E+00  0.637891E+02  0.338648E+00
  0.267572E+00  0.628737E+02  0.330490E+00
  0.270306E+00  0.620062E+02  0.324451E+00
  0.273040E+00  0.613252E+02  0.321813E+00
  0.275774E+00  0.604021E+02  0.311815E+00
  0.278508E+00  0.599215E+02  0.315187E+00
  0.281242E+00  0.591327E+02  0.304367E+00
  0.283976E+00  0.583711E+02  0.302684E+00
  0.286710E+00  0.578005E+02  0.299571E+00
  0.289444E+00  0.569708E+02  0.292498E+00
  0.292178E+00  0.561611E+02  0.290779E+00
  0.294912E+00  0.558094E+02  0.284665E+00
  0.297647E+00  0.551080E+02  0.282064E+00
  0.300381E+00  0.546420E+02  0.280533E+00
  0.303115E+00  0.538178E+02  0.275351E+00
  0.305849E+00  0.532031E+02  0.270710E+00
  0.308583E+00  0.524436E+02  0.267679E+00
  0.311317E+00  0.520309E+02  0.264548E+00
  0.314051E+00  0.511482E+02  0.261673E+00
  0.316785E+00  0.502983E+02  0.254692E+00
  0.319519E+00  0.502340E+02  0.255798E+00
  0.322253E+00  0.493759E+02  0.252098E+00
  0.324987E+00  0.488696E+02  0.248433E+00
  0.327721E+00  0.483569E+02  0.244415E+00
  0.330455E+00  0.477236E+02  0.241822E+00
  0.333189E+00  0.471363E+02  0.240158E+00
  0.335923E+00  0.466168E+02  0.238171E+00
  0.338657E+00  0.463856E+02  0.234861E+00
  0.341391E+00  0.455220E+02  0.230324E+00
  0.344125E+00  0.449990E+02  0.229947E+00
  0.346859E+00  0.443355E+02  0.227741E+00
  0.349593E+00  0.441016E+02  0.227475E+00
  0.352327E+00  0.433255E+02  0.221608E+00
  0.355061E+00  0.428950E+02  0.220133E+00
  0.357795E+00  0.422414E+02  0.217689E+00
  0.360530E+00  0.418961E+02  0.216815E+00
  0.363264E+00  0.416046E+02  0.215738E+00
  0.365998E+00  0.411176E+02  0.210853E+00
  0.368732E+00  0.401973E+02  0.209142E+00
  0.371466E+00  0.400044E+02  0.210062E+00
  0.374200E+00  0.395464E+02  0.204437E+00
  0.376934E+00  0.390069E+02  0.203993E+00
  0.379668E+00  0.383996E+02  0.200999E+00
  0.382402E+00  0.379209E+02  0.199804E+00
  0.385136E+00  0.376160E+02  0.199138E+00
  0.387870E+00  0.369596E+02  0.194466E+00
  0.390604E+00  0.368559E+02  0.195206E+00
  0.393338E+00  0.360765E+02  0.191077E+00
  0.396072E+00  0.356590E+02  0.190656E+00
  0.398806E+00  0.353151E+02  0.186802E+00
  0.401540E+00  0.349500E+02  0.186972E+00
  0.404274E+00  0.347465E+02  0.187015E+00
  0.407008E+00  0.342888E+02  0.184090E+00
  0.409742E+00  0.337022E+02  0.181666E+00
  0.412476E+00  0.332514E+02  0.179293E+00
  0.415210E+00  0.327338E+02  0.178236E+00
  0.417944E+00  0.324300E+02  0.178145E+00
  0.420678E+00  0.321799E+02  0.173878E+00
  0.423413E+00  0.314733E+02  0.173965E+00
  0.426147E+00  0.310797E+02  0.169059E+00
  0.428881E+00  0.309300E+02  0.171378E+00
  0.431615E+00  0.303673E+02  0.168468E+00
  0.434349E+00  0.300887E+02  0.165960E+00
  0.437083E+00  0.296202E+02  0.166409E+00
  0.439817E+00  0.290664E+02  0.162305E+00
  0.442551E+00  0.289513E+02  0.162791E+00
  0.445285E+00  0.282742E+02  0.158290E+00
  0.448019E+00  0.280578E+02  0.158773E+00
  0.450753E+00  0.276623E+02  0.158029E+00
  0.453487E+00  0.272710E+02  0.154966E+00
  0.456221E+00  0.270273E+02  0.154640E+00
  0.458955E+00  0.267818E+02  0.152087E+00
  0.461689E+00  0.262786E+02  0.151751E+00
  0.464423E+00  0.261181E+02  0.150932E+00
  0.467157E+00  0.254386E+02  0.146696E+00
  0.469891E+00  0.251351E+02  0.147753E+00
  0.472625E+00  0.251105E+02  0.145901E+00
  0.475359E+00  0.245908E+02  0.144422E+00
  0.478093E+00  0.243716E+02  0.142542E+00
  0.480827E+00  0.240842E+02  0.141586E+00
  0.483561E+00  0.237310E+02  0.142086E+00
  0.486296E+00  0.232455E+02  0.139148E+00
  0.489030E+00  0.229483E+02  0.138409E+00
  0.491764E+00  0.227746E+02  0.136284E+00
  0.494498E+00  0.226489E+02  0.135566E+00
  0.497232E+00  0.220773E+02  0.134780E+00
  0.499966E+00  0.218794E+02  0.133101E+00
  0.502700E+00  0.215946E+02  0.131580E+00
  0.505434E+00  0.214330E+02  0.131166E+00
  0.508168E+00  0.212828E+02  0.131403E+00
  0.510902E+00  0.209828E+02  0.130334E+00
  0.513636E+00  0.207553E+02  0.127835E+00
  0.516370E+00  0.203634E+02  0.127519E+00
  0.519104E+00  0.199884E+02  0.126252E+00
  0.521838E+00  0.200034E+02  0.126372E+00
  0.524572E+00  0.197085E+02  0.125201E+00
  0.527306E+00  0.194538E+02  0.123225E+00
  0.530040E+00  0.190578E+02  0.122694E+00
  0.532774E+00  0.188672E+02  0.120712E+00
  0.535508E+00  0.188110E+02  0.121640E+00
  0.538242E+00  0.184774E+02  0.120706E+00
  0.540976E+00  0.182841E+02  0.119197E+00
  0.543710E+00  0.178769E+02  0.117961E+00
  0.546445E+00  0.175995E+02  0.116273E+00
  0.549179E+00  0.173140E+02  0.115634E+00
  0.551913E+00  0.172239E+02  0.114286E+00
  0.554647E+00  0.169240E+02  0.114176E+00
  0.557381E+00  0.166063E+02  0.113347E+00
  0.560115E+00  0.166066E+02  0.111160E+00
  0.562849E+00  0.160961E+02  0.110102E+00
  0.565583E+00  0.158415E+02  0.109394E+00
  0.568317E+00  0.157376E+02  0.110004E+00
  0.571051E+00  0.155351E+02  0.107799E+00
  0.573785E+00  0.155713E+02  0.108101E+00
  0.576519E+00  0.150749E+02  0.106378E+00
  0.579253E+00  0.148214E+02  0.105976E+00
  0.581987E+00  0.147538E+02  0.104485E+00
  0.584721E+00  0.145752E+02  0.105069E+00
  0.587455E+00  0.144103E+02  0.104362E+00
  0.590189E+00  0.140835E+02  0.102498E+00
  0.592923E+00  0.138702E+02  0.102623E+00
  0.595657E+00  0.138734E+02  0.100672E+00
  0.598391E+00  0.135831E+02  0.100518E+00
  0.601125E+00  0.134869E+02  0.100566E+00
  0.603859E+00  0.131914E+02  0.990192E-01
  0.606593E+00  0.129929E+02  0.977421E-01
  0.609328E+00  0.128278E+02  0.980919E-01
  0.612062E+00  0.126691E+02  0.965083E-01
  0.614796E+00  0.125087E+02  0.971055E-01
  0.617530E+00  0.123245E+02  0.950563E-01
  0.620264E+00  0.122650E+02  0.958996E-01
  0.622998E+00  0.118973E+02  0.944448E-01
  0.625732E+00  0.116658E+02  0.933120E-01
  0.628466E+00  0.116404E+02  0.919390E-01
  0.631200E+00  0.114716E+02  0.911870E-01
  0.633934E+00  0.111598E+02  0.919832E-01
  0.636668E+00  0.110142E+02  0.905893E-01
  0.639402E+00  0.109491E+02  0.902141E-01
  0.642136E+00  0.107353E+02  0.889709E-01
  0.644870E+00  0.108223E+02  0.887363E-01
  0.647604E+00  0.104006E+02  0.887501E-01
  0.650338E+00  0.103694E+02  0.874725E-01
  0.653072E+00  0.102151E+02  0.861561E-01
  0.655806E+00  0.102093E+02  0.876660E-01
  0.658540E+00  0.994990E+01  0.853963E-01
  0.661274E+00  0.990416E+01  0.866972E-01
  0.664008E+00  0.969726E+01  0.839051E-01
  0.666742E+00  0.949352E+01  0.836310E-01
  0.669476E+00  0.935834E+01  0.833855E-01
  0.672211E+00  0.910897E+01  0.824759E-01
  0.674945E+00  0.908102E+01  0.830728E-01
  0.677679E+00  0.883467E+01  0.805543E-01
  0.680413E+00  0.888779E+01  0.820824E-01
  0.683147E+00  0.863174E+01  0.814578E-01
  0.685881E+00  0.861001E+01  0.800823E-01
  0.688615E+00  0.857114E+01  0.807925E-01
  0.691349E+00  0.832161E+01  0.790075E-01
  0.694083E+00  0.818375E+01  0.791918E-01
  0.696817E+00  0.809240E+01  0.783410E-01
  0.699551E+00  0.799176E+01  0.770505E-01
  0.702285E+00  0.791977E+01  0.775299E-01
  0.705019E+00  0.772999E+01  0.771132E-01
  0.707753E+00  0.769595E+01  0.773701E-01
  0.710487E+00  0.755960E+01  0.753727E-01
  0.713221E+00  0.739741E+01  0.757219E-01
  0.715955E+00  0.729655E+01  0.754443E-01
  0.718689E+00  0.715058E+01  0.750282E-01
  0.721423E+00  0.716952E+01  0.748989E-01
  0.724157E+00  0.694922E+01  0.737986E-01
  0.726891E+00  0.678374E+01  0.725646E-01
  0.729625E+00  0.680669E+01  0.732171E-01
  0.732359E+00  0.676941E+01  0.726443E-01
  0.735094E+00  0.652231E+01  0.722063E-01
  0.737828E+00  0.640694E+01  0.704577E-01
  0.740562E+00  0.643683E+01  0.715084E-01
  0.743296E+00  0.621546E+01  0.708439E-01
  0.746030E+00  0.621853E+01  0.700291E-01
  0.748764E+00  0.620645E+01  0.695192E-01
  0.751498E+00  0.603654E+01  0.697141E-01
  0.754232E+00  0.590165E+01  0.693880E-01
  0.756966E+00  0.585589E+01  0.686495E-01
  0.759700E+00  0.589083E+01  0.689555E-01
  0.762434E+00  0.568151E+01  0.683525E-01
  0.765168E+00  0.565678E+01  0.683342E-01
  0.767902E+00  0.549979E+01  0.677151E-01
  0.770636E+00  0.554511E+01  0.674123E-01
  0.773370E+00  0.546523E+01  0.673821E-01
  0.776104E+00  0.536381E+01  0.669020E-01
  0.778838E+00  0.530259E+01  0.667025E-01
  0.781572E+00  0.517364E+01  0.653725E-01
  0.784306E+00  0.521250E+01  0.662560E-01
  0.787040E+00  0.509738E+01  0.660311E-01
  0.789774E+00  0.500447E+01  0.649174E-01
  0.792508E+00  0.495575E+01  0.651555E-01
  0.795242E+00  0.484678E+01  0.651435E-01
  0.797977E+00  0.487904E+01  0.652496E-01
  0.800711E+00  0.473019E+01  0.663991E-01
  0.803445E+00  0.468313E+01  0.644477E-01
  0.806179E+00  0.462704E+01  0.656387E-01
  0.808913E+00  0.458517E+01  0.651898E-01
  0.811647E+00  0.460299E+01  0.650997E-01
  0.814381E+00  0.444343E+01  0.644984E-01
  0.817115E+00  0.436918E+01  0.642610E-01
  0.819849E+00  0.426464E+01  0.649646E-01
  0.822583E+00  0.430322E+01  0.644252E-01
  0.825317E+00  0.430691E+01  0.643755E-01
  0.828051E+00  0.414907E+01  0.639673E-01
  0.830785E+00  0.419970E+01  0.634798E-01
  0.833519E+00  0.390873E+01  0.646189E-01
  0.836253E+00  0.416439E+01  0.638082E-01
  0.838987E+00  0.402394E+01  0.638338E-01
  0.841721E+00  0.388506E+01  0.641490E-01
  0.844455E+00  0.385098E+01  0.635738E-01
  0.847189E+00  0.385916E+01  0.635899E-01
  0.849923E+00  0.380964E+01  0.624232E-01
  0.852657E+00  0.377735E+01  0.632945E-01
  0.855391E+00  0.375430E+01  0.632747E-01
  0.858125E+00  0.364005E+01  0.638045E-01
  0.860860E+00  0.363462E+01  0.630066E-01
  0.863594E+00  0.359019E+01  0.621582E-01
  0.866328E+00  0.350975E+01  0.628222E-01
  0.869062E+00  0.338956E+01  0.624774E-01
  0.871796E+00  0.349878E+01  0.626045E-01
  0.874530E+00  0.340961E+01  0.622807E-01
  0.877264E+00  0.339191E+01  0.624532E-01
  0.879998E+00  0.331308E+01  0.627988E-01
  0.882732E+00  0.330010E+01  0.624991E-01
  0.885466E+00  0.324755E+01  0.616137E-01
  0.888200E+00  0.328937E+01  0.618744E-01
  0.890934E+00  0.313399E+01  0.618115E-01
  0.893668E+00  0.319668E+01  0.621312E-01
  0.896402E+00  0.320943E+01  0.620300E-01
  0.899136E+00  0.312242E+01  0.614854E-01
  0.901870E+00  0.307020E+01  0.616779E-01
  0.904604E+00  0.312834E+01  0.622053E-01
  0.907338E+00  0.297426E+01  0.609775E-01
  0.910072E+00  0.296479E+01  0.616901E-01
  0.912806E+00  0.298117E+01  0.610379E-01
  0.915540E+00  0.298628E+01  0.608242E-01
  0.918274E+00  0.284410E+01  0.615457E-01
  0.921009E+00  0.289148E+01  0.610618E-01
  0.923743E+00  0.279413E+01  0.611716E-01
  0.926477E+00  0.281465E+01  0.614303E-01
  0.929211E+00  0.282360E+01  0.600130E-01
  0.931945E+00  0.278751E+01  0.609807E-01
  0.934679E+00  0.270933E+01  0.607400E-01
  0.937413E+00  0.271791E+01  0.610713E-01
  0.940147E+00  0.268096E+01  0.612012E-01
  0.942881E+00  0.267623E+01  0.604174E-01
  0.945615E+00  0.263699E+01  0.608978E-01
  0.948349E+00  0.265107E+01  0.600946E-01
  0.951083E+00  0.255150E+01  0.606731E-01
  0.953817E+00  0.264330E+01  0.603162E-01
  0.956551E+00  0.263067E+01  0.601605E-01
  0.959285E+00  0.263668E+01  0.611673E-01
  0.962019E+00  0.254494E+01  0.598351E-01
  0.964753E+00  0.258086E+01  0.604896E-01
  0.967487E+00  0.256989E+01  0.599641E-01
  0.970221E+00  0.254796E+01  0.601423E-01
  0.972955E+00  0.255839E+01  0.604088E-01
  0.975689E+00  0.252572E+01  0.598896E-01
  0.978423E+00  0.244385E+01  0.606556E-01
  0.981157E+00  0.242335E+01  0.592431E-01
  0.983892E+00  0.243079E+01  0.608415E-01
  0.986626E+00  0.240725E+01  0.601716E-01
  0.989360E+00  0.241484E+01  0.598019E-01
  0.992094E+00  0.237026E+01  0.604785E-01
  0.994828E+00  0.240814E+01  0.594947E-01
  0.997562E+00  0.223201E+01  0.599931E-01
  0.100030E+01  0.237653E+01  0.588397E-01
  0.100303E+01  0.223010E+01  0.597228E-01
  0.100576E+01  0.231135E+01  0.597162E-01
  0.100850E+01  0.223805E+01  0.597356E-01
  0.101123E+01  0.236322E+01  0.600486E-01
  0.101397E+01  0.224835E+01  0.592832E-01
  0.101670E+01  0.217248E+01  0.601056E-01
  0.101943E+01  0.219992E+01  0.598996E-01
  0.102217E+01  0.220523E+01  0.592053E-01
  0.102490E+01  0.219462E+01  0.602652E-01
  0.102764E+01  0.228703E+01  0.587241E-01
  0.103037E+01  0.229008E+01  0.604927E-01
  0.103310E+01  0.212722E+01  0.588900E-01
  0.103584E+01  0.216444E+01  0.595369E-01
  0.103857E+01  0.215652E+01  0.594580E-01
  0.104131E+01  0.218253E+01  0.593008E-01
  0.104404E+01  0.219947E+01  0.601048E-01
  0.104677E+01  0.219014E+01  0.589684E-01
  0.104951E+01  0.220366E+01  0.593803E-01
  0.105224E+01  0.206948E+01  0.593178E-01
  0.105498E+01  0.214166E+01  0.587672E-01
  0.105771E+01  0.210001E+01  0.594688E-01
  0.106044E+01  0.206483E+01  0.587749E-01
  0.106318E+01  0.205935E+01  0.589373E-01
  0.106591E+01  0.205736E+01  0.588933E-01
  0.106865E+01  0.201086E+01  0.586925E-01
  0.107138E+01  0.207820E+01  0.594243E-01
  0.107411E+01  0.203816E+01  0.583595E-01
  0.107685E+01  0.200069E+01  0.596874E-01
  0.107958E+01  0.199225E+01  0.583770E-01
  0.108232E+01  0.196140E+01  0.584072E-01
  0.108505E+01  0.193055E+01  0.593893E-01
  0.108779E+01  0.195997E+01  0.584534E-01
  0.109052E+01  0.195488E+01  0.594658E-01
  0.109325E+01  0.198321E+01  0.580980E-01
  0.109599E+01  0.189772E+01  0.586037E-01
  0.109872E+01  0.189395E+01  0.587438E-01
  0.110146E+01  0.195613E+01  0.588483E-01
  0.110419E+01  0.195526E+01  0.588568E-01
  0.110692E+01  0.194955E+01  0.586970E-01
  0.110966E+01  0.192113E+01  0.587307E-01
  0.111239E+01  0.197289E+01  0.587596E-01
  0.111513E+01  0.196088E+01  0.579560E-01
  0.111786E+01  0.197623E+01  0.587240E-01
  0.112059E+01  0.183399E+01  0.580317E-01
  0.112333E+01  0.191543E+01  0.585583E-01
  0.112606E+01  0.183567E+01  0.588104E-01
  0.112880E+01  0.180620E+01  0.580109E-01
  0.113153E+01  0.181863E+01  0.586751E-01
  0.113426E+01  0.180829E+01  0.580520E-01
  0.113700E+01  0.188659E+01  0.584193E-01
  0.113973E+01  0.170956E+01  0.580705E-01
  0.114247E+01  0.189472E+01  0.583938E-01
  0.114520E+01  0.179314E+01  0.581505E-01
  0.114793E+01  0.185005E+01  0.583670E-01
  0.115067E+01  0.173611E+01  0.580962E-01
  0.115340E+01  0.186486E+01  0.582712E-01
  0.115614E+01  0.176548E+01  0.579296E-01
  0.115887E+01  0.177580E+01  0.578516E-01
  0.116160E+01  0.173712E+01  0.582969E-01
  0.116434E+01  0.173312E+01  0.581341E-01
  0.116707E+01  0.168111E+01  0.582910E-01
  0.116981E+01  0.172764E+01  0.579381E-01
  0.117254E+01  0.166636E+01  0.577474E-01
  0.117527E+01  0.165397E+01  0.577607E-01
  0.117801E+01  0.167308E+01  0.578292E-01
  0.118074E+01  0.168840E+01  0.580999E-01
  0.118348E+01  0.166719E+01  0.578199E-01
  0.118621E+01  0.179447E+01  0.575774E-01
  0.118894E+01  0.163859E+01  0.574896E-01
  0.119168E+01  0.160375E+01  0.573694E-01
  0.119441E+01  0.161952E+01  0.579625E-01
  0.119715E+01  0.172547E+01  0.573628E-01
  0.119988E+01  0.166888E+01  0.575115E-01
  0.120262E+01  0.158145E+01  0.574582E-01
  0.120535E+01  0.165160E+01  0.572818E-01
  0.120808E+01  0.166618E+01  0.570985E-01
  0.121082E+01  0.153021E+01  0.573496E-01
  0.121355E+01  0.162190E+01  0.580763E-01
  0.121629E+01  0.164653E+01  0.578483E-01
  0.121902E+01  0.162421E+01  0.572341E-01
  0.122175E+01  0.156245E+01  0.572927E-01
  0.122449E+01  0.155245E+01  0.571481E-01
  0.122722E+01  0.155107E+01  0.576666E-01
  0.122996E+01  0.157838E+01  0.611602E-01
  0.123269E+01  0.163634E+01  0.624878E-01
  0.123816E+01  0.160686E+01  0.645138E-01
  0.124089E+01  0.158912E+01  0.661158E-01
  0.124363E+01  0.144470E+01  0.679620E-01
  0.124636E+01  0.150533E+01  0.687554E-01
  0.124909E+01  0.154692E+01  0.690581E-01
  0.125183E+01  0.160436E+01  0.707296E-01
  0.125456E+01  0.155991E+01  0.700530E-01
  0.125730E+01  0.151203E+01  0.717074E-01
  0.126003E+01  0.141052E+01  0.736586E-01
  0.126276E+01  0.159196E+01  0.747855E-01
  0.126550E+01  0.147248E+01  0.671269E-01
  0.126823E+01  0.148762E+01  0.656861E-01
  0.127097E+01  0.149879E+01  0.644073E-01
  0.127370E+01  0.147594E+01  0.631050E-01
  0.127643E+01  0.143533E+01  0.620093E-01
  0.127917E+01  0.142860E+01  0.619426E-01
  0.128190E+01  0.154258E+01  0.608568E-01
  0.128464E+01  0.147619E+01  0.606525E-01
  0.128737E+01  0.130397E+01  0.606511E-01
  0.129010E+01  0.139164E+01  0.603168E-01
  0.129284E+01  0.124409E+01  0.590642E-01
  0.129557E+01  0.129575E+01  0.594759E-01
  0.129831E+01  0.138355E+01  0.587077E-01
  0.130104E+01  0.138004E+01  0.588567E-01
  0.130377E+01  0.146699E+01  0.578415E-01
  0.130651E+01  0.133965E+01  0.575662E-01
  0.130924E+01  0.143160E+01  0.585821E-01
  0.131198E+01  0.136065E+01  0.581644E-01
  0.131471E+01  0.124078E+01  0.577303E-01
  0.131744E+01  0.135263E+01  0.570806E-01
  0.132018E+01  0.140784E+01  0.575518E-01
  0.132291E+01  0.137636E+01  0.582519E-01
  0.132565E+01  0.137799E+01  0.572543E-01
  0.132838E+01  0.122267E+01  0.570216E-01
  0.133112E+01  0.127838E+01  0.573105E-01
  0.133385E+01  0.127093E+01  0.576221E-01
  0.133658E+01  0.123981E+01  0.576870E-01
  0.133932E+01  0.118473E+01  0.561636E-01
  0.134205E+01  0.121868E+01  0.573508E-01
  0.134479E+01  0.133087E+01  0.573442E-01
  0.134752E+01  0.127631E+01  0.575182E-01
  0.135025E+01  0.129367E+01  0.572251E-01
  0.135299E+01  0.116313E+01  0.572049E-01
  0.135572E+01  0.123562E+01  0.572093E-01
  0.135846E+01  0.118962E+01  0.570021E-01
  0.136119E+01  0.118291E+01  0.563000E-01
  0.136392E+01  0.119916E+01  0.569554E-01
  0.136666E+01  0.114850E+01  0.566997E-01
  0.136939E+01  0.121789E+01  0.568324E-01
  0.137213E+01  0.114122E+01  0.563263E-01
  0.137486E+01  0.119927E+01  0.561367E-01
  0.137759E+01  0.115506E+01  0.564253E-01
  0.138033E+01  0.115908E+01  0.568189E-01
  0.138306E+01  0.110575E+01  0.566805E-01
  0.138580E+01  0.103055E+01  0.561775E-01
  0.138853E+01  0.113631E+01  0.561866E-01
  0.139126E+01  0.112336E+01  0.563855E-01
  0.139400E+01  0.126106E+01  0.558051E-01
  0.139673E+01  0.113697E+01  0.569356E-01
  0.139947E+01  0.111089E+01  0.563790E-01
  0.140220E+01  0.104287E+01  0.560896E-01
  0.140493E+01  0.114146E+01  0.563553E-01
  0.140767E+01  0.105638E+01  0.559201E-01
  0.141040E+01  0.108250E+01  0.562341E-01
  0.141314E+01  0.105990E+01  0.563363E-01
  0.141587E+01  0.105026E+01  0.558944E-01
  0.141860E+01  0.107088E+01  0.558056E-01
  0.142134E+01  0.105415E+01  0.555728E-01
  0.142407E+01  0.993635E+00  0.561115E-01
  0.142681E+01  0.994289E+00  0.557922E-01
  0.142954E+01  0.107543E+01  0.559880E-01
  0.143227E+01  0.106284E+01  0.555010E-01
  0.143501E+01  0.111254E+01  0.562116E-01
  0.143774E+01  0.968151E+00  0.551262E-01
  0.144048E+01  0.102452E+01  0.556070E-01
  0.144321E+01  0.969774E+00  0.552865E-01
  0.144594E+01  0.939836E+00  0.556913E-01
  0.144868E+01  0.883849E+00  0.559383E-01
  0.145141E+01  0.995849E+00  0.557765E-01
  0.145415E+01  0.915082E+00  0.551650E-01
  0.145688E+01  0.102975E+01  0.552931E-01
  0.145962E+01  0.938101E+00  0.556124E-01
  0.146235E+01  0.937208E+00  0.552117E-01
  0.146508E+01  0.901132E+00  0.554840E-01
  0.146782E+01  0.950717E+00  0.549994E-01
  0.147055E+01  0.913736E+00  0.545564E-01
  0.147329E+01  0.831686E+00  0.546169E-01
  0.147602E+01  0.905950E+00  0.543648E-01
  0.147875E+01  0.952956E+00  0.540079E-01
  0.148149E+01  0.887950E+00  0.540578E-01
  0.148422E+01  0.872906E+00  0.538774E-01
  0.148696E+01  0.948579E+00  0.541781E-01
  0.148969E+01  0.862264E+00  0.532190E-01
  0.149242E+01  0.868566E+00  0.541752E-01
  0.149516E+01  0.907258E+00  0.538660E-01
  0.149789E+01  0.873006E+00  0.541254E-01
  0.150063E+01  0.869031E+00  0.536989E-01
  0.150336E+01  0.823874E+00  0.539186E-01
  0.150609E+01  0.914340E+00  0.542210E-01
  0.150883E+01  0.898377E+00  0.539631E-01
  0.151156E+01  0.799321E+00  0.538705E-01
  0.151430E+01  0.849396E+00  0.538105E-01
  0.151703E+01  0.821723E+00  0.544919E-01
  0.151976E+01  0.900994E+00  0.534178E-01
  0.152250E+01  0.828717E+00  0.533222E-01
  0.152523E+01  0.908818E+00  0.536973E-01
  0.152797E+01  0.818553E+00  0.536307E-01
  0.153070E+01  0.745535E+00  0.537330E-01
  0.153343E+01  0.840314E+00  0.535278E-01
  0.153617E+01  0.751358E+00  0.537999E-01
  0.153890E+01  0.758667E+00  0.529511E-01
  0.154164E+01  0.736956E+00  0.541001E-01
  0.154437E+01  0.800742E+00  0.529342E-01
  0.154710E+01  0.875874E+00  0.532332E-01
  0.154984E+01  0.782767E+00  0.535613E-01
  0.155257E+01  0.764126E+00  0.537974E-01
  0.155531E+01  0.829950E+00  0.534531E-01
  0.155804E+01  0.691170E+00  0.536767E-01
  0.156077E+01  0.762629E+00  0.532970E-01
  0.156351E+01  0.762038E+00  0.535894E-01
  0.156624E+01  0.626352E+00  0.539723E-01
  0.156898E+01  0.762906E+00  0.526391E-01
  0.157171E+01  0.730088E+00  0.532220E-01
  0.157444E+01  0.768918E+00  0.539778E-01
  0.157718E+01  0.760088E+00  0.537351E-01
  0.157991E+01  0.706918E+00  0.533532E-01
  0.158265E+01  0.698277E+00  0.530077E-01
  0.158538E+01  0.749031E+00  0.534452E-01
  0.158812E+01  0.704000E+00  0.532290E-01
  0.159085E+01  0.708327E+00  0.527088E-01
  0.159358E+01  0.759208E+00  0.529357E-01
  0.159632E+01  0.655484E+00  0.528462E-01
  0.159905E+01  0.663509E+00  0.530680E-01
  0.160179E+01  0.633409E+00  0.531818E-01
  0.160452E+01  0.678566E+00  0.529205E-01
  0.160725E+01  0.637975E+00  0.529639E-01
  0.160999E+01  0.649031E+00  0.530022E-01
  0.161272E+01  0.789547E+00  0.534988E-01
  0.161546E+01  0.765182E+00  0.531922E-01
  0.161819E+01  0.629170E+00  0.524150E-01
  0.162092E+01  0.606025E+00  0.532187E-01
  0.162366E+01  0.560566E+00  0.530641E-01
  0.162639E+01  0.633660E+00  0.529650E-01
  0.162913E+01  0.658415E+00  0.525532E-01
  0.163186E+01  0.644981E+00  0.525710E-01
  0.163459E+01  0.590541E+00  0.528663E-01
  0.163733E+01  0.675572E+00  0.531470E-01
  0.164006E+01  0.610516E+00  0.524509E-01
  0.164280E+01  0.709623E+00  0.530933E-01
  0.164553E+01  0.607195E+00  0.532539E-01
  0.164826E+01  0.616000E+00  0.528903E-01
  0.165100E+01  0.621711E+00  0.520439E-01
  0.165373E+01  0.659686E+00  0.528700E-01
  0.165647E+01  0.570226E+00  0.535595E-01
  0.165920E+01  0.647484E+00  0.523892E-01
  0.166193E+01  0.590805E+00  0.529671E-01
  0.166467E+01  0.611057E+00  0.523862E-01
  0.166740E+01  0.549283E+00  0.524421E-01
  0.167014E+01  0.655761E+00  0.531796E-01
  0.167287E+01  0.516692E+00  0.529919E-01
  0.167560E+01  0.618101E+00  0.522740E-01
  0.167834E+01  0.629119E+00  0.528775E-01
  0.168107E+01  0.572780E+00  0.529472E-01
  0.168381E+01  0.572252E+00  0.530847E-01
  0.168654E+01  0.631912E+00  0.521072E-01
  0.168927E+01  0.578629E+00  0.529582E-01
  0.169201E+01  0.533019E+00  0.524404E-01
  0.169474E+01  0.581308E+00  0.526779E-01
  0.169748E+01  0.585786E+00  0.518909E-01
  0.170021E+01  0.458025E+00  0.523536E-01
  0.170295E+01  0.624340E+00  0.524084E-01
  0.170568E+01  0.548013E+00  0.527309E-01
  0.170841E+01  0.530440E+00  0.520806E-01
  0.171115E+01  0.477836E+00  0.524513E-01
  0.171388E+01  0.475887E+00  0.526848E-01
  0.171662E+01  0.568704E+00  0.526966E-01
  0.171935E+01  0.435509E+00  0.522712E-01
  0.172208E+01  0.542818E+00  0.521089E-01
  0.172482E+01  0.537119E+00  0.520521E-01
  0.172755E+01  0.472742E+00  0.526189E-01
  0.173029E+01  0.495283E+00  0.526788E-01
  0.173302E+01  0.587736E+00  0.522802E-01
  0.173575E+01  0.603497E+00  0.524469E-01
  0.173849E+01  0.528981E+00  0.521973E-01
  0.174122E+01  0.483660E+00  0.526230E-01
  0.174396E+01  0.525119E+00  0.520361E-01
  0.174669E+01  0.475975E+00  0.520673E-01
  0.174942E+01  0.482830E+00  0.520880E-01
  0.175216E+01  0.495157E+00  0.521469E-01
  0.175489E+01  0.532101E+00  0.521164E-01
  0.175763E+01  0.469182E+00  0.521974E-01
  0.176036E+01  0.440113E+00  0.524008E-01
  0.176309E+01  0.533409E+00  0.517121E-01
  0.176583E+01  0.385899E+00  0.520746E-01
  0.176856E+01  0.529698E+00  0.523260E-01
  0.177130E+01  0.444868E+00  0.521908E-01
  0.177403E+01  0.520314E+00  0.521736E-01
  0.177676E+01  0.439610E+00  0.522583E-01
  0.177950E+01  0.431182E+00  0.517074E-01
  0.178223E+01  0.453874E+00  0.517573E-01
  0.178497E+01  0.426365E+00  0.519112E-01
  0.178770E+01  0.371220E+00  0.523450E-01
  0.179043E+01  0.447006E+00  0.517856E-01
  0.179317E+01  0.533623E+00  0.522619E-01
  0.179590E+01  0.453358E+00  0.516649E-01
  0.179864E+01  0.524881E+00  0.524145E-01
  0.180137E+01  0.472277E+00  0.525966E-01
  0.180410E+01  0.478755E+00  0.521224E-01
  0.180684E+01  0.430616E+00  0.519082E-01
  0.180957E+01  0.487396E+00  0.519958E-01
  0.181231E+01  0.418252E+00  0.520880E-01
  0.181504E+01  0.484717E+00  0.519706E-01
  0.181777E+01  0.467484E+00  0.515987E-01
  0.182051E+01  0.501031E+00  0.526132E-01
  0.182324E+01  0.466264E+00  0.522702E-01
  0.182598E+01  0.399522E+00  0.519328E-01
  0.182871E+01  0.456843E+00  0.518831E-01
  0.183145E+01  0.478981E+00  0.513552E-01
  0.183418E+01  0.437019E+00  0.521709E-01
  0.183691E+01  0.488994E+00  0.526148E-01
  0.183965E+01  0.456415E+00  0.518040E-01
  0.184238E+01  0.489585E+00  0.516831E-01
  0.184512E+01  0.388717E+00  0.513672E-01
  0.184785E+01  0.479761E+00  0.521441E-01
  0.185058E+01  0.526491E+00  0.515201E-01
  0.185332E+01  0.373522E+00  0.522537E-01
  0.185605E+01  0.445082E+00  0.514911E-01
  0.185879E+01  0.444906E+00  0.516611E-01
  0.186152E+01  0.407635E+00  0.519963E-01
  0.186425E+01  0.368881E+00  0.516740E-01
  0.186699E+01  0.437245E+00  0.521486E-01
  0.186972E+01  0.382704E+00  0.519510E-01
  0.187246E+01  0.438843E+00  0.515031E-01
  0.187519E+01  0.506050E+00  0.516675E-01
  0.187792E+01  0.376126E+00  0.515779E-01
  0.188066E+01  0.426478E+00  0.517642E-01
  0.188339E+01  0.456579E+00  0.517950E-01
  0.188613E+01  0.411208E+00  0.519137E-01
  0.188886E+01  0.499585E+00  0.513474E-01
  0.189159E+01  0.373497E+00  0.513558E-01
  0.189433E+01  0.441057E+00  0.516207E-01
  0.189706E+01  0.381824E+00  0.515511E-01
  0.189980E+01  0.466981E+00  0.514107E-01
  0.190253E+01  0.472491E+00  0.513691E-01
  0.190526E+01  0.370491E+00  0.521600E-01
  0.190800E+01  0.445535E+00  0.514779E-01
  0.191073E+01  0.411472E+00  0.514193E-01
  0.191347E+01  0.376830E+00  0.519693E-01
  0.191620E+01  0.456893E+00  0.512109E-01
  0.191893E+01  0.406868E+00  0.515801E-01
  0.192167E+01  0.382226E+00  0.519733E-01
  0.192440E+01  0.464415E+00  0.513595E-01
  0.192714E+01  0.498591E+00  0.513086E-01
  0.192987E+01  0.447887E+00  0.512759E-01
  0.193260E+01  0.414969E+00  0.515377E-01
  0.193534E+01  0.380717E+00  0.516327E-01
  0.193807E+01  0.418931E+00  0.510017E-01
  0.194081E+01  0.458566E+00  0.513963E-01
  0.194354E+01  0.343484E+00  0.508886E-01
  0.194627E+01  0.366377E+00  0.516504E-01
  0.194901E+01  0.393635E+00  0.513312E-01
  0.195174E+01  0.328767E+00  0.509641E-01
  0.195448E+01  0.415044E+00  0.517060E-01
  0.195721E+01  0.430415E+00  0.512548E-01
  0.195995E+01  0.433447E+00  0.509842E-01
  0.196268E+01  0.424994E+00  0.517198E-01
  0.196541E+01  0.348667E+00  0.514848E-01
  0.196815E+01  0.371170E+00  0.513567E-01
  0.197088E+01  0.394201E+00  0.515209E-01
  0.197362E+01  0.407208E+00  0.512639E-01
  0.197635E+01  0.300528E+00  0.512144E-01
  0.197908E+01  0.381069E+00  0.516181E-01
  0.198182E+01  0.329283E+00  0.512195E-01
  0.198455E+01  0.442101E+00  0.512649E-01
  0.198729E+01  0.330214E+00  0.509826E-01
  0.199002E+01  0.439849E+00  0.518378E-01
  0.199275E+01  0.290340E+00  0.517718E-01
  0.199549E+01  0.389560E+00  0.508338E-01
  0.199822E+01  0.424881E+00  0.510813E-01
  0.200096E+01  0.395547E+00  0.511726E-01
  0.200369E+01  0.406679E+00  0.517772E-01
  0.200642E+01  0.394302E+00  0.508460E-01
  0.200916E+01  0.346541E+00  0.512019E-01
  0.201189E+01  0.439497E+00  0.513817E-01
  0.201463E+01  0.283887E+00  0.512781E-01
  0.201736E+01  0.326528E+00  0.511865E-01
  0.202009E+01  0.392906E+00  0.506903E-01
  0.202283E+01  0.334377E+00  0.508983E-01
  0.202556E+01  0.405849E+00  0.515508E-01
  0.202830E+01  0.439660E+00  0.505814E-01
  0.203103E+01  0.406327E+00  0.516476E-01
  0.203376E+01  0.334478E+00  0.516850E-01
  0.203650E+01  0.308164E+00  0.510103E-01
  0.203923E+01  0.316314E+00  0.510947E-01
  0.204197E+01  0.338453E+00  0.514990E-01
  0.204470E+01  0.367774E+00  0.512019E-01
  0.204743E+01  0.352289E+00  0.508334E-01
  0.205017E+01  0.441245E+00  0.509418E-01
  0.205290E+01  0.419233E+00  0.513253E-01
  0.205564E+01  0.324403E+00  0.513738E-01
  0.205837E+01  0.285333E+00  0.513909E-01
  0.206110E+01  0.329786E+00  0.512581E-01
  0.206384E+01  0.324692E+00  0.512399E-01
  0.206657E+01  0.322264E+00  0.511136E-01
  0.206931E+01  0.352126E+00  0.512698E-01
  0.207204E+01  0.284176E+00  0.513484E-01
  0.207477E+01  0.305447E+00  0.513212E-01
  0.207751E+01  0.292189E+00  0.507725E-01
  0.208024E+01  0.357899E+00  0.506372E-01
  0.208298E+01  0.366352E+00  0.508671E-01
  0.208571E+01  0.326289E+00  0.512594E-01
  0.208845E+01  0.397233E+00  0.510351E-01
  0.209118E+01  0.310277E+00  0.514782E-01
  0.209391E+01  0.347082E+00  0.514208E-01
  0.209665E+01  0.308881E+00  0.509775E-01
  0.209938E+01  0.312101E+00  0.506532E-01
  0.210212E+01  0.385975E+00  0.507958E-01
  0.210485E+01  0.280075E+00  0.512512E-01
  0.210758E+01  0.350176E+00  0.508210E-01
  0.211032E+01  0.294654E+00  0.511028E-01
  0.211305E+01  0.308667E+00  0.507199E-01
  0.211579E+01  0.296352E+00  0.506891E-01
  0.211852E+01  0.399270E+00  0.507632E-01
  0.212125E+01  0.320075E+00  0.510894E-01
  0.212399E+01  0.325660E+00  0.509717E-01
  0.212672E+01  0.367723E+00  0.513178E-01
  0.212946E+01  0.298906E+00  0.506778E-01
  0.213219E+01  0.416176E+00  0.516360E-01
  0.213492E+01  0.362126E+00  0.506781E-01
  0.213766E+01  0.327698E+00  0.505577E-01
  0.214039E+01  0.375975E+00  0.508144E-01
  0.214313E+01  0.348088E+00  0.510822E-01
  0.214586E+01  0.318704E+00  0.509232E-01
  0.214859E+01  0.342717E+00  0.505575E-01
  0.215133E+01  0.285182E+00  0.508979E-01
  0.215406E+01  0.341484E+00  0.508300E-01
  0.215680E+01  0.230969E+00  0.504763E-01
  0.215953E+01  0.297862E+00  0.505103E-01
  0.216226E+01  0.275497E+00  0.503913E-01
  0.216500E+01  0.331950E+00  0.504833E-01
  0.216773E+01  0.286981E+00  0.509403E-01
  0.217047E+01  0.274113E+00  0.507011E-01
  0.217320E+01  0.339170E+00  0.506579E-01
  0.217593E+01  0.347698E+00  0.509392E-01
  0.217867E+01  0.296025E+00  0.505049E-01
  0.218140E+01  0.295031E+00  0.509078E-01
  0.218414E+01  0.363774E+00  0.506830E-01
  0.218687E+01  0.253925E+00  0.510487E-01
  0.218960E+01  0.334013E+00  0.507193E-01
  0.219234E+01  0.398075E+00  0.502036E-01
  0.219507E+01  0.261333E+00  0.506255E-01
  0.219781E+01  0.247358E+00  0.502566E-01
  0.220054E+01  0.314503E+00  0.510222E-01
  0.220328E+01  0.299057E+00  0.508646E-01
  0.220601E+01  0.293421E+00  0.505310E-01
  0.220874E+01  0.257912E+00  0.509226E-01
  0.221148E+01  0.295547E+00  0.505339E-01
  0.221421E+01  0.290805E+00  0.503303E-01
  0.221695E+01  0.310730E+00  0.506878E-01
  0.221968E+01  0.284000E+00  0.503701E-01
  0.222241E+01  0.282214E+00  0.506297E-01
  0.222515E+01  0.349925E+00  0.502823E-01
  0.222788E+01  0.299145E+00  0.508239E-01
  0.223062E+01  0.261912E+00  0.502473E-01
  0.223335E+01  0.285472E+00  0.504571E-01
  0.223608E+01  0.272214E+00  0.505732E-01
  0.223882E+01  0.279308E+00  0.502375E-01
  0.224155E+01  0.230704E+00  0.510099E-01
  0.224429E+01  0.267597E+00  0.507991E-01
  0.224702E+01  0.292126E+00  0.505494E-01
  0.224975E+01  0.283547E+00  0.505105E-01
  0.225249E+01  0.330704E+00  0.503658E-01
  0.225522E+01  0.247132E+00  0.504339E-01
  0.225796E+01  0.260893E+00  0.504801E-01
  0.226069E+01  0.289057E+00  0.505901E-01
  0.226342E+01  0.267296E+00  0.506006E-01
  0.226616E+01  0.277459E+00  0.504304E-01
  0.226889E+01  0.315245E+00  0.504195E-01
  0.227163E+01  0.183057E+00  0.505117E-01
  0.227436E+01  0.281774E+00  0.502157E-01
  0.227709E+01  0.294881E+00  0.503338E-01
  0.227983E+01  0.302088E+00  0.505510E-01
  0.228256E+01  0.276101E+00  0.502885E-01
  0.228530E+01  0.270491E+00  0.499628E-01
  0.228803E+01  0.307899E+00  0.503150E-01
  0.229076E+01  0.283912E+00  0.506752E-01
  0.229350E+01  0.320176E+00  0.506266E-01
  0.229623E+01  0.255585E+00  0.498008E-01
  0.229897E+01  0.331824E+00  0.502406E-01
  0.230170E+01  0.263862E+00  0.500260E-01
  0.230443E+01  0.245044E+00  0.503314E-01
  0.230717E+01  0.304654E+00  0.504974E-01
  0.230990E+01  0.318063E+00  0.505980E-01
  0.231264E+01  0.263698E+00  0.504009E-01
  0.231537E+01  0.245484E+00  0.497313E-01
  0.231810E+01  0.401258E+00  0.504393E-01
  0.232084E+01  0.306868E+00  0.501922E-01
  0.232357E+01  0.276327E+00  0.503189E-01
  0.232631E+01  0.287912E+00  0.498000E-01
  0.232904E+01  0.271686E+00  0.501492E-01
  0.233178E+01  0.283635E+00  0.499371E-01
  0.233451E+01  0.330604E+00  0.504310E-01
  0.233724E+01  0.319132E+00  0.498519E-01
  0.233998E+01  0.230264E+00  0.499875E-01
  0.234271E+01  0.294830E+00  0.505563E-01
  0.234545E+01  0.172553E+00  0.505675E-01
  0.234818E+01  0.255434E+00  0.501893E-01
  0.235091E+01  0.195006E+00  0.497906E-01
  0.235365E+01  0.361509E+00  0.501339E-01
  0.235638E+01  0.300805E+00  0.499374E-01
  0.235912E+01  0.297484E+00  0.499928E-01
  0.236185E+01  0.252679E+00  0.501630E-01
  0.236458E+01  0.240113E+00  0.502304E-01
  0.236732E+01  0.312264E+00  0.500596E-01
  0.237005E+01  0.255006E+00  0.499173E-01
  0.237279E+01  0.289887E+00  0.496139E-01
  0.237552E+01  0.307157E+00  0.504102E-01
  0.237825E+01  0.264818E+00  0.500961E-01
  0.238099E+01  0.184692E+00  0.502529E-01
  0.238372E+01  0.294025E+00  0.497329E-01
  0.238646E+01  0.334025E+00  0.500841E-01
  0.238919E+01  0.222075E+00  0.499789E-01
  0.239192E+01  0.342868E+00  0.501696E-01
  0.239466E+01  0.247585E+00  0.503009E-01
  0.239739E+01  0.225019E+00  0.501643E-01
  0.240013E+01  0.233522E+00  0.500262E-01
  0.240286E+01  0.239987E+00  0.500592E-01
  0.240559E+01  0.341182E+00  0.502819E-01
  0.240833E+01  0.346667E+00  0.502652E-01
  0.241106E+01  0.329170E+00  0.499931E-01
  0.241380E+01  0.267736E+00  0.501695E-01
  0.241653E+01  0.243195E+00  0.496897E-01
  0.241926E+01  0.295069E+00  0.498882E-01
  0.242200E+01  0.296830E+00  0.496532E-01
  0.242473E+01  0.317409E+00  0.498484E-01
  0.242747E+01  0.207333E+00  0.500851E-01
  0.243020E+01  0.250365E+00  0.500474E-01
  0.243293E+01  0.265069E+00  0.497760E-01
  0.243567E+01  0.188642E+00  0.499488E-01
  0.243840E+01  0.217195E+00  0.492777E-01
  0.244114E+01  0.370830E+00  0.499764E-01
  0.244387E+01  0.239597E+00  0.494487E-01
  0.244660E+01  0.129069E+00  0.501707E-01
  0.244934E+01  0.322591E+00  0.497042E-01
  0.245207E+01  0.291572E+00  0.498526E-01
  0.245481E+01  0.299044E+00  0.501727E-01
  0.245754E+01  0.362491E+00  0.499105E-01
  0.246028E+01  0.189836E+00  0.496712E-01
  0.246301E+01  0.268164E+00  0.499359E-01
  0.246574E+01  0.253371E+00  0.498665E-01
  0.246848E+01  0.207811E+00  0.495919E-01
  0.247121E+01  0.277094E+00  0.498485E-01
  0.247395E+01  0.211648E+00  0.499281E-01
  0.247668E+01  0.209396E+00  0.498550E-01
  0.247941E+01  0.239195E+00  0.496936E-01
  0.248215E+01  0.268252E+00  0.497859E-01
  0.248488E+01  0.277522E+00  0.497528E-01
  0.248762E+01  0.272730E+00  0.498021E-01
  0.249035E+01  0.216868E+00  0.500384E-01
  0.249308E+01  0.270138E+00  0.494179E-01
  0.249582E+01  0.281170E+00  0.500603E-01
  0.249855E+01  0.268868E+00  0.496516E-01
  0.250129E+01  0.220830E+00  0.494117E-01
  0.250402E+01  0.188302E+00  0.496205E-01
  0.250675E+01  0.287736E+00  0.496223E-01
  0.250949E+01  0.295748E+00  0.496765E-01
  0.251222E+01  0.239069E+00  0.501523E-01
  0.251496E+01  0.251233E+00  0.498131E-01
  0.251769E+01  0.268818E+00  0.493414E-01
  0.252042E+01  0.267044E+00  0.496507E-01
  0.252316E+01  0.212491E+00  0.497718E-01
  0.252589E+01  0.268503E+00  0.496445E-01
  0.252863E+01  0.258214E+00  0.496860E-01
  0.253136E+01  0.277220E+00  0.498921E-01
  0.253409E+01  0.220843E+00  0.490097E-01
  0.253683E+01  0.249094E+00  0.496534E-01
  0.253956E+01  0.173358E+00  0.497141E-01
  0.254230E+01  0.254969E+00  0.498016E-01
  0.254503E+01  0.216730E+00  0.497782E-01
  0.254776E+01  0.273195E+00  0.496431E-01
  0.255050E+01  0.285497E+00  0.497955E-01
  0.255323E+01  0.262302E+00  0.498174E-01
  0.255597E+01  0.260616E+00  0.496598E-01
  0.255870E+01  0.313233E+00  0.493516E-01
  0.256143E+01  0.343535E+00  0.494071E-01
  0.256417E+01  0.240138E+00  0.497130E-01
  0.256690E+01  0.227208E+00  0.490707E-01
  0.256964E+01  0.302692E+00  0.497987E-01
  0.257237E+01  0.284918E+00  0.493408E-01
  0.257510E+01  0.280239E+00  0.492196E-01
  0.257784E+01  0.307698E+00  0.496603E-01
  0.258057E+01  0.342201E+00  0.497967E-01
  0.258331E+01  0.294805E+00  0.551114E-01
  0.258604E+01  0.283509E+00  0.580064E-01
  0.258878E+01  0.317082E+00  0.613967E-01
  0.259151E+01  0.291447E+00  0.629584E-01
  0.259424E+01  0.234780E+00  0.647024E-01
  0.259698E+01  0.210013E+00  0.679278E-01
  0.259971E+01  0.300717E+00  0.702258E-01
  0.260245E+01  0.221019E+00  0.720007E-01
  0.260518E+01  0.379396E+00  0.723696E-01
  0.260791E+01  0.249925E+00  0.762727E-01
  0.261065E+01  0.216075E+00  0.770373E-01
  0.261338E+01  0.398931E+00  0.787270E-01
  0.261612E+01  0.311308E+00  0.643697E-01
  0.261885E+01  0.229258E+00  0.611354E-01
  0.262158E+01  0.263698E+00  0.593440E-01
  0.262432E+01  0.284252E+00  0.588878E-01
  0.262705E+01  0.316918E+00  0.570202E-01
  0.262979E+01  0.251396E+00  0.565251E-01
  0.263252E+01  0.335723E+00  0.553743E-01
  0.263525E+01  0.326138E+00  0.550487E-01
  0.263799E+01  0.278906E+00  0.549050E-01
  0.264072E+01  0.315774E+00  0.544423E-01
  0.264346E+01  0.262025E+00  0.546488E-01
  0.264619E+01  0.257233E+00  0.543697E-01
  0.264892E+01  0.296553E+00  0.542825E-01
  0.265166E+01  0.276692E+00  0.533110E-01
  0.265439E+01  0.341409E+00  0.542292E-01
  0.265713E+01  0.288075E+00  0.539314E-01
  0.265986E+01  0.295031E+00  0.537198E-01
  0.266259E+01  0.226390E+00  0.536400E-01
  0.266533E+01  0.369019E+00  0.536468E-01
  0.266806E+01  0.299119E+00  0.537743E-01
  0.267080E+01  0.237497E+00  0.532577E-01
  0.267353E+01  0.275434E+00  0.530007E-01
  0.267626E+01  0.254050E+00  0.534713E-01
  0.267900E+01  0.245296E+00  0.531810E-01
  0.268173E+01  0.258629E+00  0.530795E-01
  0.268447E+01  0.278629E+00  0.535723E-01
  0.268720E+01  0.296063E+00  0.532420E-01
  0.268993E+01  0.413774E+00  0.537994E-01
  0.269267E+01  0.345899E+00  0.532546E-01
  0.269540E+01  0.346415E+00  0.531417E-01
  0.269814E+01  0.313698E+00  0.530448E-01
  0.270087E+01  0.294679E+00  0.527604E-01
  0.270361E+01  0.219245E+00  0.526146E-01
  0.270634E+01  0.316327E+00  0.523475E-01
  0.270907E+01  0.339245E+00  0.522718E-01
  0.271181E+01  0.367208E+00  0.521003E-01
  0.271454E+01  0.354390E+00  0.518823E-01
  0.271728E+01  0.324390E+00  0.510712E-01
  0.272001E+01  0.166679E+00  0.513290E-01
  0.272274E+01  0.355623E+00  0.503952E-01
  0.272548E+01  0.311723E+00  0.506111E-01
  0.272821E+01  0.244906E+00  0.507758E-01
  0.273095E+01  0.252679E+00  0.503190E-01
  0.273368E+01  0.271358E+00  0.505617E-01
  0.273641E+01  0.318629E+00  0.505138E-01
  0.273915E+01  0.312956E+00  0.505799E-01
  0.274188E+01  0.260881E+00  0.500494E-01
  0.274462E+01  0.329472E+00  0.503779E-01
  0.274735E+01  0.284189E+00  0.500049E-01
  0.275008E+01  0.317522E+00  0.504830E-01
  0.275282E+01  0.292038E+00  0.507708E-01
  0.275555E+01  0.335082E+00  0.507627E-01
  0.275829E+01  0.246931E+00  0.503784E-01
  0.276102E+01  0.350000E+00  0.501815E-01
  0.276375E+01  0.296365E+00  0.508948E-01
  0.276649E+01  0.298629E+00  0.506615E-01
  0.276922E+01  0.249472E+00  0.507045E-01
  0.277196E+01  0.279371E+00  0.496977E-01
  0.277469E+01  0.373333E+00  0.503632E-01
  0.277742E+01  0.370516E+00  0.505876E-01
  0.278016E+01  0.294931E+00  0.502268E-01
  0.278289E+01  0.356906E+00  0.504077E-01
  0.278563E+01  0.229107E+00  0.507436E-01
  0.278836E+01  0.320541E+00  0.501586E-01
  0.279109E+01  0.313459E+00  0.505416E-01
  0.279383E+01  0.274214E+00  0.506861E-01
  0.279656E+01  0.329421E+00  0.503381E-01
  0.279930E+01  0.359874E+00  0.507247E-01
  0.280203E+01  0.226314E+00  0.499964E-01
  0.280476E+01  0.349296E+00  0.505935E-01
  0.280750E+01  0.286994E+00  0.502747E-01
  0.281023E+01  0.269270E+00  0.502062E-01
  0.281297E+01  0.354252E+00  0.502999E-01
  0.281570E+01  0.320667E+00  0.500725E-01
  0.281843E+01  0.404994E+00  0.499365E-01
  0.282117E+01  0.229862E+00  0.501265E-01
  0.282390E+01  0.297975E+00  0.503303E-01
  0.282664E+01  0.237535E+00  0.504392E-01
  0.282937E+01  0.305296E+00  0.503001E-01
  0.283211E+01  0.225862E+00  0.500986E-01
  0.283484E+01  0.289258E+00  0.500903E-01
  0.283757E+01  0.277874E+00  0.500635E-01
  0.284031E+01  0.258390E+00  0.502892E-01
  0.284304E+01  0.290692E+00  0.504059E-01
  0.284578E+01  0.341522E+00  0.502384E-01
  0.284851E+01  0.239346E+00  0.504043E-01
  0.285124E+01  0.324176E+00  0.504161E-01
  0.285398E+01  0.301270E+00  0.499560E-01
  0.285671E+01  0.339623E+00  0.501827E-01
  0.285945E+01  0.318000E+00  0.499775E-01
  0.286218E+01  0.323409E+00  0.501185E-01
  0.286491E+01  0.277019E+00  0.501957E-01
  0.286765E+01  0.348201E+00  0.502967E-01
  0.287038E+01  0.299170E+00  0.503965E-01
  0.287312E+01  0.334113E+00  0.499615E-01
  0.287585E+01  0.344189E+00  0.497734E-01
  0.287858E+01  0.288994E+00  0.498121E-01
  0.288132E+01  0.245220E+00  0.503141E-01
  0.288405E+01  0.311019E+00  0.500316E-01
  0.288679E+01  0.291472E+00  0.501414E-01
  0.288952E+01  0.191421E+00  0.506351E-01
  0.289225E+01  0.279497E+00  0.503658E-01
  0.289499E+01  0.318214E+00  0.501570E-01
  0.289772E+01  0.280943E+00  0.499847E-01
  0.290046E+01  0.330013E+00  0.500114E-01
  0.290319E+01  0.314340E+00  0.498374E-01
  0.290592E+01  0.355447E+00  0.495990E-01
  0.290866E+01  0.265170E+00  0.503509E-01
  0.291139E+01  0.334013E+00  0.501104E-01
  0.291413E+01  0.298302E+00  0.498119E-01
  0.291686E+01  0.323195E+00  0.499792E-01
  0.291959E+01  0.287019E+00  0.498120E-01
  0.292233E+01  0.319648E+00  0.500129E-01
  0.292506E+01  0.273698E+00  0.502623E-01
  0.292780E+01  0.235157E+00  0.496802E-01
  0.293053E+01  0.375975E+00  0.495489E-01
  0.293326E+01  0.256340E+00  0.499103E-01
  0.293600E+01  0.226264E+00  0.500132E-01
  0.293873E+01  0.320465E+00  0.498615E-01
  0.294147E+01  0.355774E+00  0.497584E-01
  0.294420E+01  0.270214E+00  0.496558E-01
  0.294693E+01  0.292742E+00  0.501198E-01
  0.294967E+01  0.335208E+00  0.499725E-01
  0.295240E+01  0.310994E+00  0.499221E-01
  0.295514E+01  0.258415E+00  0.500379E-01
  0.295787E+01  0.280654E+00  0.503899E-01
  0.296061E+01  0.348994E+00  0.494094E-01
  0.296334E+01  0.333497E+00  0.499427E-01
  0.296607E+01  0.326767E+00  0.494621E-01
  0.296881E+01  0.262679E+00  0.498537E-01
  0.297154E+01  0.331748E+00  0.497820E-01
  0.297428E+01  0.324000E+00  0.500213E-01
  0.297701E+01  0.231421E+00  0.497283E-01
  0.297974E+01  0.333648E+00  0.498546E-01
  0.298248E+01  0.323270E+00  0.495086E-01
  0.298521E+01  0.316906E+00  0.498835E-01
  0.298795E+01  0.309836E+00  0.497334E-01
  0.299068E+01  0.333044E+00  0.498704E-01
  0.299341E+01  0.338981E+00  0.496877E-01
  0.299615E+01  0.215736E+00  0.497386E-01
  0.299888E+01  0.276818E+00  0.496064E-01
  0.300162E+01  0.260616E+00  0.497179E-01
  0.300435E+01  0.307006E+00  0.496371E-01
  0.300708E+01  0.313082E+00  0.491402E-01
  0.300982E+01  0.268403E+00  0.499886E-01
  0.301255E+01  0.332629E+00  0.493946E-01
  0.301529E+01  0.331094E+00  0.493550E-01
  0.301802E+01  0.288667E+00  0.492925E-01
  0.302075E+01  0.222050E+00  0.491943E-01
  0.302349E+01  0.331836E+00  0.499211E-01
  0.302622E+01  0.291887E+00  0.490983E-01
  0.302896E+01  0.322214E+00  0.492957E-01
  0.303169E+01  0.294201E+00  0.495771E-01
  0.303442E+01  0.227472E+00  0.497842E-01
  0.303716E+01  0.189585E+00  0.495116E-01
  0.303989E+01  0.303874E+00  0.495521E-01
  0.304263E+01  0.311925E+00  0.498287E-01
  0.304536E+01  0.195623E+00  0.492851E-01
  0.304809E+01  0.256566E+00  0.497233E-01
  0.305083E+01  0.233660E+00  0.497774E-01
  0.305356E+01  0.264767E+00  0.498542E-01
  0.305630E+01  0.336201E+00  0.496209E-01
  0.305903E+01  0.244943E+00  0.497123E-01
  0.306176E+01  0.245044E+00  0.497266E-01
  0.306450E+01  0.324830E+00  0.493220E-01
  0.306723E+01  0.284050E+00  0.495019E-01
  0.306997E+01  0.287761E+00  0.490195E-01
  0.307270E+01  0.270000E+00  0.495001E-01
  0.307543E+01  0.256164E+00  0.492504E-01
  0.307817E+01  0.248503E+00  0.495411E-01
  0.308090E+01  0.243484E+00  0.494569E-01
  0.308364E+01  0.263258E+00  0.487650E-01
  0.308637E+01  0.301384E+00  0.491946E-01
  0.308911E+01  0.346264E+00  0.493809E-01
  0.309184E+01  0.307673E+00  0.496322E-01
  0.309457E+01  0.261107E+00  0.489189E-01
  0.309731E+01  0.272176E+00  0.494294E-01
  0.310004E+01  0.335761E+00  0.492082E-01
  0.310278E+01  0.327346E+00  0.493582E-01
  0.310551E+01  0.360428E+00  0.492906E-01
  0.310824E+01  0.301157E+00  0.493674E-01
  0.311098E+01  0.304050E+00  0.495125E-01
  0.311371E+01  0.286717E+00  0.491656E-01
  0.311645E+01  0.268277E+00  0.491510E-01
  0.311918E+01  0.393371E+00  0.490438E-01
  0.312191E+01  0.331686E+00  0.496942E-01
  0.312465E+01  0.281447E+00  0.488648E-01
  0.312738E+01  0.293182E+00  0.494645E-01
  0.313012E+01  0.393434E+00  0.492682E-01
  0.313285E+01  0.238931E+00  0.496233E-01
  0.313558E+01  0.246679E+00  0.490894E-01
  0.313832E+01  0.228692E+00  0.490728E-01
  0.314105E+01  0.312050E+00  0.495781E-01
  0.314379E+01  0.251245E+00  0.492867E-01
  0.314652E+01  0.304101E+00  0.490611E-01
  0.314925E+01  0.270855E+00  0.491728E-01
  0.315199E+01  0.236075E+00  0.491615E-01
  0.315472E+01  0.304038E+00  0.493157E-01
  0.315746E+01  0.179799E+00  0.487303E-01
  0.316019E+01  0.287975E+00  0.489517E-01
  0.316292E+01  0.287786E+00  0.487998E-01
  0.316566E+01  0.321107E+00  0.494606E-01
  0.316839E+01  0.259208E+00  0.489253E-01
  0.317113E+01  0.375195E+00  0.488873E-01
  0.317386E+01  0.282868E+00  0.490088E-01
  0.317659E+01  0.312390E+00  0.483654E-01
  0.317933E+01  0.284553E+00  0.491297E-01
  0.318206E+01  0.242528E+00  0.488015E-01
  0.318480E+01  0.239623E+00  0.491311E-01
  0.318753E+01  0.252604E+00  0.492833E-01
  0.319026E+01  0.303145E+00  0.482670E-01
  0.319300E+01  0.221912E+00  0.493853E-01
  0.319573E+01  0.270214E+00  0.494653E-01
  0.319847E+01  0.327245E+00  0.491704E-01
  0.320120E+01  0.260730E+00  0.486571E-01
  0.320394E+01  0.324465E+00  0.493285E-01
  0.320667E+01  0.332541E+00  0.489811E-01
  0.320940E+01  0.283157E+00  0.484230E-01
  0.321214E+01  0.260742E+00  0.486513E-01
  0.321487E+01  0.242792E+00  0.485254E-01
  0.321761E+01  0.299082E+00  0.493107E-01
  0.322034E+01  0.227849E+00  0.489872E-01
  0.322307E+01  0.312453E+00  0.487347E-01
  0.322581E+01  0.263333E+00  0.489917E-01
  0.322854E+01  0.338226E+00  0.489420E-01
  0.323128E+01  0.294403E+00  0.491024E-01
  0.323401E+01  0.304289E+00  0.490300E-01
  0.323674E+01  0.217396E+00  0.492072E-01
  0.323948E+01  0.333245E+00  0.490997E-01
  0.324221E+01  0.221459E+00  0.492092E-01
  0.324495E+01  0.140252E+00  0.487062E-01
  0.324768E+01  0.230151E+00  0.489386E-01
  0.325041E+01  0.337937E+00  0.491014E-01
  0.325315E+01  0.266566E+00  0.488183E-01
  0.325588E+01  0.303849E+00  0.489385E-01
  0.325862E+01  0.247434E+00  0.490704E-01
  0.326135E+01  0.314730E+00  0.489917E-01
  0.326408E+01  0.330340E+00  0.488672E-01
  0.326682E+01  0.319333E+00  0.491117E-01
  0.326955E+01  0.356440E+00  0.486358E-01
  0.327229E+01  0.340088E+00  0.486913E-01
  0.327502E+01  0.238981E+00  0.487841E-01
  0.327775E+01  0.227610E+00  0.486268E-01
  0.328049E+01  0.272591E+00  0.487361E-01
  0.328322E+01  0.211597E+00  0.488119E-01
  0.328596E+01  0.237119E+00  0.487388E-01
  0.328869E+01  0.288528E+00  0.486188E-01
  0.329142E+01  0.265585E+00  0.488689E-01
  0.329416E+01  0.228679E+00  0.484640E-01
  0.329689E+01  0.267119E+00  0.484804E-01
  0.329963E+01  0.211937E+00  0.491238E-01
  0.330236E+01  0.290126E+00  0.487876E-01
  0.330509E+01  0.334692E+00  0.488285E-01
  0.330783E+01  0.305686E+00  0.488629E-01
  0.331056E+01  0.283107E+00  0.490858E-01
  0.331330E+01  0.250566E+00  0.487537E-01
  0.331603E+01  0.223950E+00  0.487115E-01
  0.331876E+01  0.286214E+00  0.489232E-01
  0.332150E+01  0.228843E+00  0.484978E-01
  0.332423E+01  0.250151E+00  0.490934E-01
  0.332697E+01  0.207774E+00  0.490717E-01
  0.332970E+01  0.234000E+00  0.490169E-01
  0.333244E+01  0.281950E+00  0.481835E-01
  0.333517E+01  0.241899E+00  0.485962E-01
  0.333790E+01  0.268063E+00  0.491660E-01
  0.334064E+01  0.301509E+00  0.490945E-01
  0.334337E+01  0.301220E+00  0.486080E-01
  0.334611E+01  0.322667E+00  0.488598E-01
  0.334884E+01  0.334365E+00  0.485783E-01
  0.335157E+01  0.199358E+00  0.478615E-01
  0.335431E+01  0.271182E+00  0.487224E-01
  0.335704E+01  0.232792E+00  0.484315E-01
  0.335978E+01  0.205736E+00  0.485452E-01
  0.336251E+01  0.275396E+00  0.481681E-01
  0.336524E+01  0.261925E+00  0.485533E-01
  0.336798E+01  0.245962E+00  0.486122E-01
  0.337071E+01  0.235409E+00  0.489652E-01
  0.337345E+01  0.229824E+00  0.485557E-01
  0.337618E+01  0.222591E+00  0.485258E-01
  0.337891E+01  0.202692E+00  0.482255E-01
  0.338165E+01  0.245245E+00  0.483178E-01
  0.338438E+01  0.248252E+00  0.485767E-01
  0.338712E+01  0.271635E+00  0.482882E-01
  0.338985E+01  0.304415E+00  0.483787E-01
  0.339258E+01  0.258516E+00  0.487227E-01
  0.339532E+01  0.189296E+00  0.488272E-01
  0.339805E+01  0.251572E+00  0.486199E-01
  0.340079E+01  0.303069E+00  0.488631E-01
  0.340352E+01  0.295623E+00  0.485006E-01
  0.340625E+01  0.237899E+00  0.483439E-01
  0.340899E+01  0.186780E+00  0.484568E-01
  0.341172E+01  0.281937E+00  0.483995E-01
  0.341446E+01  0.210440E+00  0.484426E-01
  0.341719E+01  0.279748E+00  0.484402E-01
  0.341992E+01  0.281119E+00  0.482822E-01
  0.342266E+01  0.184340E+00  0.482328E-01
  0.342539E+01  0.245182E+00  0.482274E-01
  0.342813E+01  0.258730E+00  0.486714E-01
  0.343086E+01  0.271887E+00  0.484386E-01
  0.343359E+01  0.159975E+00  0.482969E-01
  0.343633E+01  0.185019E+00  0.482704E-01
  0.343906E+01  0.282566E+00  0.484290E-01
  0.344180E+01  0.278138E+00  0.484614E-01
  0.344453E+01  0.284591E+00  0.482297E-01
  0.344726E+01  0.235597E+00  0.484879E-01
  0.345000E+01  0.201723E+00  0.480915E-01
  0.345273E+01  0.186780E+00  0.482204E-01
  0.345547E+01  0.261572E+00  0.485763E-01
  0.345820E+01  0.230566E+00  0.479845E-01
  0.346094E+01  0.232742E+00  0.485185E-01
  0.346367E+01  0.240616E+00  0.486615E-01
  0.346640E+01  0.294201E+00  0.482593E-01
  0.346914E+01  0.182352E+00  0.484061E-01
  0.347187E+01  0.213723E+00  0.488057E-01
  0.347461E+01  0.244969E+00  0.482977E-01
  0.347734E+01  0.233887E+00  0.483175E-01
  0.348007E+01  0.254742E+00  0.483554E-01
  0.348281E+01  0.172604E+00  0.483603E-01
  0.348554E+01  0.212176E+00  0.485623E-01
  0.348828E+01  0.232704E+00  0.483548E-01
  0.349101E+01  0.216403E+00  0.478340E-01
  0.349374E+01  0.199019E+00  0.483090E-01
  0.349648E+01  0.261409E+00  0.480066E-01
  0.349921E+01  0.257107E+00  0.483293E-01
  0.350195E+01  0.230805E+00  0.485898E-01
  0.350468E+01  0.222780E+00  0.486973E-01
  0.350741E+01  0.298101E+00  0.483456E-01
  0.351015E+01  0.209044E+00  0.484180E-01
  0.351288E+01  0.158755E+00  0.480970E-01
  0.351562E+01  0.238126E+00  0.480969E-01
  0.351835E+01  0.240453E+00  0.487090E-01
  0.352108E+01  0.267547E+00  0.485829E-01
  0.352382E+01  0.140465E+00  0.480604E-01
  0.352655E+01  0.240654E+00  0.485787E-01
  0.352929E+01  0.153686E+00  0.483014E-01
  0.353202E+01  0.220415E+00  0.483896E-01
  0.353475E+01  0.239270E+00  0.483817E-01
  0.353749E+01  0.239006E+00  0.486737E-01
  0.354022E+01  0.210553E+00  0.479920E-01
  0.354296E+01  0.198340E+00  0.484352E-01
  0.354569E+01  0.225623E+00  0.481206E-01
  0.354842E+01  0.185371E+00  0.481633E-01
  0.355116E+01  0.255044E+00  0.482136E-01
  0.355389E+01  0.461308E+00  0.493842E-01
  0.355663E+01  0.207987E+00  0.482107E-01
  0.355936E+01  0.263069E+00  0.481247E-01
  0.356209E+01  0.276931E+00  0.484872E-01
  0.356483E+01  0.237220E+00  0.487622E-01
  0.356756E+01  0.163774E+00  0.485479E-01
  0.357030E+01  0.156050E+00  0.479020E-01
  0.357303E+01  0.220956E+00  0.480727E-01
  0.357577E+01  0.229296E+00  0.477372E-01
  0.357850E+01  0.264101E+00  0.482100E-01
  0.358123E+01  0.201836E+00  0.481792E-01
  0.358397E+01  0.233547E+00  0.482352E-01
  0.358670E+01  0.166881E+00  0.479259E-01
  0.358944E+01  0.265572E+00  0.480467E-01
  0.359217E+01  0.205245E+00  0.479911E-01
  0.359490E+01  0.192478E+00  0.483669E-01
  0.359764E+01  0.173887E+00  0.483511E-01
  0.360037E+01  0.172566E+00  0.480147E-01
  0.360311E+01  0.213358E+00  0.481090E-01
  0.360584E+01  0.219484E+00  0.479462E-01
  0.360857E+01  0.186906E+00  0.477036E-01
  0.361131E+01  0.228918E+00  0.481416E-01
  0.361404E+01  0.222176E+00  0.479335E-01
  0.361678E+01  0.173736E+00  0.478581E-01
  0.361951E+01  0.258931E+00  0.480364E-01
  0.362224E+01  0.238365E+00  0.482262E-01
  0.362498E+01  0.245220E+00  0.485592E-01
  0.362771E+01  0.285673E+00  0.478429E-01
  0.363045E+01  0.171107E+00  0.476937E-01
  0.363318E+01  0.228365E+00  0.481978E-01
  0.363591E+01  0.269459E+00  0.479924E-01
  0.363865E+01  0.210075E+00  0.478322E-01
  0.364138E+01  0.191396E+00  0.482637E-01
  0.364412E+01  0.210616E+00  0.482101E-01
  0.364685E+01  0.203384E+00  0.482826E-01
  0.364958E+01  0.257233E+00  0.484267E-01
  0.365232E+01  0.240289E+00  0.478433E-01
  0.365505E+01  0.215396E+00  0.477188E-01
  0.365779E+01  0.292088E+00  0.483031E-01
  0.366052E+01  0.326956E+00  0.481055E-01
  0.366325E+01  0.262440E+00  0.481455E-01
  0.366599E+01  0.207283E+00  0.485455E-01
  0.366872E+01  0.203233E+00  0.481541E-01
  0.367146E+01  0.265195E+00  0.478633E-01
  0.367419E+01  0.264214E+00  0.478278E-01
  0.367692E+01  0.169308E+00  0.479419E-01
  0.367966E+01  0.204692E+00  0.482305E-01
  0.368239E+01  0.218528E+00  0.480980E-01
  0.368513E+01  0.222679E+00  0.481044E-01
  0.368786E+01  0.169484E+00  0.481213E-01
  0.369059E+01  0.239472E+00  0.480573E-01
  0.369333E+01  0.276428E+00  0.483000E-01
  0.369606E+01  0.215233E+00  0.483954E-01
  0.369880E+01  0.227786E+00  0.482146E-01
  0.370153E+01  0.209585E+00  0.478873E-01
  0.370427E+01  0.234855E+00  0.475631E-01
  0.370700E+01  0.229987E+00  0.479376E-01
  0.370973E+01  0.327585E+00  0.483687E-01
  0.371247E+01  0.220465E+00  0.478696E-01
  0.371520E+01  0.187031E+00  0.479967E-01
  0.371794E+01  0.189950E+00  0.482739E-01
  0.372067E+01  0.230377E+00  0.482226E-01
  0.372340E+01  0.245396E+00  0.479705E-01
  0.372614E+01  0.226050E+00  0.481417E-01
  0.372887E+01  0.213748E+00  0.485981E-01
  0.373161E+01  0.234541E+00  0.481465E-01
  0.373434E+01  0.233572E+00  0.480970E-01
  0.373707E+01  0.299547E+00  0.479905E-01
  0.373981E+01  0.255711E+00  0.480006E-01
  0.374254E+01  0.219283E+00  0.479388E-01
  0.374528E+01  0.159660E+00  0.479013E-01
  0.374801E+01  0.150302E+00  0.475119E-01
  0.375074E+01  0.296365E+00  0.479625E-01
  0.375348E+01  0.279811E+00  0.489645E-01
  0.375621E+01  0.152792E+00  0.479767E-01
  0.375895E+01  0.289182E+00  0.482328E-01
  0.376168E+01  0.161333E+00  0.481332E-01
  0.376441E+01  0.249623E+00  0.480971E-01
  0.376715E+01  0.211786E+00  0.482413E-01
  0.376988E+01  0.187560E+00  0.479170E-01
  0.377262E+01  0.178642E+00  0.477804E-01
  0.377535E+01  0.248792E+00  0.477957E-01
  0.377808E+01  0.274780E+00  0.480111E-01
  0.378082E+01  0.168981E+00  0.476886E-01
  0.378355E+01  0.263333E+00  0.480172E-01
  0.378629E+01  0.212692E+00  0.480432E-01
  0.378902E+01  0.254088E+00  0.480546E-01
  0.379175E+01  0.220792E+00  0.479126E-01
  0.379449E+01  0.161799E+00  0.480265E-01
  0.379722E+01  0.230000E+00  0.479968E-01
  0.379996E+01  0.148704E+00  0.483807E-01
  0.380269E+01  0.141711E+00  0.479166E-01
  0.380542E+01  0.194792E+00  0.476733E-01
  0.380816E+01  0.194390E+00  0.478582E-01
  0.381089E+01  0.141031E+00  0.480943E-01
  0.381363E+01  0.179333E+00  0.481575E-01
  0.381636E+01  0.212893E+00  0.479891E-01
  0.381909E+01  0.144704E+00  0.470593E-01
  0.382183E+01  0.172314E+00  0.481545E-01
  0.382456E+01  0.258767E+00  0.479570E-01
  0.382730E+01  0.286579E+00  0.479601E-01
  0.383003E+01  0.208893E+00  0.476840E-01
  0.383277E+01  0.239937E+00  0.474833E-01
  0.383550E+01  0.192591E+00  0.479388E-01
  0.383823E+01  0.190390E+00  0.481054E-01
  0.384097E+01  0.252767E+00  0.476626E-01
  0.384370E+01  0.233220E+00  0.476712E-01
  0.384644E+01  0.237660E+00  0.470928E-01
  0.384917E+01  0.264013E+00  0.478809E-01
  0.385190E+01  0.221610E+00  0.477038E-01
  0.385464E+01  0.192252E+00  0.477760E-01
  0.385737E+01  0.223145E+00  0.479709E-01
  0.386011E+01  0.219723E+00  0.478749E-01
  0.386284E+01  0.165623E+00  0.471781E-01
  0.386557E+01  0.273950E+00  0.480291E-01
  0.386831E+01  0.221761E+00  0.476074E-01
  0.387104E+01  0.181296E+00  0.477432E-01
  0.387378E+01  0.223145E+00  0.478110E-01
  0.387651E+01  0.245962E+00  0.479889E-01
  0.387924E+01  0.184352E+00  0.474960E-01
  0.388198E+01  0.249723E+00  0.479975E-01
  0.388471E+01  0.140277E+00  0.479234E-01
  0.388745E+01  0.246893E+00  0.476235E-01
  0.389018E+01  0.970943E-01  0.476374E-01
  0.389291E+01  0.314553E+00  0.477343E-01
  0.389565E+01  0.242088E+00  0.480649E-01
  0.389838E+01  0.224428E+00  0.477152E-01
  0.390112E+01  0.190277E+00  0.473957E-01
  0.390385E+01  0.197195E+00  0.476209E-01
  0.390658E+01  0.186943E+00  0.475020E-01
  0.390932E+01  0.217673E+00  0.477600E-01
  0.391205E+01  0.274352E+00  0.479617E-01
  0.391479E+01  0.233673E+00  0.479760E-01
  0.391752E+01  0.286465E+00  0.477756E-01
  0.392025E+01  0.145044E+00  0.477586E-01
  0.392299E+01  0.214503E+00  0.474834E-01
  0.392572E+01  0.251082E+00  0.474011E-01
  0.392846E+01  0.236113E+00  0.474437E-01
  0.393119E+01  0.224667E+00  0.472943E-01
  0.393392E+01  0.242327E+00  0.476143E-01
  0.393666E+01  0.187623E+00  0.547295E-01
  0.393939E+01  0.972201E-01  0.585530E-01
  0.394213E+01  0.160830E+00  0.599216E-01
  0.394486E+01  0.124679E+00  0.653662E-01
  0.394759E+01  0.181874E+00  0.689750E-01
  0.395033E+01  0.356667E+00  0.709243E-01
  0.395306E+01  0.435987E+00  0.743520E-01
  0.395580E+01  0.134390E+00  0.750055E-01
  0.395853E+01  0.212126E+00  0.789704E-01
  0.396127E+01  0.384189E+00  0.819480E-01
  0.396400E+01  0.257208E+00  0.619491E-01
  0.396673E+01  0.165686E+00  0.575382E-01
  0.396947E+01  0.276038E+00  0.564931E-01
  0.397220E+01  0.131786E+00  0.549246E-01
  0.397494E+01  0.276465E+00  0.533625E-01
  0.397767E+01  0.181384E+00  0.533266E-01
  0.398040E+01  0.225258E+00  0.528248E-01
  0.398314E+01  0.227736E+00  0.525362E-01
  0.398587E+01  0.275170E+00  0.526934E-01
  0.398861E+01  0.197912E+00  0.526162E-01
  0.399134E+01  0.212780E+00  0.522134E-01
  0.399407E+01  0.203660E+00  0.519565E-01
  0.399681E+01  0.328491E+00  0.518241E-01
  0.399954E+01  0.297258E+00  0.518630E-01
  0.400228E+01  0.290654E+00  0.512802E-01
  0.400501E+01  0.279887E+00  0.516226E-01
  0.400774E+01  0.255862E+00  0.512485E-01
  0.401048E+01  0.267560E+00  0.509776E-01
  0.401321E+01  0.132956E+00  0.507531E-01
  0.401595E+01  0.127761E+00  0.503089E-01
  0.401868E+01  0.821761E-01  0.504026E-01
  0.402141E+01  0.184881E+00  0.492780E-01
  0.402415E+01  0.221761E+00  0.490011E-01
  0.402688E+01  0.285849E+00  0.489765E-01
  0.402962E+01  0.251811E+00  0.481093E-01
  0.403235E+01  0.261975E+00  0.481224E-01
  0.403508E+01  0.986541E-01  0.481177E-01
  0.403782E+01  0.242025E+00  0.473731E-01
  0.404055E+01  0.209057E+00  0.479203E-01
  0.404329E+01  0.215623E+00  0.475790E-01
  0.404602E+01  0.172239E+00  0.474336E-01
  0.404875E+01  0.179874E+00  0.476768E-01
  0.405149E+01  0.189321E+00  0.476666E-01
  0.405422E+01  0.175220E+00  0.480274E-01
  0.405696E+01  0.187786E+00  0.476828E-01
  0.405969E+01  0.161195E+00  0.474200E-01
  0.406242E+01  0.224742E+00  0.478455E-01
  0.406516E+01  0.160881E+00  0.473610E-01
  0.406789E+01  0.144491E+00  0.471826E-01
  0.407063E+01  0.170377E+00  0.471852E-01
  0.407336E+01  0.172616E+00  0.476306E-01
  0.407610E+01  0.169270E+00  0.475219E-01
  0.407883E+01  0.176038E+00  0.478215E-01
  0.408156E+01  0.257774E+00  0.477000E-01
  0.408430E+01  0.148453E+00  0.480030E-01
  0.408703E+01  0.213912E+00  0.476435E-01
  0.408977E+01  0.141371E+00  0.475732E-01
  0.409250E+01  0.238755E+00  0.476286E-01
  0.409523E+01  0.138805E+00  0.479379E-01
  0.409797E+01  0.197019E+00  0.471229E-01
  0.410070E+01  0.199459E+00  0.475327E-01
  0.410344E+01  0.189333E+00  0.479593E-01
  0.410617E+01  0.156226E+00  0.472433E-01
  0.410890E+01  0.163346E+00  0.473190E-01
  0.411164E+01  0.182352E+00  0.470416E-01
  0.411437E+01  0.172252E+00  0.478276E-01
  0.411711E+01  0.217899E+00  0.479585E-01
  0.411984E+01  0.823899E-01  0.474586E-01
  0.412257E+01  0.195899E+00  0.472182E-01
  0.412531E+01  0.199912E+00  0.471341E-01
  0.412804E+01  0.193346E+00  0.474347E-01
  0.413078E+01  0.238025E+00  0.472629E-01
  0.413351E+01  0.190692E+00  0.471232E-01
  0.413624E+01  0.172453E+00  0.472804E-01
  0.413898E+01  0.214252E+00  0.474763E-01
  0.414171E+01  0.132289E+00  0.472994E-01
  0.414445E+01  0.218365E+00  0.476860E-01
  0.414718E+01  0.190730E+00  0.474975E-01
  0.414991E+01  0.248981E+00  0.476280E-01
  0.415265E+01  0.215333E+00  0.471670E-01
  0.415538E+01  0.195811E+00  0.475394E-01
  0.415812E+01  0.215472E+00  0.473049E-01
  0.416085E+01  0.227522E+00  0.470676E-01
  0.416358E+01  0.229472E+00  0.472920E-01
  0.416632E+01  0.196704E+00  0.474072E-01
  0.416905E+01  0.178126E+00  0.471642E-01
  0.417179E+01  0.218491E+00  0.473591E-01
  0.417452E+01  0.128742E+00  0.469005E-01
  0.417725E+01  0.259686E+00  0.475240E-01
  0.417999E+01  0.250189E+00  0.472005E-01
  0.418272E+01  0.155723E+00  0.476412E-01
  0.418546E+01  0.124642E+00  0.473433E-01
  0.418819E+01  0.247597E+00  0.474807E-01
  0.419092E+01  0.166881E+00  0.472922E-01
  0.419366E+01  0.165283E+00  0.469663E-01
  0.419639E+01  0.230969E+00  0.476773E-01
  0.419913E+01  0.159975E+00  0.473170E-01
  0.420186E+01  0.182365E+00  0.473114E-01
  0.420460E+01  0.161836E+00  0.472769E-01
  0.420733E+01  0.188767E+00  0.473125E-01
  0.421006E+01  0.180164E+00  0.467172E-01
  0.421280E+01  0.173849E+00  0.472697E-01
  0.421553E+01  0.937358E-01  0.472701E-01
  0.421827E+01  0.150528E+00  0.469667E-01
  0.422100E+01  0.279132E+00  0.471315E-01
  0.422373E+01  0.128415E+00  0.471627E-01
  0.422647E+01  0.198465E+00  0.472992E-01
  0.422920E+01  0.229132E+00  0.475445E-01
  0.423194E+01  0.149698E+00  0.468603E-01
  0.423467E+01  0.181610E+00  0.472411E-01
  0.423740E+01  0.168390E+00  0.467458E-01
  0.424014E+01  0.161748E+00  0.471541E-01
  0.424287E+01  0.156314E+00  0.471229E-01
  0.424561E+01  0.198566E+00  0.470799E-01
  0.424834E+01  0.880881E-01  0.466976E-01
  0.425107E+01  0.217623E+00  0.465408E-01
  0.425381E+01  0.268868E+00  0.470467E-01
  0.425654E+01  0.205031E+00  0.467141E-01
  0.425928E+01  0.117245E+00  0.474111E-01
  0.426201E+01  0.209019E+00  0.469047E-01
  0.426474E+01  0.217950E+00  0.471229E-01
  0.426748E+01  0.144616E+00  0.470055E-01
  0.427021E+01  0.270377E+00  0.470198E-01
  0.427295E+01  0.204164E+00  0.467586E-01
  0.427568E+01  0.136113E+00  0.468858E-01
  0.427841E+01  0.147849E+00  0.472613E-01
  0.428115E+01  0.163547E+00  0.471430E-01
  0.428388E+01  0.201195E+00  0.463748E-01
  0.428662E+01  0.109786E+00  0.470959E-01
  0.428935E+01  0.197107E+00  0.467516E-01
  0.429208E+01  0.225560E+00  0.469476E-01
  0.429482E+01  0.213950E+00  0.467115E-01
  0.429755E+01  0.171333E+00  0.467366E-01
  0.430029E+01  0.134314E+00  0.469356E-01
  0.430302E+01  0.164013E+00  0.466693E-01
  0.430575E+01  0.220277E+00  0.464128E-01
  0.430849E+01  0.181572E+00  0.467879E-01
  0.431122E+01  0.805786E-01  0.467875E-01
  0.431396E+01  0.989434E-01  0.470386E-01
  0.431669E+01  0.243610E+00  0.468109E-01
  0.431942E+01  0.186302E+00  0.470046E-01
  0.432216E+01  0.141170E+00  0.468737E-01
  0.432489E+01  0.134792E+00  0.467318E-01
  0.432763E+01  0.147321E+00  0.469299E-01
  0.433036E+01  0.187673E+00  0.463531E-01
  0.433310E+01  0.209862E+00  0.470110E-01
  0.433583E+01  0.169862E+00  0.466754E-01
  0.433856E+01  0.192654E+00  0.465269E-01
  0.434130E+01  0.236000E+00  0.461730E-01
  0.434403E+01  0.200881E+00  0.465368E-01
  0.434677E+01  0.881132E-01  0.467134E-01
  0.434950E+01  0.193698E+00  0.469477E-01
  0.435223E+01  0.201044E+00  0.463590E-01
  0.435497E+01  0.202352E+00  0.464485E-01
  0.435770E+01  0.211044E+00  0.465593E-01
  0.436044E+01  0.208616E+00  0.465041E-01
  0.436317E+01  0.171182E+00  0.470235E-01
  0.436590E+01  0.207635E+00  0.466074E-01
  0.436864E+01  0.224088E+00  0.468125E-01
  0.437137E+01  0.102063E+00  0.465319E-01
  0.437411E+01  0.161006E+00  0.468709E-01
  0.437684E+01  0.142277E+00  0.467533E-01
  0.437957E+01  0.175686E+00  0.464505E-01
  0.438231E+01  0.189925E+00  0.468572E-01
  0.438504E+01  0.121006E+00  0.470514E-01
  0.438778E+01  0.193031E+00  0.463662E-01
  0.439051E+01  0.103270E+00  0.462095E-01
  0.439324E+01  0.201145E+00  0.463709E-01
  0.439598E+01  0.958994E-01  0.465308E-01
  0.439871E+01  0.153635E+00  0.462002E-01
  0.440145E+01  0.172201E+00  0.463461E-01
  0.440418E+01  0.104113E+00  0.468088E-01
  0.440691E+01  0.150805E+00  0.467849E-01
  0.440965E+01  0.195824E+00  0.468335E-01
  0.441238E+01  0.165950E+00  0.466072E-01
  0.441512E+01  0.175170E+00  0.466067E-01
  0.441785E+01  0.151761E+00  0.469041E-01
  0.442058E+01  0.169811E+00  0.462652E-01
  0.442332E+01  0.193132E+00  0.469954E-01
  0.442605E+01  0.164013E+00  0.465347E-01
  0.442879E+01  0.186201E+00  0.462871E-01
  0.443152E+01  0.164239E+00  0.461770E-01
  0.443425E+01  0.175975E+00  0.463358E-01
  0.443699E+01  0.146956E+00  0.462510E-01
  0.443972E+01  0.149484E+00  0.461271E-01
  0.444246E+01  0.222667E+00  0.462034E-01
  0.444519E+01  0.803019E-01  0.469534E-01
  0.444792E+01  0.218579E+00  0.459078E-01
  0.445066E+01  0.132717E+00  0.465252E-01
  0.445339E+01  0.200629E+00  0.465107E-01
  0.445613E+01  0.120491E+00  0.462045E-01
  0.445886E+01  0.199170E+00  0.459775E-01
  0.446160E+01  0.148704E+00  0.462516E-01
  0.446433E+01  0.132742E+00  0.460523E-01
  0.446706E+01  0.147572E+00  0.461060E-01
  0.446980E+01  0.110415E+00  0.460962E-01
  0.447253E+01  0.144340E+00  0.463169E-01
  0.447527E+01  0.113597E+00  0.458777E-01
  0.447800E+01  0.194566E+00  0.460475E-01
  0.448073E+01  0.149258E+00  0.458518E-01
  0.448347E+01  0.816101E-01  0.460229E-01
  0.448620E+01  0.192428E+00  0.462593E-01
  0.448894E+01  0.172465E+00  0.463516E-01
  0.449167E+01  0.196478E+00  0.462981E-01
  0.449440E+01  0.134302E+00  0.465407E-01
  0.449714E+01  0.139937E+00  0.461211E-01
  0.449987E+01  0.153421E+00  0.464700E-01
  0.450261E+01  0.184000E+00  0.458839E-01
  0.450534E+01  0.189170E+00  0.460654E-01
  0.450807E+01  0.150704E+00  0.463370E-01
  0.451081E+01  0.137597E+00  0.464897E-01
  0.451354E+01  0.187698E+00  0.465413E-01
  0.451628E+01  0.109547E+00  0.459791E-01
  0.451901E+01  0.148553E+00  0.464585E-01
  0.452174E+01  0.198969E+00  0.462929E-01
  0.452448E+01  0.126314E+00  0.458225E-01
  0.452721E+01  0.346667E-01  0.464118E-01
  0.452995E+01  0.114830E+00  0.463939E-01
  0.453268E+01  0.170616E+00  0.460448E-01
  0.453541E+01  0.116289E+00  0.462488E-01
  0.453815E+01  0.927673E-01  0.460816E-01
  0.454088E+01  0.167082E+00  0.465090E-01
  0.454362E+01  0.229509E+00  0.460884E-01
  0.454635E+01  0.108805E+00  0.465461E-01
  0.454908E+01  0.973836E-01  0.460645E-01
  0.455182E+01  0.916352E-01  0.460932E-01
  0.455455E+01  0.203887E+00  0.459105E-01
  0.455729E+01  0.202591E+00  0.467032E-01
  0.456002E+01  0.180075E+00  0.462279E-01
  0.456275E+01  0.699623E-01  0.463311E-01
  0.456549E+01  0.726289E-01  0.461227E-01
  0.456822E+01  0.164138E+00  0.461411E-01
  0.457096E+01  0.198792E+00  0.459579E-01
  0.457369E+01  0.117484E+00  0.459882E-01
  0.457643E+01  0.124113E+00  0.462175E-01
  0.457916E+01  0.231283E+00  0.462047E-01
  0.458189E+01  0.219107E+00  0.464233E-01
  0.458463E+01  0.131233E+00  0.459533E-01
  0.458736E+01  0.185698E+00  0.458718E-01
  0.459010E+01  0.114075E+00  0.464981E-01
  0.459283E+01  0.149044E+00  0.465820E-01
  0.459556E+01  0.210604E+00  0.461260E-01
  0.459830E+01  0.101472E+00  0.466841E-01
  0.460103E+01  0.677862E-01  0.460439E-01
  0.460377E+01  0.192289E+00  0.462570E-01
  0.460650E+01  0.149962E+00  0.463149E-01
  0.460923E+01  0.199648E+00  0.462312E-01
  0.461197E+01  0.109069E+00  0.461252E-01
  0.461470E+01  0.159006E+00  0.463401E-01
  0.461744E+01  0.125447E+00  0.459537E-01
  0.462017E+01  0.232302E+00  0.460404E-01
  0.462290E+01  0.149170E+00  0.458455E-01
  0.462564E+01  0.112704E+00  0.456868E-01
  0.462837E+01  0.668428E-01  0.464471E-01
  0.463111E+01  0.183019E+00  0.461966E-01
  0.463384E+01  0.115572E+00  0.462470E-01
  0.463657E+01  0.107736E+00  0.462834E-01
  0.463931E+01  0.132616E+00  0.457157E-01
  0.464204E+01  0.118340E+00  0.460203E-01
  0.464478E+01  0.190629E+00  0.462769E-01
  0.464751E+01  0.193472E+00  0.463683E-01
  0.465024E+01  0.125308E+00  0.460356E-01
  0.465298E+01  0.657862E-01  0.460070E-01
  0.465571E+01  0.985283E-01  0.464143E-01
  0.465845E+01  0.106038E+00  0.462665E-01
  0.466118E+01  0.174855E+00  0.461031E-01
  0.466391E+01  0.188994E+00  0.458304E-01
  0.466665E+01  0.139119E+00  0.454960E-01
  0.466938E+01  0.962893E-01  0.455529E-01
  0.467212E+01  0.877358E-01  0.460385E-01
  0.467485E+01  0.171245E+00  0.456724E-01
  0.467758E+01  0.112415E+00  0.458695E-01
  0.468032E+01  0.189371E+00  0.457671E-01
  0.468305E+01  0.182277E+00  0.458364E-01
  0.468579E+01  0.120138E+00  0.458312E-01
  0.468852E+01  0.912453E-01  0.462004E-01
  0.469125E+01  0.612327E-01  0.458235E-01
  0.469399E+01  0.175195E+00  0.461230E-01
  0.469672E+01  0.144981E+00  0.463067E-01
  0.469946E+01  0.167270E+00  0.456283E-01
  0.470219E+01  0.126591E+00  0.459781E-01
  0.470493E+01  0.105535E+00  0.459917E-01
  0.470766E+01  0.136063E+00  0.460525E-01
  0.471039E+01  0.188755E+00  0.457943E-01
  0.471313E+01  0.113082E+00  0.459598E-01
  0.471586E+01  0.100654E+00  0.456524E-01
  0.471860E+01  0.151434E+00  0.462804E-01
  0.472133E+01  0.110969E+00  0.461316E-01
  0.472406E+01  0.173774E+00  0.460890E-01
  0.472680E+01  0.828805E-01  0.457364E-01
  0.472953E+01  0.112176E+00  0.460413E-01
  0.473227E+01  0.105497E+00  0.460515E-01
  0.473500E+01  0.267925E-01  0.459664E-01
  0.473773E+01  0.198075E+00  0.457709E-01
  0.474047E+01  0.112931E+00  0.460463E-01
  0.474320E+01  0.122818E+00  0.463066E-01
  0.474594E+01  0.148453E+00  0.461660E-01
  0.474867E+01  0.184792E+00  0.457778E-01
  0.475140E+01  0.102000E+00  0.462677E-01
  0.475414E+01  0.107673E+00  0.455215E-01
  0.475687E+01  0.156428E+00  0.460754E-01
  0.475961E+01  0.172440E+00  0.463897E-01
  0.476234E+01  0.178818E+00  0.458576E-01
  0.476507E+01  0.124956E+00  0.456947E-01
  0.476781E+01  0.204101E+00  0.456216E-01
  0.477054E+01  0.158201E+00  0.463205E-01
  0.477328E+01  0.934088E-01  0.458345E-01
  0.477601E+01  0.162440E+00  0.462657E-01
  0.477874E+01  0.178314E+00  0.460332E-01
  0.478148E+01  0.177145E+00  0.461645E-01
  0.478421E+01  0.977358E-01  0.460600E-01
  0.478695E+01  0.212553E+00  0.461666E-01
  0.478968E+01  0.879371E-01  0.460005E-01
  0.479241E+01  0.915346E-01  0.458848E-01
  0.479515E+01  0.136428E+00  0.460957E-01
  0.479788E+01  0.186075E+00  0.458838E-01
  0.480062E+01  0.125195E+00  0.455637E-01
  0.480335E+01  0.219472E+00  0.460643E-01
  0.480608E+01  0.999623E-01  0.463117E-01
  0.480882E+01  0.102352E+00  0.461425E-01
  0.481155E+01  0.239182E+00  0.461095E-01
  0.481429E+01  0.200428E+00  0.456504E-01
  0.481702E+01  0.139774E+00  0.459109E-01
  0.481975E+01  0.129119E+00  0.456922E-01
  0.482249E+01  0.164868E+00  0.462762E-01
  0.482522E+01  0.102918E+00  0.457216E-01
  0.482796E+01  0.129195E+00  0.462455E-01
  0.483069E+01  0.214943E+00  0.457994E-01
  0.483343E+01  0.106906E+00  0.459235E-01
  0.483616E+01  0.659623E-01  0.456853E-01
  0.483889E+01  0.120075E+00  0.460977E-01
  0.484163E+01  0.201484E+00  0.462534E-01
  0.484436E+01  0.146277E+00  0.457871E-01
  0.484710E+01  0.109849E+00  0.456577E-01
  0.484983E+01  0.140717E+00  0.456457E-01
  0.485256E+01  0.182503E+00  0.455443E-01
  0.485530E+01  0.155157E+00  0.457189E-01
  0.485803E+01  0.819874E-01  0.459767E-01
  0.486077E+01  0.134453E+00  0.458413E-01
  0.486350E+01  0.125472E+00  0.459379E-01
  0.486623E+01  0.266503E+00  0.459370E-01
  0.486897E+01  0.179019E+00  0.460171E-01
  0.487170E+01  0.202403E+00  0.457408E-01
  0.487444E+01  0.134088E+00  0.457967E-01
  0.487717E+01  0.161836E+00  0.453173E-01
  0.487990E+01  0.975975E-01  0.459589E-01
  0.488264E+01  0.127258E+00  0.466680E-01
  0.488537E+01  0.125686E+00  0.456763E-01
  0.488811E+01  0.135786E+00  0.459336E-01
  0.489084E+01  0.122075E+00  0.459814E-01
  0.489357E+01  0.169384E+00  0.464241E-01
  0.489631E+01  0.123673E+00  0.458700E-01
  0.489904E+01  0.122692E+00  0.456811E-01
  0.490178E+01  0.219723E+00  0.460065E-01
  0.490451E+01  0.150189E+00  0.452882E-01
  0.490724E+01  0.171057E+00  0.461041E-01
  0.490998E+01  0.186314E+00  0.458210E-01
  0.491271E+01  0.151648E+00  0.460935E-01
  0.491545E+01  0.657987E-01  0.460338E-01
  0.491818E+01  0.195132E+00  0.459653E-01
  0.492091E+01  0.110264E+00  0.458293E-01
  0.492365E+01  0.123283E+00  0.455517E-01
  0.492638E+01  0.890818E-01  0.458753E-01
  0.492912E+01  0.234214E+00  0.460847E-01
  0.493185E+01  0.158969E+00  0.457378E-01
  0.493458E+01  0.184981E+00  0.458388E-01
  0.493732E+01  0.108541E+00  0.459235E-01
  0.494005E+01  0.122377E+00  0.462204E-01
  0.494279E+01  0.190314E+00  0.460249E-01
  0.494552E+01  0.182176E+00  0.459659E-01
  0.494825E+01  0.131912E+00  0.461884E-01
  0.495099E+01  0.171145E+00  0.459453E-01
  0.495372E+01  0.183925E+00  0.452414E-01
  0.495646E+01  0.162277E+00  0.458617E-01
  0.495919E+01  0.169761E+00  0.458904E-01
  0.496193E+01  0.169472E+00  0.457701E-01
  0.496466E+01  0.130541E+00  0.458023E-01
  0.496739E+01  0.115409E+00  0.462017E-01
  0.497013E+01  0.179421E+00  0.459676E-01
  0.497286E+01  0.152855E+00  0.459738E-01
  0.497560E+01  0.158302E+00  0.459068E-01
  0.497833E+01  0.205409E+00  0.459661E-01
  0.498106E+01  0.243107E+00  0.457743E-01
  0.498380E+01  0.915472E-01  0.463278E-01
  0.498653E+01  0.263786E+00  0.460366E-01
  0.498927E+01  0.149434E+00  0.456644E-01
  0.499200E+01  0.991698E-01  0.458795E-01
  0.499473E+01  0.130289E+00  0.462098E-01
  0.499747E+01  0.130377E+00  0.460334E-01
  0.500020E+01  0.159585E+00  0.457657E-01
