  0.191019E+00  0.936848E+02  0.555357E+00
  0.193753E+00  0.928343E+02  0.547491E+00
  0.196487E+00  0.921119E+02  0.533514E+00
  0.199221E+00  0.906852E+02  0.524165E+00
  0.201955E+00  0.901846E+02  0.501017E+00
  0.204689E+00  0.890032E+02  0.500041E+00
  0.207423E+00  0.879655E+02  0.487415E+00
  0.210157E+00  0.870300E+02  0.481276E+00
  0.212891E+00  0.865944E+02  0.470674E+00
  0.215625E+00  0.848045E+02  0.456262E+00
  0.218359E+00  0.841546E+02  0.455309E+00
  0.221093E+00  0.832654E+02  0.441545E+00
  0.223827E+00  0.824638E+02  0.435035E+00
  0.226561E+00  0.817805E+02  0.428991E+00
  0.229295E+00  0.806952E+02  0.420122E+00
  0.232029E+00  0.803250E+02  0.419738E+00
  0.234764E+00  0.792495E+02  0.405583E+00
  0.237498E+00  0.783664E+02  0.407754E+00
  0.240232E+00  0.769205E+02  0.395280E+00
  0.242966E+00  0.760931E+02  0.390873E+00
  0.245700E+00  0.754163E+02  0.388691E+00
  0.248434E+00  0.742481E+02  0.374581E+00
  0.251168E+00  0.735640E+02  0.376229E+00
  0.253902E+00  0.726357E+02  0.369157E+00
  0.256636E+00  0.720031E+02  0.362027E+00
  0.259370E+00  0.709067E+02  0.354546E+00
  0.262104E+00  0.702897E+02  0.347642E+00
  0.264838E+00  0.695900E+02  0.348122E+00
  0.267572E+00  0.686238E+02  0.339163E+00
  0.270306E+00  0.676186E+02  0.333837E+00
  0.273040E+00  0.668131E+02  0.330874E+00
  0.275774E+00  0.663000E+02  0.322852E+00
  0.278508E+00  0.655360E+02  0.324608E+00
  0.281242E+00  0.647853E+02  0.314451E+00
  0.283976E+00  0.634398E+02  0.311403E+00
  0.286710E+00  0.629195E+02  0.308211E+00
  0.289444E+00  0.623345E+02  0.302519E+00
  0.292178E+00  0.612241E+02  0.299041E+00
  0.294912E+00  0.609170E+02  0.293986E+00
  0.297647E+00  0.597436E+02  0.290433E+00
  0.300381E+00  0.594557E+02  0.288556E+00
  0.303115E+00  0.584228E+02  0.283077E+00
  0.305849E+00  0.579276E+02  0.279560E+00
  0.308583E+00  0.571875E+02  0.276375E+00
  0.311317E+00  0.565207E+02  0.272316E+00
  0.314051E+00  0.556788E+02  0.269826E+00
  0.316785E+00  0.552972E+02  0.264706E+00
  0.319519E+00  0.544002E+02  0.262596E+00
  0.322253E+00  0.538481E+02  0.260614E+00
  0.324987E+00  0.532564E+02  0.256582E+00
  0.327721E+00  0.527889E+02  0.253254E+00
  0.330455E+00  0.520600E+02  0.250167E+00
  0.333189E+00  0.512102E+02  0.247591E+00
  0.335923E+00  0.505699E+02  0.244898E+00
  0.338657E+00  0.501628E+02  0.241564E+00
  0.341391E+00  0.494828E+02  0.237270E+00
  0.344125E+00  0.490510E+02  0.237201E+00
  0.346859E+00  0.483298E+02  0.234992E+00
  0.349593E+00  0.478726E+02  0.234304E+00
  0.352327E+00  0.469437E+02  0.227666E+00
  0.355061E+00  0.468221E+02  0.226920E+00
  0.357795E+00  0.459364E+02  0.223886E+00
  0.360530E+00  0.452996E+02  0.222277E+00
  0.363264E+00  0.449298E+02  0.220650E+00
  0.365998E+00  0.441317E+02  0.215467E+00
  0.368732E+00  0.438294E+02  0.215428E+00
  0.371466E+00  0.433314E+02  0.215301E+00
  0.374200E+00  0.426586E+02  0.209399E+00
  0.376934E+00  0.422208E+02  0.209461E+00
  0.379668E+00  0.419237E+02  0.206966E+00
  0.382402E+00  0.414222E+02  0.205817E+00
  0.385136E+00  0.407703E+02  0.203644E+00
  0.387870E+00  0.401888E+02  0.199275E+00
  0.390604E+00  0.398043E+02  0.199754E+00
  0.393338E+00  0.391821E+02  0.196069E+00
  0.396072E+00  0.390545E+02  0.195886E+00
  0.398806E+00  0.385352E+02  0.192215E+00
  0.401540E+00  0.379130E+02  0.191506E+00
  0.404274E+00  0.375976E+02  0.191031E+00
  0.407008E+00  0.371240E+02  0.187983E+00
  0.409742E+00  0.365039E+02  0.185167E+00
  0.412476E+00  0.360229E+02  0.183203E+00
  0.415210E+00  0.355280E+02  0.182211E+00
  0.417944E+00  0.350771E+02  0.181704E+00
  0.420678E+00  0.346064E+02  0.176703E+00
  0.423413E+00  0.341782E+02  0.176960E+00
  0.426147E+00  0.338452E+02  0.173204E+00
  0.428881E+00  0.333153E+02  0.173588E+00
  0.431615E+00  0.329566E+02  0.171575E+00
  0.434349E+00  0.326220E+02  0.168728E+00
  0.437083E+00  0.321258E+02  0.169125E+00
  0.439817E+00  0.317998E+02  0.165969E+00
  0.442551E+00  0.311371E+02  0.164366E+00
  0.445285E+00  0.308412E+02  0.161558E+00
  0.448019E+00  0.304197E+02  0.161130E+00
  0.450753E+00  0.301125E+02  0.160175E+00
  0.453487E+00  0.296995E+02  0.157615E+00
  0.456221E+00  0.295169E+02  0.157435E+00
  0.458955E+00  0.289080E+02  0.153801E+00
  0.461689E+00  0.285493E+02  0.154169E+00
  0.464423E+00  0.279347E+02  0.151767E+00
  0.467157E+00  0.276963E+02  0.148857E+00
  0.469891E+00  0.274920E+02  0.149955E+00
  0.472625E+00  0.270595E+02  0.147590E+00
  0.475359E+00  0.267990E+02  0.146529E+00
  0.478093E+00  0.264489E+02  0.144574E+00
  0.480827E+00  0.261173E+02  0.142987E+00
  0.483561E+00  0.257926E+02  0.142957E+00
  0.486296E+00  0.251437E+02  0.139864E+00
  0.489030E+00  0.250245E+02  0.139994E+00
  0.491764E+00  0.247038E+02  0.137512E+00
  0.494498E+00  0.244447E+02  0.136303E+00
  0.497232E+00  0.240035E+02  0.135655E+00
  0.499966E+00  0.236747E+02  0.133970E+00
  0.502700E+00  0.233538E+02  0.132063E+00
  0.505434E+00  0.230207E+02  0.131119E+00
  0.508168E+00  0.230171E+02  0.131488E+00
  0.510902E+00  0.226005E+02  0.130266E+00
  0.513636E+00  0.223134E+02  0.127927E+00
  0.516370E+00  0.220963E+02  0.128217E+00
  0.519104E+00  0.217790E+02  0.126902E+00
  0.521838E+00  0.216855E+02  0.126347E+00
  0.524572E+00  0.210309E+02  0.124273E+00
  0.527306E+00  0.210344E+02  0.122996E+00
  0.530040E+00  0.207643E+02  0.122979E+00
  0.532774E+00  0.204504E+02  0.120820E+00
  0.535508E+00  0.204069E+02  0.121323E+00
  0.538242E+00  0.200475E+02  0.120352E+00
  0.540976E+00  0.197222E+02  0.118348E+00
  0.543710E+00  0.194653E+02  0.117853E+00
  0.546445E+00  0.190220E+02  0.115517E+00
  0.549179E+00  0.188322E+02  0.115295E+00
  0.551913E+00  0.184899E+02  0.113198E+00
  0.554647E+00  0.182895E+02  0.113130E+00
  0.557381E+00  0.180003E+02  0.112150E+00
  0.560115E+00  0.178168E+02  0.109922E+00
  0.562849E+00  0.175790E+02  0.109680E+00
  0.565583E+00  0.173887E+02  0.109008E+00
  0.568317E+00  0.171320E+02  0.108808E+00
  0.571051E+00  0.167733E+02  0.106172E+00
  0.573785E+00  0.166335E+02  0.105956E+00
  0.576519E+00  0.164843E+02  0.105335E+00
  0.579253E+00  0.162130E+02  0.104902E+00
  0.581987E+00  0.158301E+02  0.102569E+00
  0.584721E+00  0.158772E+02  0.103442E+00
  0.587455E+00  0.157478E+02  0.102737E+00
  0.590189E+00  0.153525E+02  0.101145E+00
  0.592923E+00  0.151967E+02  0.101178E+00
  0.595657E+00  0.149920E+02  0.992087E-01
  0.598391E+00  0.146158E+02  0.981397E-01
  0.601125E+00  0.144592E+02  0.980911E-01
  0.603859E+00  0.143665E+02  0.973021E-01
  0.606593E+00  0.141005E+02  0.955581E-01
  0.609328E+00  0.139578E+02  0.958947E-01
  0.612062E+00  0.138672E+02  0.948885E-01
  0.614796E+00  0.134922E+02  0.944594E-01
  0.617530E+00  0.133426E+02  0.928053E-01
  0.620264E+00  0.131765E+02  0.929070E-01
  0.622998E+00  0.130259E+02  0.922179E-01
  0.625732E+00  0.129610E+02  0.915119E-01
  0.628466E+00  0.126228E+02  0.897952E-01
  0.631200E+00  0.123966E+02  0.889680E-01
  0.633934E+00  0.122539E+02  0.898700E-01
  0.636668E+00  0.121323E+02  0.884831E-01
  0.639402E+00  0.118543E+02  0.873358E-01
  0.642136E+00  0.117782E+02  0.866373E-01
  0.644870E+00  0.116286E+02  0.860694E-01
  0.647604E+00  0.114691E+02  0.860739E-01
  0.650338E+00  0.112039E+02  0.845831E-01
  0.653072E+00  0.110915E+02  0.834338E-01
  0.655806E+00  0.110105E+02  0.844240E-01
  0.658540E+00  0.107417E+02  0.818534E-01
  0.661274E+00  0.106381E+02  0.832637E-01
  0.664008E+00  0.104298E+02  0.808185E-01
  0.666742E+00  0.102551E+02  0.805722E-01
  0.669476E+00  0.102212E+02  0.802363E-01
  0.672211E+00  0.100262E+02  0.796772E-01
  0.674945E+00  0.999292E+01  0.800727E-01
  0.677679E+00  0.965485E+01  0.775113E-01
  0.680413E+00  0.961003E+01  0.786504E-01
  0.683147E+00  0.951199E+01  0.781724E-01
  0.685881E+00  0.935454E+01  0.769661E-01
  0.688615E+00  0.920760E+01  0.770132E-01
  0.691349E+00  0.911058E+01  0.756669E-01
  0.694083E+00  0.893539E+01  0.756294E-01
  0.696817E+00  0.880658E+01  0.748479E-01
  0.699551E+00  0.860694E+01  0.733654E-01
  0.702285E+00  0.847556E+01  0.739371E-01
  0.705019E+00  0.841021E+01  0.735842E-01
  0.707753E+00  0.827588E+01  0.732253E-01
  0.710487E+00  0.816553E+01  0.716664E-01
  0.713221E+00  0.815439E+01  0.717378E-01
  0.715955E+00  0.793328E+01  0.715885E-01
  0.718689E+00  0.784313E+01  0.712571E-01
  0.721423E+00  0.780566E+01  0.705384E-01
  0.724157E+00  0.765888E+01  0.699668E-01
  0.726891E+00  0.746781E+01  0.689479E-01
  0.729625E+00  0.741139E+01  0.689033E-01
  0.732359E+00  0.720690E+01  0.682759E-01
  0.735094E+00  0.708712E+01  0.678253E-01
  0.737828E+00  0.700534E+01  0.664484E-01
  0.740562E+00  0.699606E+01  0.673479E-01
  0.743296E+00  0.682881E+01  0.667553E-01
  0.746030E+00  0.666198E+01  0.656147E-01
  0.748764E+00  0.656045E+01  0.652261E-01
  0.751498E+00  0.648799E+01  0.651905E-01
  0.754232E+00  0.649601E+01  0.651324E-01
  0.756966E+00  0.642300E+01  0.643330E-01
  0.759700E+00  0.633655E+01  0.644653E-01
  0.762434E+00  0.624989E+01  0.641832E-01
  0.765168E+00  0.614521E+01  0.640778E-01
  0.767902E+00  0.608606E+01  0.634052E-01
  0.770636E+00  0.601289E+01  0.631000E-01
  0.773370E+00  0.594727E+01  0.630823E-01
  0.776104E+00  0.573320E+01  0.620477E-01
  0.778838E+00  0.579671E+01  0.618857E-01
  0.781572E+00  0.558540E+01  0.610122E-01
  0.784306E+00  0.556487E+01  0.611954E-01
  0.787040E+00  0.548493E+01  0.612383E-01
  0.789774E+00  0.542306E+01  0.604969E-01
  0.792508E+00  0.534849E+01  0.604029E-01
  0.795242E+00  0.522237E+01  0.604130E-01
  0.797977E+00  0.523382E+01  0.603536E-01
  0.800711E+00  0.512023E+01  0.609820E-01
  0.803445E+00  0.506926E+01  0.593949E-01
  0.806179E+00  0.504079E+01  0.605964E-01
  0.808913E+00  0.494959E+01  0.598160E-01
  0.811647E+00  0.486703E+01  0.598499E-01
  0.814381E+00  0.482757E+01  0.593101E-01
  0.817115E+00  0.477819E+01  0.589344E-01
  0.819849E+00  0.461654E+01  0.595837E-01
  0.822583E+00  0.468358E+01  0.593813E-01
  0.825317E+00  0.457473E+01  0.589986E-01
  0.828051E+00  0.455909E+01  0.587335E-01
  0.830785E+00  0.446964E+01  0.581497E-01
  0.833519E+00  0.446259E+01  0.591913E-01
  0.836253E+00  0.442070E+01  0.584933E-01
  0.838987E+00  0.431212E+01  0.580386E-01
  0.841721E+00  0.420850E+01  0.585836E-01
  0.844455E+00  0.419959E+01  0.578055E-01
  0.847189E+00  0.416771E+01  0.583568E-01
  0.849923E+00  0.413130E+01  0.569856E-01
  0.852657E+00  0.400569E+01  0.577051E-01
  0.855391E+00  0.394293E+01  0.573518E-01
  0.858125E+00  0.391385E+01  0.577315E-01
  0.860860E+00  0.397556E+01  0.574101E-01
  0.863594E+00  0.378061E+01  0.564489E-01
  0.866328E+00  0.386760E+01  0.570600E-01
  0.869062E+00  0.380612E+01  0.570243E-01
  0.871796E+00  0.371425E+01  0.566043E-01
  0.874530E+00  0.370160E+01  0.565561E-01
  0.877264E+00  0.368336E+01  0.563335E-01
  0.879998E+00  0.359074E+01  0.569098E-01
  0.882732E+00  0.355037E+01  0.565548E-01
  0.885466E+00  0.352560E+01  0.558104E-01
  0.888200E+00  0.357560E+01  0.560151E-01
  0.890934E+00  0.344640E+01  0.556091E-01
  0.893668E+00  0.336017E+01  0.558358E-01
  0.896402E+00  0.334056E+01  0.556219E-01
  0.899136E+00  0.338424E+01  0.553378E-01
  0.901870E+00  0.337713E+01  0.551658E-01
  0.904604E+00  0.322755E+01  0.554110E-01
  0.907338E+00  0.325076E+01  0.551056E-01
  0.910072E+00  0.327736E+01  0.553379E-01
  0.912806E+00  0.315933E+01  0.552166E-01
  0.915540E+00  0.324003E+01  0.545014E-01
  0.918274E+00  0.317915E+01  0.552887E-01
  0.921009E+00  0.315704E+01  0.551334E-01
  0.923743E+00  0.308528E+01  0.548971E-01
  0.926477E+00  0.303712E+01  0.550421E-01
  0.929211E+00  0.299383E+01  0.538083E-01
  0.931945E+00  0.301353E+01  0.545173E-01
  0.934679E+00  0.302779E+01  0.543644E-01
  0.937413E+00  0.303863E+01  0.547519E-01
  0.940147E+00  0.297980E+01  0.546162E-01
  0.942881E+00  0.290093E+01  0.540238E-01
  0.945615E+00  0.292030E+01  0.549181E-01
  0.948349E+00  0.286181E+01  0.535727E-01
  0.951083E+00  0.293034E+01  0.541017E-01
  0.953817E+00  0.276739E+01  0.538783E-01
  0.956551E+00  0.279076E+01  0.536632E-01
  0.959285E+00  0.273844E+01  0.544914E-01
  0.962019E+00  0.284253E+01  0.537012E-01
  0.964753E+00  0.270816E+01  0.537837E-01
  0.967487E+00  0.279708E+01  0.536802E-01
  0.970221E+00  0.270949E+01  0.534852E-01
  0.972955E+00  0.270562E+01  0.537248E-01
  0.975689E+00  0.265309E+01  0.532606E-01
  0.978423E+00  0.261625E+01  0.541892E-01
  0.981157E+00  0.266083E+01  0.531110E-01
  0.983892E+00  0.266975E+01  0.541873E-01
  0.986626E+00  0.259589E+01  0.534490E-01
  0.989360E+00  0.263739E+01  0.533600E-01
  0.992094E+00  0.260699E+01  0.536047E-01
  0.994828E+00  0.253694E+01  0.526911E-01
  0.997562E+00  0.249950E+01  0.529545E-01
  0.100030E+01  0.250815E+01  0.526474E-01
  0.100303E+01  0.255419E+01  0.529498E-01
  0.100576E+01  0.254843E+01  0.527772E-01
  0.100850E+01  0.247986E+01  0.528366E-01
  0.101123E+01  0.253265E+01  0.532006E-01
  0.101397E+01  0.243959E+01  0.523578E-01
  0.101670E+01  0.235509E+01  0.529031E-01
  0.101943E+01  0.242065E+01  0.529565E-01
  0.102217E+01  0.238321E+01  0.525805E-01
  0.102490E+01  0.237849E+01  0.528494E-01
  0.102764E+01  0.241522E+01  0.519264E-01
  0.103037E+01  0.236035E+01  0.529983E-01
  0.103310E+01  0.241979E+01  0.524122E-01
  0.103584E+01  0.234702E+01  0.524837E-01
  0.103857E+01  0.241319E+01  0.527785E-01
  0.104131E+01  0.236618E+01  0.523508E-01
  0.104404E+01  0.231700E+01  0.526468E-01
  0.104677E+01  0.234136E+01  0.518270E-01
  0.104951E+01  0.232190E+01  0.523749E-01
  0.105224E+01  0.230411E+01  0.523776E-01
  0.105498E+01  0.226039E+01  0.520614E-01
  0.105771E+01  0.220683E+01  0.522635E-01
  0.106044E+01  0.230784E+01  0.515936E-01
  0.106318E+01  0.221893E+01  0.518699E-01
  0.106591E+01  0.214227E+01  0.514564E-01
  0.106865E+01  0.218527E+01  0.515488E-01
  0.107138E+01  0.223081E+01  0.522939E-01
  0.107411E+01  0.218112E+01  0.513596E-01
  0.107685E+01  0.217199E+01  0.522033E-01
  0.107958E+01  0.219870E+01  0.511477E-01
  0.108232E+01  0.216273E+01  0.514675E-01
  0.108505E+01  0.217314E+01  0.519867E-01
  0.108779E+01  0.218335E+01  0.513373E-01
  0.109052E+01  0.221617E+01  0.524777E-01
  0.109325E+01  0.210088E+01  0.509559E-01
  0.109599E+01  0.211273E+01  0.514001E-01
  0.109872E+01  0.207754E+01  0.517550E-01
  0.110146E+01  0.209868E+01  0.516803E-01
  0.110419E+01  0.212012E+01  0.516821E-01
  0.110692E+01  0.211567E+01  0.512622E-01
  0.110966E+01  0.212916E+01  0.512815E-01
  0.111239E+01  0.210157E+01  0.511993E-01
  0.111513E+01  0.205785E+01  0.507120E-01
  0.111786E+01  0.206037E+01  0.515759E-01
  0.112059E+01  0.198138E+01  0.506720E-01
  0.112333E+01  0.199815E+01  0.509563E-01
  0.112606E+01  0.194581E+01  0.511885E-01
  0.112880E+01  0.194904E+01  0.506985E-01
  0.113153E+01  0.201491E+01  0.511962E-01
  0.113426E+01  0.200252E+01  0.508383E-01
  0.113700E+01  0.195903E+01  0.509461E-01
  0.113973E+01  0.203586E+01  0.508283E-01
  0.114247E+01  0.194279E+01  0.511247E-01
  0.114520E+01  0.186745E+01  0.508765E-01
  0.114793E+01  0.192001E+01  0.507928E-01
  0.115067E+01  0.201040E+01  0.510604E-01
  0.115340E+01  0.196061E+01  0.509707E-01
  0.115614E+01  0.187148E+01  0.503957E-01
  0.115887E+01  0.197149E+01  0.505543E-01
  0.116160E+01  0.185375E+01  0.505725E-01
  0.116434E+01  0.185283E+01  0.503236E-01
  0.116707E+01  0.188886E+01  0.508734E-01
  0.116981E+01  0.186525E+01  0.502784E-01
  0.117254E+01  0.191824E+01  0.502269E-01
  0.117527E+01  0.181030E+01  0.503431E-01
  0.117801E+01  0.180798E+01  0.505017E-01
  0.118074E+01  0.183533E+01  0.504763E-01
  0.118348E+01  0.182007E+01  0.500934E-01
  0.118621E+01  0.184425E+01  0.504203E-01
  0.118894E+01  0.184702E+01  0.503963E-01
  0.119168E+01  0.184661E+01  0.501535E-01
  0.119441E+01  0.186679E+01  0.504861E-01
  0.119715E+01  0.177128E+01  0.499979E-01
  0.119988E+01  0.177550E+01  0.500851E-01
  0.120262E+01  0.174726E+01  0.496769E-01
  0.120535E+01  0.180547E+01  0.497421E-01
  0.120808E+01  0.168050E+01  0.498167E-01
  0.121082E+01  0.167541E+01  0.497856E-01
  0.121355E+01  0.172313E+01  0.501432E-01
  0.121629E+01  0.173081E+01  0.499083E-01
  0.121902E+01  0.177530E+01  0.496180E-01
  0.122175E+01  0.170287E+01  0.497439E-01
  0.122449E+01  0.175434E+01  0.498287E-01
  0.122722E+01  0.168260E+01  0.498754E-01
  0.122996E+01  0.179110E+01  0.529451E-01
  0.123269E+01  0.168554E+01  0.542780E-01
  0.123816E+01  0.171370E+01  0.558960E-01
  0.124089E+01  0.161603E+01  0.567868E-01
  0.124363E+01  0.161237E+01  0.584145E-01
  0.124636E+01  0.163380E+01  0.593195E-01
  0.124909E+01  0.150081E+01  0.594426E-01
  0.125183E+01  0.173314E+01  0.613405E-01
  0.125456E+01  0.164057E+01  0.603635E-01
  0.125730E+01  0.166842E+01  0.618094E-01
  0.126003E+01  0.161231E+01  0.634146E-01
  0.126276E+01  0.164726E+01  0.642199E-01
  0.126550E+01  0.158710E+01  0.580388E-01
  0.126823E+01  0.159558E+01  0.564911E-01
  0.127097E+01  0.164543E+01  0.553820E-01
  0.127370E+01  0.148936E+01  0.544973E-01
  0.127643E+01  0.151323E+01  0.529217E-01
  0.127917E+01  0.155321E+01  0.529166E-01
  0.128190E+01  0.152408E+01  0.523347E-01
  0.128464E+01  0.142077E+01  0.522725E-01
  0.128737E+01  0.152668E+01  0.519971E-01
  0.129010E+01  0.151901E+01  0.517825E-01
  0.129284E+01  0.152075E+01  0.510101E-01
  0.129557E+01  0.146563E+01  0.508957E-01
  0.129831E+01  0.139329E+01  0.498703E-01
  0.130104E+01  0.147170E+01  0.508227E-01
  0.130377E+01  0.155493E+01  0.496063E-01
  0.130651E+01  0.144122E+01  0.493018E-01
  0.130924E+01  0.147121E+01  0.501380E-01
  0.131198E+01  0.136960E+01  0.495793E-01
  0.131471E+01  0.142008E+01  0.493666E-01
  0.131744E+01  0.138279E+01  0.489137E-01
  0.132018E+01  0.138587E+01  0.494935E-01
  0.132291E+01  0.136527E+01  0.497023E-01
  0.132565E+01  0.142471E+01  0.490018E-01
  0.132838E+01  0.132617E+01  0.487696E-01
  0.133112E+01  0.133080E+01  0.487375E-01
  0.133385E+01  0.134610E+01  0.491708E-01
  0.133658E+01  0.139646E+01  0.495934E-01
  0.133932E+01  0.143390E+01  0.483551E-01
  0.134205E+01  0.141108E+01  0.490448E-01
  0.134479E+01  0.139261E+01  0.490559E-01
  0.134752E+01  0.135754E+01  0.491412E-01
  0.135025E+01  0.130464E+01  0.486637E-01
  0.135299E+01  0.137004E+01  0.487751E-01
  0.135572E+01  0.128990E+01  0.488613E-01
  0.135846E+01  0.129683E+01  0.487805E-01
  0.136119E+01  0.130695E+01  0.478195E-01
  0.136392E+01  0.131851E+01  0.485515E-01
  0.136666E+01  0.136449E+01  0.484598E-01
  0.136939E+01  0.126433E+01  0.482092E-01
  0.137213E+01  0.125715E+01  0.480414E-01
  0.137486E+01  0.123996E+01  0.481364E-01
  0.137759E+01  0.128528E+01  0.482259E-01
  0.138033E+01  0.128289E+01  0.482519E-01
  0.138306E+01  0.128171E+01  0.483832E-01
  0.138580E+01  0.125841E+01  0.479926E-01
  0.138853E+01  0.124762E+01  0.477244E-01
  0.139126E+01  0.123722E+01  0.478297E-01
  0.139400E+01  0.111032E+01  0.470915E-01
  0.139673E+01  0.118865E+01  0.482963E-01
  0.139947E+01  0.119977E+01  0.477869E-01
  0.140220E+01  0.123164E+01  0.479282E-01
  0.140493E+01  0.111544E+01  0.475878E-01
  0.140767E+01  0.119556E+01  0.475018E-01
  0.141040E+01  0.109225E+01  0.477927E-01
  0.141314E+01  0.113202E+01  0.482663E-01
  0.141587E+01  0.112758E+01  0.475843E-01
  0.141860E+01  0.108723E+01  0.475483E-01
  0.142134E+01  0.110678E+01  0.472372E-01
  0.142407E+01  0.114122E+01  0.476551E-01
  0.142681E+01  0.103652E+01  0.472127E-01
  0.142954E+01  0.117038E+01  0.473554E-01
  0.143227E+01  0.111850E+01  0.469755E-01
  0.143501E+01  0.110546E+01  0.475454E-01
  0.143774E+01  0.108674E+01  0.469497E-01
  0.144048E+01  0.109417E+01  0.470675E-01
  0.144321E+01  0.104548E+01  0.465889E-01
  0.144594E+01  0.110307E+01  0.473887E-01
  0.144868E+01  0.104859E+01  0.472656E-01
  0.145141E+01  0.940424E+00  0.472581E-01
  0.145415E+01  0.102302E+01  0.466094E-01
  0.145688E+01  0.105780E+01  0.468616E-01
  0.145962E+01  0.976896E+00  0.468623E-01
  0.146235E+01  0.104899E+01  0.465303E-01
  0.146508E+01  0.997840E+00  0.468054E-01
  0.146782E+01  0.102862E+01  0.465305E-01
  0.147055E+01  0.100870E+01  0.462603E-01
  0.147329E+01  0.974957E+00  0.459095E-01
  0.147602E+01  0.989822E+00  0.460916E-01
  0.147875E+01  0.100021E+01  0.454329E-01
  0.148149E+01  0.983792E+00  0.456627E-01
  0.148422E+01  0.911527E+00  0.454495E-01
  0.148696E+01  0.899674E+00  0.457576E-01
  0.148969E+01  0.850973E+00  0.448711E-01
  0.149242E+01  0.906755E+00  0.453204E-01
  0.149516E+01  0.935892E+00  0.454323E-01
  0.149789E+01  0.935570E+00  0.452340E-01
  0.150063E+01  0.987678E+00  0.456479E-01
  0.150336E+01  0.986445E+00  0.453158E-01
  0.150609E+01  0.995092E+00  0.458143E-01
  0.150883E+01  0.923462E+00  0.450220E-01
  0.151156E+01  0.910074E+00  0.450897E-01
  0.151430E+01  0.905272E+00  0.452865E-01
  0.151703E+01  0.867609E+00  0.456604E-01
  0.151976E+01  0.961622E+00  0.448711E-01
  0.152250E+01  0.863505E+00  0.450949E-01
  0.152523E+01  0.829811E+00  0.448029E-01
  0.152797E+01  0.915176E+00  0.451443E-01
  0.153070E+01  0.868287E+00  0.449614E-01
  0.153343E+01  0.809849E+00  0.448837E-01
  0.153617E+01  0.963071E+00  0.452748E-01
  0.153890E+01  0.812729E+00  0.443466E-01
  0.154164E+01  0.893610E+00  0.452905E-01
  0.154437E+01  0.829229E+00  0.445351E-01
  0.154710E+01  0.860576E+00  0.448226E-01
  0.154984E+01  0.799286E+00  0.448362E-01
  0.155257E+01  0.848395E+00  0.448670E-01
  0.155531E+01  0.828113E+00  0.444605E-01
  0.155804E+01  0.848158E+00  0.450003E-01
  0.156077E+01  0.757335E+00  0.443989E-01
  0.156351E+01  0.835504E+00  0.451778E-01
  0.156624E+01  0.838639E+00  0.449132E-01
  0.156898E+01  0.754871E+00  0.442062E-01
  0.157171E+01  0.798472E+00  0.444386E-01
  0.157444E+01  0.829840E+00  0.450920E-01
  0.157718E+01  0.726179E+00  0.447366E-01
  0.157991E+01  0.772704E+00  0.446111E-01
  0.158265E+01  0.750983E+00  0.441553E-01
  0.158538E+01  0.820656E+00  0.447288E-01
  0.158812E+01  0.839730E+00  0.446581E-01
  0.159085E+01  0.776856E+00  0.438658E-01
  0.159358E+01  0.726476E+00  0.440884E-01
  0.159632E+01  0.736030E+00  0.440468E-01
  0.159905E+01  0.750818E+00  0.443263E-01
  0.160179E+01  0.703211E+00  0.443627E-01
  0.160452E+01  0.728676E+00  0.439856E-01
  0.160725E+01  0.776500E+00  0.440006E-01
  0.160999E+01  0.771053E+00  0.443721E-01
  0.161272E+01  0.715983E+00  0.443705E-01
  0.161546E+01  0.715605E+00  0.440486E-01
  0.161819E+01  0.661568E+00  0.437469E-01
  0.162092E+01  0.659888E+00  0.441273E-01
  0.162366E+01  0.738138E+00  0.439613E-01
  0.162639E+01  0.695806E+00  0.439294E-01
  0.162913E+01  0.675732E+00  0.437367E-01
  0.163186E+01  0.690277E+00  0.439733E-01
  0.163459E+01  0.746862E+00  0.443981E-01
  0.163733E+01  0.674123E+00  0.440390E-01
  0.164006E+01  0.679544E+00  0.434885E-01
  0.164280E+01  0.559278E+00  0.436641E-01
  0.164553E+01  0.691038E+00  0.440122E-01
  0.164826E+01  0.609447E+00  0.438543E-01
  0.165100E+01  0.674839E+00  0.431723E-01
  0.165373E+01  0.683736E+00  0.438311E-01
  0.165647E+01  0.745809E+00  0.446110E-01
  0.165920E+01  0.701367E+00  0.436908E-01
  0.166193E+01  0.624102E+00  0.435893E-01
  0.166467E+01  0.671237E+00  0.435314E-01
  0.166740E+01  0.562760E+00  0.434146E-01
  0.167014E+01  0.584981E+00  0.440111E-01
  0.167287E+01  0.628528E+00  0.437133E-01
  0.167560E+01  0.609887E+00  0.431368E-01
  0.167834E+01  0.540690E+00  0.437486E-01
  0.168107E+01  0.693099E+00  0.438979E-01
  0.168381E+01  0.653109E+00  0.438959E-01
  0.168654E+01  0.605997E+00  0.428773E-01
  0.168927E+01  0.579838E+00  0.436760E-01
  0.169201E+01  0.551575E+00  0.431891E-01
  0.169474E+01  0.676984E+00  0.436219E-01
  0.169748E+01  0.646848E+00  0.430487E-01
  0.170021E+01  0.558837E+00  0.437826E-01
  0.170295E+01  0.555927E+00  0.431867E-01
  0.170568E+01  0.555254E+00  0.434765E-01
  0.170841E+01  0.593258E+00  0.431754E-01
  0.171115E+01  0.648188E+00  0.431746E-01
  0.171388E+01  0.502310E+00  0.434556E-01
  0.171662E+01  0.592174E+00  0.432049E-01
  0.171935E+01  0.598964E+00  0.432126E-01
  0.172208E+01  0.636733E+00  0.431887E-01
  0.172482E+01  0.516931E+00  0.430418E-01
  0.172755E+01  0.549087E+00  0.433160E-01
  0.173029E+01  0.534905E+00  0.434654E-01
  0.173302E+01  0.561038E+00  0.432015E-01
  0.173575E+01  0.556640E+00  0.431561E-01
  0.173849E+01  0.613454E+00  0.431194E-01
  0.174122E+01  0.601273E+00  0.433091E-01
  0.174396E+01  0.595372E+00  0.429729E-01
  0.174669E+01  0.549962E+00  0.427983E-01
  0.174942E+01  0.562146E+00  0.430744E-01
  0.175216E+01  0.546484E+00  0.431812E-01
  0.175489E+01  0.514990E+00  0.429649E-01
  0.175763E+01  0.535497E+00  0.430418E-01
  0.176036E+01  0.504362E+00  0.430196E-01
  0.176309E+01  0.544329E+00  0.428991E-01
  0.176583E+01  0.607058E+00  0.429623E-01
  0.176856E+01  0.495689E+00  0.431652E-01
  0.177130E+01  0.533541E+00  0.430566E-01
  0.177403E+01  0.552367E+00  0.429672E-01
  0.177676E+01  0.585806E+00  0.429625E-01
  0.177950E+01  0.518446E+00  0.426814E-01
  0.178223E+01  0.548052E+00  0.426468E-01
  0.178497E+01  0.548866E+00  0.427359E-01
  0.178770E+01  0.519249E+00  0.428269E-01
  0.179043E+01  0.526005E+00  0.428671E-01
  0.179317E+01  0.440589E+00  0.429671E-01
  0.179590E+01  0.519407E+00  0.425093E-01
  0.179864E+01  0.582035E+00  0.429653E-01
  0.180137E+01  0.504890E+00  0.431699E-01
  0.180410E+01  0.486606E+00  0.430023E-01
  0.180684E+01  0.506634E+00  0.426390E-01
  0.180957E+01  0.580141E+00  0.428528E-01
  0.181231E+01  0.516542E+00  0.428460E-01
  0.181504E+01  0.494661E+00  0.425881E-01
  0.181777E+01  0.527129E+00  0.425705E-01
  0.182051E+01  0.491536E+00  0.432150E-01
  0.182324E+01  0.518791E+00  0.426422E-01
  0.182598E+01  0.521110E+00  0.428639E-01
  0.182871E+01  0.508485E+00  0.426582E-01
  0.183145E+01  0.485295E+00  0.421547E-01
  0.183418E+01  0.510356E+00  0.428161E-01
  0.183691E+01  0.456468E+00  0.430119E-01
  0.183965E+01  0.476319E+00  0.428823E-01
  0.184238E+01  0.491067E+00  0.424339E-01
  0.184512E+01  0.497749E+00  0.423145E-01
  0.184785E+01  0.474144E+00  0.426298E-01
  0.185058E+01  0.449683E+00  0.425558E-01
  0.185332E+01  0.534982E+00  0.428164E-01
  0.185605E+01  0.530479E+00  0.423551E-01
  0.185879E+01  0.484749E+00  0.422807E-01
  0.186152E+01  0.447997E+00  0.425177E-01
  0.186425E+01  0.483240E+00  0.423599E-01
  0.186699E+01  0.444915E+00  0.425532E-01
  0.186972E+01  0.345419E+00  0.424128E-01
  0.187246E+01  0.448624E+00  0.421989E-01
  0.187519E+01  0.444409E+00  0.421963E-01
  0.187792E+01  0.481968E+00  0.420527E-01
  0.188066E+01  0.423402E+00  0.422450E-01
  0.188339E+01  0.532336E+00  0.424991E-01
  0.188613E+01  0.492364E+00  0.422537E-01
  0.188886E+01  0.426012E+00  0.420807E-01
  0.189159E+01  0.488360E+00  0.419551E-01
  0.189433E+01  0.401070E+00  0.421941E-01
  0.189706E+01  0.535009E+00  0.422334E-01
  0.189980E+01  0.445891E+00  0.420964E-01
  0.190253E+01  0.440432E+00  0.419506E-01
  0.190526E+01  0.442947E+00  0.425589E-01
  0.190800E+01  0.425617E+00  0.421349E-01
  0.191073E+01  0.490663E+00  0.419015E-01
  0.191347E+01  0.434893E+00  0.423989E-01
  0.191620E+01  0.443008E+00  0.421933E-01
  0.191893E+01  0.389696E+00  0.418606E-01
  0.192167E+01  0.402310E+00  0.420118E-01
  0.192440E+01  0.446186E+00  0.418310E-01
  0.192714E+01  0.505165E+00  0.419439E-01
  0.192987E+01  0.410825E+00  0.419107E-01
  0.193260E+01  0.400662E+00  0.421796E-01
  0.193534E+01  0.401128E+00  0.419827E-01
  0.193807E+01  0.433151E+00  0.420030E-01
  0.194081E+01  0.391617E+00  0.418227E-01
  0.194354E+01  0.486777E+00  0.416544E-01
  0.194627E+01  0.401779E+00  0.418992E-01
  0.194901E+01  0.516417E+00  0.420917E-01
  0.195174E+01  0.406166E+00  0.415787E-01
  0.195448E+01  0.426973E+00  0.421346E-01
  0.195721E+01  0.423111E+00  0.421520E-01
  0.195995E+01  0.428375E+00  0.416318E-01
  0.196268E+01  0.384585E+00  0.417914E-01
  0.196541E+01  0.393871E+00  0.418456E-01
  0.196815E+01  0.414882E+00  0.417880E-01
  0.197088E+01  0.441375E+00  0.421973E-01
  0.197362E+01  0.475275E+00  0.420560E-01
  0.197635E+01  0.418546E+00  0.417754E-01
  0.197908E+01  0.417532E+00  0.420830E-01
  0.198182E+01  0.406999E+00  0.416145E-01
  0.198455E+01  0.453984E+00  0.418546E-01
  0.198729E+01  0.462620E+00  0.417447E-01
  0.199002E+01  0.321098E+00  0.418503E-01
  0.199275E+01  0.370069E+00  0.419852E-01
  0.199549E+01  0.440921E+00  0.413241E-01
  0.199822E+01  0.418696E+00  0.413277E-01
  0.200096E+01  0.380274E+00  0.414860E-01
  0.200369E+01  0.415993E+00  0.421135E-01
  0.200642E+01  0.411818E+00  0.414987E-01
  0.200916E+01  0.392798E+00  0.417190E-01
  0.201189E+01  0.403503E+00  0.417020E-01
  0.201463E+01  0.346846E+00  0.413922E-01
  0.201736E+01  0.393891E+00  0.417267E-01
  0.202009E+01  0.349846E+00  0.414929E-01
  0.202283E+01  0.410459E+00  0.416166E-01
  0.202556E+01  0.422680E+00  0.419546E-01
  0.202830E+01  0.391333E+00  0.410365E-01
  0.203103E+01  0.427590E+00  0.418724E-01
  0.203376E+01  0.445875E+00  0.422036E-01
  0.203650E+01  0.421154E+00  0.414881E-01
  0.203923E+01  0.360014E+00  0.413567E-01
  0.204197E+01  0.417150E+00  0.420189E-01
  0.204470E+01  0.397620E+00  0.418521E-01
  0.204743E+01  0.325464E+00  0.412776E-01
  0.205017E+01  0.367579E+00  0.413259E-01
  0.205290E+01  0.326767E+00  0.415584E-01
  0.205564E+01  0.377134E+00  0.415839E-01
  0.205837E+01  0.356076E+00  0.415773E-01
  0.206110E+01  0.476683E+00  0.417306E-01
  0.206384E+01  0.344213E+00  0.412915E-01
  0.206657E+01  0.352567E+00  0.414663E-01
  0.206931E+01  0.402789E+00  0.416253E-01
  0.207204E+01  0.365960E+00  0.415731E-01
  0.207477E+01  0.414534E+00  0.415379E-01
  0.207751E+01  0.337662E+00  0.410361E-01
  0.208024E+01  0.435265E+00  0.412732E-01
  0.208298E+01  0.383811E+00  0.414544E-01
  0.208571E+01  0.368089E+00  0.415453E-01
  0.208845E+01  0.319534E+00  0.412626E-01
  0.209118E+01  0.365397E+00  0.415139E-01
  0.209391E+01  0.337611E+00  0.413814E-01
  0.209665E+01  0.351487E+00  0.410507E-01
  0.209938E+01  0.347070E+00  0.412614E-01
  0.210212E+01  0.352649E+00  0.410291E-01
  0.210485E+01  0.380186E+00  0.416622E-01
  0.210758E+01  0.382778E+00  0.412743E-01
  0.211032E+01  0.315428E+00  0.412446E-01
  0.211305E+01  0.319805E+00  0.410479E-01
  0.211579E+01  0.384738E+00  0.413388E-01
  0.211852E+01  0.347018E+00  0.411120E-01
  0.212125E+01  0.288279E+00  0.411220E-01
  0.212399E+01  0.352113E+00  0.411365E-01
  0.212672E+01  0.426476E+00  0.415079E-01
  0.212946E+01  0.377173E+00  0.409493E-01
  0.213219E+01  0.310449E+00  0.413406E-01
  0.213492E+01  0.367276E+00  0.411381E-01
  0.213766E+01  0.300822E+00  0.409960E-01
  0.214039E+01  0.303928E+00  0.410685E-01
  0.214313E+01  0.348791E+00  0.412957E-01
  0.214586E+01  0.343359E+00  0.412622E-01
  0.214859E+01  0.317088E+00  0.409475E-01
  0.215133E+01  0.378285E+00  0.414511E-01
  0.215406E+01  0.320465E+00  0.410571E-01
  0.215680E+01  0.280284E+00  0.408521E-01
  0.215953E+01  0.299060E+00  0.410718E-01
  0.216226E+01  0.440065E+00  0.410268E-01
  0.216500E+01  0.377183E+00  0.408556E-01
  0.216773E+01  0.319330E+00  0.410893E-01
  0.217047E+01  0.269452E+00  0.406908E-01
  0.217320E+01  0.300525E+00  0.411901E-01
  0.217593E+01  0.333795E+00  0.410383E-01
  0.217867E+01  0.346222E+00  0.410692E-01
  0.218140E+01  0.353448E+00  0.408985E-01
  0.218414E+01  0.356015E+00  0.409505E-01
  0.218687E+01  0.316226E+00  0.410531E-01
  0.218960E+01  0.229500E+00  0.405830E-01
  0.219234E+01  0.314088E+00  0.404538E-01
  0.219507E+01  0.332571E+00  0.408636E-01
  0.219781E+01  0.282635E+00  0.404517E-01
  0.220054E+01  0.324632E+00  0.409181E-01
  0.220328E+01  0.314079E+00  0.410181E-01
  0.220601E+01  0.308635E+00  0.406536E-01
  0.220874E+01  0.307976E+00  0.406889E-01
  0.221148E+01  0.320585E+00  0.407695E-01
  0.221421E+01  0.385784E+00  0.406161E-01
  0.221695E+01  0.305768E+00  0.409029E-01
  0.221968E+01  0.380032E+00  0.407101E-01
  0.222241E+01  0.319351E+00  0.408836E-01
  0.222515E+01  0.249384E+00  0.404968E-01
  0.222788E+01  0.302971E+00  0.410277E-01
  0.223062E+01  0.340437E+00  0.406709E-01
  0.223335E+01  0.307874E+00  0.407234E-01
  0.223608E+01  0.343062E+00  0.408330E-01
  0.223882E+01  0.333243E+00  0.404519E-01
  0.224155E+01  0.318213E+00  0.412503E-01
  0.224429E+01  0.259755E+00  0.405378E-01
  0.224702E+01  0.314391E+00  0.404944E-01
  0.224975E+01  0.252823E+00  0.404959E-01
  0.225249E+01  0.297497E+00  0.401224E-01
  0.225522E+01  0.317909E+00  0.403983E-01
  0.225796E+01  0.271323E+00  0.402185E-01
  0.226069E+01  0.292387E+00  0.406881E-01
  0.226342E+01  0.318344E+00  0.406694E-01
  0.226616E+01  0.319052E+00  0.406903E-01
  0.226889E+01  0.349759E+00  0.408234E-01
  0.227163E+01  0.361306E+00  0.406582E-01
  0.227436E+01  0.312712E+00  0.403850E-01
  0.227709E+01  0.241626E+00  0.405363E-01
  0.227983E+01  0.287504E+00  0.406538E-01
  0.228256E+01  0.247789E+00  0.403463E-01
  0.228530E+01  0.321140E+00  0.402526E-01
  0.228803E+01  0.307116E+00  0.404256E-01
  0.229076E+01  0.314330E+00  0.406981E-01
  0.229350E+01  0.289613E+00  0.407941E-01
  0.229623E+01  0.341902E+00  0.405065E-01
  0.229897E+01  0.216012E+00  0.399147E-01
  0.230170E+01  0.222475E+00  0.400548E-01
  0.230443E+01  0.292704E+00  0.402236E-01
  0.230717E+01  0.295572E+00  0.404619E-01
  0.230990E+01  0.282979E+00  0.406445E-01
  0.231264E+01  0.292648E+00  0.404187E-01
  0.231537E+01  0.323879E+00  0.401080E-01
  0.231810E+01  0.346302E+00  0.403295E-01
  0.232084E+01  0.250703E+00  0.399890E-01
  0.232357E+01  0.278634E+00  0.402751E-01
  0.232631E+01  0.300677E+00  0.398800E-01
  0.232904E+01  0.303033E+00  0.400142E-01
  0.233178E+01  0.333819E+00  0.401947E-01
  0.233451E+01  0.276926E+00  0.403624E-01
  0.233724E+01  0.267751E+00  0.401665E-01
  0.233998E+01  0.241556E+00  0.399880E-01
  0.234271E+01  0.330793E+00  0.407298E-01
  0.234545E+01  0.338524E+00  0.404674E-01
  0.234818E+01  0.322491E+00  0.404463E-01
  0.235091E+01  0.300805E+00  0.399949E-01
  0.235365E+01  0.268953E+00  0.402379E-01
  0.235638E+01  0.240796E+00  0.402021E-01
  0.235912E+01  0.342183E+00  0.402864E-01
  0.236185E+01  0.270528E+00  0.404462E-01
  0.236458E+01  0.249255E+00  0.401155E-01
  0.236732E+01  0.256221E+00  0.402483E-01
  0.237005E+01  0.262832E+00  0.400691E-01
  0.237279E+01  0.267710E+00  0.399064E-01
  0.237552E+01  0.351506E+00  0.404683E-01
  0.237825E+01  0.313553E+00  0.402182E-01
  0.238099E+01  0.279302E+00  0.403868E-01
  0.238372E+01  0.237973E+00  0.397468E-01
  0.238646E+01  0.371767E+00  0.405078E-01
  0.238919E+01  0.266478E+00  0.400407E-01
  0.239192E+01  0.352051E+00  0.403282E-01
  0.239466E+01  0.286172E+00  0.404741E-01
  0.239739E+01  0.294644E+00  0.401278E-01
  0.240013E+01  0.281203E+00  0.401791E-01
  0.240286E+01  0.273454E+00  0.403062E-01
  0.240559E+01  0.313864E+00  0.400996E-01
  0.240833E+01  0.293002E+00  0.403170E-01
  0.241106E+01  0.247639E+00  0.398809E-01
  0.241380E+01  0.244482E+00  0.402277E-01
  0.241653E+01  0.347576E+00  0.399046E-01
  0.241926E+01  0.268793E+00  0.400215E-01
  0.242200E+01  0.259630E+00  0.396967E-01
  0.242473E+01  0.255193E+00  0.396891E-01
  0.242747E+01  0.266922E+00  0.400970E-01
  0.243020E+01  0.279696E+00  0.398184E-01
  0.243293E+01  0.326467E+00  0.396817E-01
  0.243567E+01  0.267677E+00  0.399528E-01
  0.243840E+01  0.275786E+00  0.394128E-01
  0.244114E+01  0.226928E+00  0.398800E-01
  0.244387E+01  0.350785E+00  0.398927E-01
  0.244660E+01  0.299553E+00  0.403856E-01
  0.244934E+01  0.298293E+00  0.399881E-01
  0.245207E+01  0.329420E+00  0.398107E-01
  0.245481E+01  0.271330E+00  0.402257E-01
  0.245754E+01  0.293061E+00  0.399039E-01
  0.246028E+01  0.267371E+00  0.398117E-01
  0.246301E+01  0.315141E+00  0.401575E-01
  0.246574E+01  0.306363E+00  0.400151E-01
  0.246848E+01  0.294302E+00  0.397119E-01
  0.247121E+01  0.291548E+00  0.398637E-01
  0.247395E+01  0.297617E+00  0.398553E-01
  0.247668E+01  0.244250E+00  0.397325E-01
  0.247941E+01  0.348105E+00  0.398700E-01
  0.248215E+01  0.180696E+00  0.396054E-01
  0.248488E+01  0.324136E+00  0.397970E-01
  0.248762E+01  0.368125E+00  0.399900E-01
  0.249035E+01  0.251505E+00  0.400414E-01
  0.249308E+01  0.264222E+00  0.395452E-01
  0.249582E+01  0.307630E+00  0.398797E-01
  0.249855E+01  0.297917E+00  0.398145E-01
  0.250129E+01  0.307364E+00  0.396985E-01
  0.250402E+01  0.312142E+00  0.397464E-01
  0.250675E+01  0.228921E+00  0.395401E-01
  0.250949E+01  0.293556E+00  0.395588E-01
  0.251222E+01  0.211519E+00  0.400370E-01
  0.251496E+01  0.387086E+00  0.400410E-01
  0.251769E+01  0.316177E+00  0.394334E-01
  0.252042E+01  0.268104E+00  0.395600E-01
  0.252316E+01  0.289386E+00  0.397585E-01
  0.252589E+01  0.188337E+00  0.394920E-01
  0.252863E+01  0.262822E+00  0.396338E-01
  0.253136E+01  0.277536E+00  0.396737E-01
  0.253409E+01  0.360717E+00  0.395215E-01
  0.253683E+01  0.320573E+00  0.399420E-01
  0.253956E+01  0.373420E+00  0.399830E-01
  0.254230E+01  0.259041E+00  0.399044E-01
  0.254503E+01  0.316258E+00  0.397661E-01
  0.254776E+01  0.277559E+00  0.394621E-01
  0.255050E+01  0.312839E+00  0.399563E-01
  0.255323E+01  0.241615E+00  0.394877E-01
  0.255597E+01  0.248421E+00  0.396506E-01
  0.255870E+01  0.267282E+00  0.393333E-01
  0.256143E+01  0.300148E+00  0.393526E-01
  0.256417E+01  0.309372E+00  0.396588E-01
  0.256690E+01  0.272919E+00  0.395583E-01
  0.256964E+01  0.305566E+00  0.394619E-01
  0.257237E+01  0.331168E+00  0.392489E-01
  0.257510E+01  0.280950E+00  0.394503E-01
  0.257784E+01  0.317131E+00  0.396878E-01
  0.258057E+01  0.330855E+00  0.396388E-01
  0.258331E+01  0.283540E+00  0.439526E-01
  0.258604E+01  0.282782E+00  0.465839E-01
  0.258878E+01  0.294324E+00  0.489961E-01
  0.259151E+01  0.368619E+00  0.506375E-01
  0.259424E+01  0.318891E+00  0.518205E-01
  0.259698E+01  0.319267E+00  0.540809E-01
  0.259971E+01  0.167508E+00  0.556423E-01
  0.260245E+01  0.364287E+00  0.581371E-01
  0.260518E+01  0.254030E+00  0.581277E-01
  0.260791E+01  0.269097E+00  0.602870E-01
  0.261065E+01  0.299087E+00  0.614172E-01
  0.261338E+01  0.279204E+00  0.630199E-01
  0.261612E+01  0.310310E+00  0.510846E-01
  0.261885E+01  0.345684E+00  0.489660E-01
  0.262158E+01  0.384630E+00  0.473035E-01
  0.262432E+01  0.305272E+00  0.467620E-01
  0.262705E+01  0.274196E+00  0.458562E-01
  0.262979E+01  0.332404E+00  0.448889E-01
  0.263252E+01  0.311994E+00  0.438659E-01
  0.263525E+01  0.247551E+00  0.437385E-01
  0.263799E+01  0.307345E+00  0.437974E-01
  0.264072E+01  0.275488E+00  0.432524E-01
  0.264346E+01  0.310146E+00  0.435033E-01
  0.264619E+01  0.344506E+00  0.435500E-01
  0.264892E+01  0.285746E+00  0.431305E-01
  0.265166E+01  0.321448E+00  0.430423E-01
  0.265439E+01  0.288311E+00  0.431019E-01
  0.265713E+01  0.377120E+00  0.432792E-01
  0.265986E+01  0.307772E+00  0.426814E-01
  0.266259E+01  0.321471E+00  0.427518E-01
  0.266533E+01  0.288920E+00  0.422879E-01
  0.266806E+01  0.299904E+00  0.430338E-01
  0.267080E+01  0.323299E+00  0.428472E-01
  0.267353E+01  0.296556E+00  0.425851E-01
  0.267626E+01  0.241193E+00  0.426782E-01
  0.267900E+01  0.367288E+00  0.425826E-01
  0.268173E+01  0.349546E+00  0.426019E-01
  0.268447E+01  0.366854E+00  0.424897E-01
  0.268720E+01  0.364239E+00  0.424601E-01
  0.268993E+01  0.267052E+00  0.424622E-01
  0.269267E+01  0.342125E+00  0.425585E-01
  0.269540E+01  0.302090E+00  0.425626E-01
  0.269814E+01  0.279345E+00  0.424589E-01
  0.270087E+01  0.267289E+00  0.419574E-01
  0.270361E+01  0.279730E+00  0.420179E-01
  0.270634E+01  0.313737E+00  0.417187E-01
  0.270907E+01  0.274383E+00  0.415020E-01
  0.271181E+01  0.287021E+00  0.413585E-01
  0.271454E+01  0.355802E+00  0.415492E-01
  0.271728E+01  0.293534E+00  0.408200E-01
  0.272001E+01  0.244193E+00  0.404923E-01
  0.272274E+01  0.321513E+00  0.405480E-01
  0.272548E+01  0.327411E+00  0.404508E-01
  0.272821E+01  0.321515E+00  0.404129E-01
  0.273095E+01  0.283612E+00  0.401818E-01
  0.273368E+01  0.231998E+00  0.404154E-01
  0.273641E+01  0.341477E+00  0.405136E-01
  0.273915E+01  0.327500E+00  0.402944E-01
  0.274188E+01  0.316294E+00  0.403381E-01
  0.274462E+01  0.324115E+00  0.401757E-01
  0.274735E+01  0.315205E+00  0.399946E-01
  0.275008E+01  0.309245E+00  0.402873E-01
  0.275282E+01  0.274460E+00  0.404289E-01
  0.275555E+01  0.351513E+00  0.404219E-01
  0.275829E+01  0.287624E+00  0.401921E-01
  0.276102E+01  0.342537E+00  0.403135E-01
  0.276375E+01  0.288482E+00  0.404907E-01
  0.276649E+01  0.360967E+00  0.403339E-01
  0.276922E+01  0.356811E+00  0.402690E-01
  0.277196E+01  0.333275E+00  0.398624E-01
  0.277469E+01  0.325289E+00  0.398908E-01
  0.277742E+01  0.310368E+00  0.403098E-01
  0.278016E+01  0.430301E+00  0.400835E-01
  0.278289E+01  0.287444E+00  0.399668E-01
  0.278563E+01  0.313067E+00  0.402431E-01
  0.278836E+01  0.376398E+00  0.400000E-01
  0.279109E+01  0.330440E+00  0.401744E-01
  0.279383E+01  0.340366E+00  0.404733E-01
  0.279656E+01  0.325423E+00  0.400829E-01
  0.279930E+01  0.303242E+00  0.402597E-01
  0.280203E+01  0.349408E+00  0.401157E-01
  0.280476E+01  0.353118E+00  0.402653E-01
  0.280750E+01  0.388608E+00  0.403149E-01
  0.281023E+01  0.284009E+00  0.398315E-01
  0.281297E+01  0.315348E+00  0.399871E-01
  0.281570E+01  0.295635E+00  0.400810E-01
  0.281843E+01  0.297935E+00  0.396788E-01
  0.282117E+01  0.354903E+00  0.402123E-01
  0.282390E+01  0.263334E+00  0.401218E-01
  0.282664E+01  0.309576E+00  0.400810E-01
  0.282937E+01  0.309630E+00  0.400507E-01
  0.283211E+01  0.285352E+00  0.400137E-01
  0.283484E+01  0.330524E+00  0.400187E-01
  0.283757E+01  0.356051E+00  0.399724E-01
  0.284031E+01  0.345169E+00  0.400393E-01
  0.284304E+01  0.320048E+00  0.400272E-01
  0.284578E+01  0.352143E+00  0.400466E-01
  0.284851E+01  0.410770E+00  0.402881E-01
  0.285124E+01  0.261553E+00  0.400252E-01
  0.285398E+01  0.278511E+00  0.396122E-01
  0.285671E+01  0.279033E+00  0.399817E-01
  0.285945E+01  0.309367E+00  0.400762E-01
  0.286218E+01  0.292355E+00  0.401266E-01
  0.286491E+01  0.287459E+00  0.398010E-01
  0.286765E+01  0.288678E+00  0.399805E-01
  0.287038E+01  0.378527E+00  0.400941E-01
  0.287312E+01  0.329209E+00  0.395783E-01
  0.287585E+01  0.338446E+00  0.396227E-01
  0.287858E+01  0.289566E+00  0.399219E-01
  0.288132E+01  0.408484E+00  0.400357E-01
  0.288405E+01  0.228686E+00  0.400047E-01
  0.288679E+01  0.368310E+00  0.402832E-01
  0.288952E+01  0.327116E+00  0.401043E-01
  0.289225E+01  0.298922E+00  0.399253E-01
  0.289499E+01  0.361193E+00  0.400171E-01
  0.289772E+01  0.280910E+00  0.395768E-01
  0.290046E+01  0.250706E+00  0.396804E-01
  0.290319E+01  0.333674E+00  0.396900E-01
  0.290592E+01  0.315721E+00  0.396160E-01
  0.290866E+01  0.303540E+00  0.398231E-01
  0.291139E+01  0.354020E+00  0.401427E-01
  0.291413E+01  0.240644E+00  0.393775E-01
  0.291686E+01  0.281722E+00  0.397294E-01
  0.291959E+01  0.304568E+00  0.396655E-01
  0.292233E+01  0.369860E+00  0.396316E-01
  0.292506E+01  0.361245E+00  0.400126E-01
  0.292780E+01  0.217884E+00  0.395671E-01
  0.293053E+01  0.343110E+00  0.398789E-01
  0.293326E+01  0.321070E+00  0.396280E-01
  0.293600E+01  0.297957E+00  0.398069E-01
  0.293873E+01  0.309260E+00  0.395913E-01
  0.294147E+01  0.290594E+00  0.395392E-01
  0.294420E+01  0.310538E+00  0.397963E-01
  0.294693E+01  0.315096E+00  0.397286E-01
  0.294967E+01  0.330173E+00  0.396432E-01
  0.295240E+01  0.271220E+00  0.397048E-01
  0.295514E+01  0.369624E+00  0.398938E-01
  0.295787E+01  0.351512E+00  0.400172E-01
  0.296061E+01  0.297776E+00  0.394857E-01
  0.296334E+01  0.324706E+00  0.397591E-01
  0.296607E+01  0.319283E+00  0.394377E-01
  0.296881E+01  0.330552E+00  0.395977E-01
  0.297154E+01  0.321089E+00  0.398646E-01
  0.297428E+01  0.327213E+00  0.397118E-01
  0.297701E+01  0.357413E+00  0.398866E-01
  0.297974E+01  0.298451E+00  0.395541E-01
  0.298248E+01  0.335480E+00  0.396645E-01
  0.298521E+01  0.269493E+00  0.394824E-01
  0.298795E+01  0.341957E+00  0.396319E-01
  0.299068E+01  0.292413E+00  0.397798E-01
  0.299341E+01  0.311837E+00  0.395296E-01
  0.299615E+01  0.229509E+00  0.394491E-01
  0.299888E+01  0.352770E+00  0.394509E-01
  0.300162E+01  0.254571E+00  0.396478E-01
  0.300435E+01  0.346178E+00  0.395194E-01
  0.300708E+01  0.279123E+00  0.392663E-01
  0.300982E+01  0.319816E+00  0.395507E-01
  0.301255E+01  0.422334E+00  0.393799E-01
  0.301529E+01  0.345013E+00  0.391016E-01
  0.301802E+01  0.305404E+00  0.393552E-01
  0.302075E+01  0.264858E+00  0.392081E-01
  0.302349E+01  0.313295E+00  0.394818E-01
  0.302622E+01  0.278298E+00  0.391636E-01
  0.302896E+01  0.279130E+00  0.394229E-01
  0.303169E+01  0.326441E+00  0.394967E-01
  0.303442E+01  0.286950E+00  0.395299E-01
  0.303716E+01  0.282970E+00  0.395437E-01
  0.303989E+01  0.346895E+00  0.394962E-01
  0.304263E+01  0.318758E+00  0.395952E-01
  0.304536E+01  0.294106E+00  0.391175E-01
  0.304809E+01  0.348999E+00  0.395564E-01
  0.305083E+01  0.317556E+00  0.396853E-01
  0.305356E+01  0.269886E+00  0.393711E-01
  0.305630E+01  0.318802E+00  0.394022E-01
  0.305903E+01  0.334343E+00  0.395143E-01
  0.306176E+01  0.299721E+00  0.393810E-01
  0.306450E+01  0.276020E+00  0.395774E-01
  0.306723E+01  0.272280E+00  0.394782E-01
  0.306997E+01  0.299198E+00  0.391414E-01
  0.307270E+01  0.294816E+00  0.391873E-01
  0.307543E+01  0.287414E+00  0.394125E-01
  0.307817E+01  0.280920E+00  0.392422E-01
  0.308090E+01  0.362775E+00  0.395874E-01
  0.308364E+01  0.371747E+00  0.390976E-01
  0.308637E+01  0.273250E+00  0.391729E-01
  0.308911E+01  0.309462E+00  0.396234E-01
  0.309184E+01  0.328856E+00  0.395766E-01
  0.309457E+01  0.305016E+00  0.389495E-01
  0.309731E+01  0.405931E+00  0.395099E-01
  0.310004E+01  0.310731E+00  0.393019E-01
  0.310278E+01  0.329720E+00  0.393930E-01
  0.310551E+01  0.310242E+00  0.393001E-01
  0.310824E+01  0.265537E+00  0.391565E-01
  0.311098E+01  0.267416E+00  0.392953E-01
  0.311371E+01  0.224481E+00  0.390463E-01
  0.311645E+01  0.297858E+00  0.391397E-01
  0.311918E+01  0.344935E+00  0.390866E-01
  0.312191E+01  0.358479E+00  0.396589E-01
  0.312465E+01  0.242136E+00  0.392261E-01
  0.312738E+01  0.236304E+00  0.391081E-01
  0.313012E+01  0.275749E+00  0.392612E-01
  0.313285E+01  0.324055E+00  0.394324E-01
  0.313558E+01  0.293808E+00  0.389233E-01
  0.313832E+01  0.277567E+00  0.391900E-01
  0.314105E+01  0.281622E+00  0.393685E-01
  0.314379E+01  0.281173E+00  0.391574E-01
  0.314652E+01  0.334040E+00  0.391292E-01
  0.314925E+01  0.308383E+00  0.392059E-01
  0.315199E+01  0.333627E+00  0.394616E-01
  0.315472E+01  0.286539E+00  0.392975E-01
  0.315746E+01  0.279430E+00  0.387986E-01
  0.316019E+01  0.322393E+00  0.391630E-01
  0.316292E+01  0.313269E+00  0.388227E-01
  0.316566E+01  0.330314E+00  0.394840E-01
  0.316839E+01  0.284684E+00  0.389087E-01
  0.317113E+01  0.302644E+00  0.390213E-01
  0.317386E+01  0.303433E+00  0.391309E-01
  0.317659E+01  0.306424E+00  0.386299E-01
  0.317933E+01  0.346595E+00  0.391760E-01
  0.318206E+01  0.325245E+00  0.389943E-01
  0.318480E+01  0.261731E+00  0.390373E-01
  0.318753E+01  0.252849E+00  0.391067E-01
  0.319026E+01  0.216188E+00  0.385642E-01
  0.319300E+01  0.344564E+00  0.391820E-01
  0.319573E+01  0.354649E+00  0.393880E-01
  0.319847E+01  0.297999E+00  0.390434E-01
  0.320120E+01  0.278901E+00  0.385318E-01
  0.320394E+01  0.245979E+00  0.393655E-01
  0.320667E+01  0.338332E+00  0.389540E-01
  0.320940E+01  0.262234E+00  0.386842E-01
  0.321214E+01  0.374003E+00  0.392324E-01
  0.321487E+01  0.294116E+00  0.388866E-01
  0.321761E+01  0.231876E+00  0.391645E-01
  0.322034E+01  0.307107E+00  0.392945E-01
  0.322307E+01  0.296227E+00  0.385994E-01
  0.322581E+01  0.365671E+00  0.390891E-01
  0.322854E+01  0.249758E+00  0.387996E-01
  0.323128E+01  0.248259E+00  0.388666E-01
  0.323401E+01  0.286121E+00  0.390808E-01
  0.323674E+01  0.301596E+00  0.391876E-01
  0.323948E+01  0.290891E+00  0.389969E-01
  0.324221E+01  0.306257E+00  0.391271E-01
  0.324495E+01  0.301438E+00  0.388439E-01
  0.324768E+01  0.279930E+00  0.390208E-01
  0.325041E+01  0.240441E+00  0.388809E-01
  0.325315E+01  0.320404E+00  0.389280E-01
  0.325588E+01  0.289623E+00  0.389813E-01
  0.325862E+01  0.310375E+00  0.389829E-01
  0.326135E+01  0.242981E+00  0.389346E-01
  0.326408E+01  0.284327E+00  0.390221E-01
  0.326682E+01  0.261731E+00  0.389251E-01
  0.326955E+01  0.239287E+00  0.386270E-01
  0.327229E+01  0.260121E+00  0.384877E-01
  0.327502E+01  0.321335E+00  0.391452E-01
  0.327775E+01  0.201924E+00  0.385327E-01
  0.328049E+01  0.268277E+00  0.390647E-01
  0.328322E+01  0.317424E+00  0.389283E-01
  0.328596E+01  0.285791E+00  0.386738E-01
  0.328869E+01  0.231903E+00  0.384299E-01
  0.329142E+01  0.314354E+00  0.391190E-01
  0.329416E+01  0.284665E+00  0.387369E-01
  0.329689E+01  0.285802E+00  0.385256E-01
  0.329963E+01  0.213727E+00  0.387010E-01
  0.330236E+01  0.242014E+00  0.389038E-01
  0.330509E+01  0.318709E+00  0.390006E-01
  0.330783E+01  0.217153E+00  0.386558E-01
  0.331056E+01  0.342440E+00  0.392368E-01
  0.331330E+01  0.377504E+00  0.392201E-01
  0.331603E+01  0.222532E+00  0.387655E-01
  0.331876E+01  0.255808E+00  0.386079E-01
  0.332150E+01  0.282272E+00  0.386695E-01
  0.332423E+01  0.289947E+00  0.391072E-01
  0.332697E+01  0.265896E+00  0.389770E-01
  0.332970E+01  0.292989E+00  0.389702E-01
  0.333244E+01  0.322068E+00  0.383258E-01
  0.333517E+01  0.285298E+00  0.386099E-01
  0.333790E+01  0.302642E+00  0.391987E-01
  0.334064E+01  0.292254E+00  0.390865E-01
  0.334337E+01  0.253553E+00  0.385447E-01
  0.334611E+01  0.258866E+00  0.384621E-01
  0.334884E+01  0.299747E+00  0.387534E-01
  0.335157E+01  0.267236E+00  0.385316E-01
  0.335431E+01  0.363359E+00  0.388001E-01
  0.335704E+01  0.246128E+00  0.385573E-01
  0.335978E+01  0.263988E+00  0.387255E-01
  0.336251E+01  0.286937E+00  0.385722E-01
  0.336524E+01  0.293514E+00  0.387090E-01
  0.336798E+01  0.318482E+00  0.389038E-01
  0.337071E+01  0.329852E+00  0.391115E-01
  0.337345E+01  0.275705E+00  0.386511E-01
  0.337618E+01  0.260354E+00  0.386176E-01
  0.337891E+01  0.267064E+00  0.385306E-01
  0.338165E+01  0.322313E+00  0.385910E-01
  0.338438E+01  0.299261E+00  0.389839E-01
  0.338712E+01  0.305548E+00  0.385107E-01
  0.338985E+01  0.266149E+00  0.382504E-01
  0.339258E+01  0.204551E+00  0.387118E-01
  0.339532E+01  0.260375E+00  0.387493E-01
  0.339805E+01  0.262724E+00  0.387434E-01
  0.340079E+01  0.277898E+00  0.389793E-01
  0.340352E+01  0.281089E+00  0.387995E-01
  0.340625E+01  0.249402E+00  0.384196E-01
  0.340899E+01  0.269324E+00  0.387476E-01
  0.341172E+01  0.232800E+00  0.383966E-01
  0.341446E+01  0.262653E+00  0.387611E-01
  0.341719E+01  0.281931E+00  0.388655E-01
  0.341992E+01  0.311617E+00  0.388501E-01
  0.342266E+01  0.306533E+00  0.385663E-01
  0.342539E+01  0.318235E+00  0.386215E-01
  0.342813E+01  0.219103E+00  0.387976E-01
  0.343086E+01  0.219757E+00  0.385122E-01
  0.343359E+01  0.273395E+00  0.384202E-01
  0.343633E+01  0.276486E+00  0.387707E-01
  0.343906E+01  0.271480E+00  0.386139E-01
  0.344180E+01  0.285355E+00  0.385511E-01
  0.344453E+01  0.282295E+00  0.386409E-01
  0.344726E+01  0.250169E+00  0.386841E-01
  0.345000E+01  0.305090E+00  0.385226E-01
  0.345273E+01  0.191498E+00  0.383686E-01
  0.345547E+01  0.248110E+00  0.385323E-01
  0.345820E+01  0.227383E+00  0.380823E-01
  0.346094E+01  0.273918E+00  0.386869E-01
  0.346367E+01  0.250522E+00  0.385280E-01
  0.346640E+01  0.280007E+00  0.386629E-01
  0.346914E+01  0.300541E+00  0.389491E-01
  0.347187E+01  0.241803E+00  0.388256E-01
  0.347461E+01  0.266140E+00  0.383803E-01
  0.347734E+01  0.319160E+00  0.386929E-01
  0.348007E+01  0.278413E+00  0.382424E-01
  0.348281E+01  0.246495E+00  0.385583E-01
  0.348554E+01  0.257075E+00  0.386656E-01
  0.348828E+01  0.223996E+00  0.385535E-01
  0.349101E+01  0.271263E+00  0.381948E-01
  0.349374E+01  0.193025E+00  0.384564E-01
  0.349648E+01  0.255920E+00  0.384673E-01
  0.349921E+01  0.217859E+00  0.384319E-01
  0.350195E+01  0.252655E+00  0.388074E-01
  0.350468E+01  0.253338E+00  0.387455E-01
  0.350741E+01  0.273543E+00  0.387068E-01
  0.351015E+01  0.199159E+00  0.383850E-01
  0.351288E+01  0.247797E+00  0.382887E-01
  0.351562E+01  0.272176E+00  0.384865E-01
  0.351835E+01  0.257426E+00  0.384873E-01
  0.352108E+01  0.273573E+00  0.390898E-01
  0.352382E+01  0.269776E+00  0.382824E-01
  0.352655E+01  0.271277E+00  0.386657E-01
  0.352929E+01  0.183497E+00  0.386708E-01
  0.353202E+01  0.204745E+00  0.382342E-01
  0.353475E+01  0.222040E+00  0.382561E-01
  0.353749E+01  0.194630E+00  0.385706E-01
  0.354022E+01  0.238268E+00  0.385522E-01
  0.354296E+01  0.260715E+00  0.388157E-01
  0.354569E+01  0.274237E+00  0.383734E-01
  0.354842E+01  0.214423E+00  0.384004E-01
  0.355116E+01  0.218366E+00  0.385908E-01
  0.355389E+01  0.220648E+00  0.391741E-01
  0.355663E+01  0.266153E+00  0.383170E-01
  0.355936E+01  0.240666E+00  0.385257E-01
  0.356209E+01  0.243140E+00  0.385195E-01
  0.356483E+01  0.226360E+00  0.387910E-01
  0.356756E+01  0.291917E+00  0.385625E-01
  0.357030E+01  0.231059E+00  0.379897E-01
  0.357303E+01  0.259891E+00  0.384522E-01
  0.357577E+01  0.249439E+00  0.383943E-01
  0.357850E+01  0.317860E+00  0.385453E-01
  0.358123E+01  0.241303E+00  0.385074E-01
  0.358397E+01  0.248157E+00  0.385622E-01
  0.358670E+01  0.222319E+00  0.382083E-01
  0.358944E+01  0.229808E+00  0.382441E-01
  0.359217E+01  0.255748E+00  0.386833E-01
  0.359490E+01  0.206990E+00  0.384488E-01
  0.359764E+01  0.237892E+00  0.385653E-01
  0.360037E+01  0.333353E+00  0.386229E-01
  0.360311E+01  0.255193E+00  0.382610E-01
  0.360584E+01  0.217882E+00  0.381577E-01
  0.360857E+01  0.214870E+00  0.381668E-01
  0.361131E+01  0.221206E+00  0.384532E-01
  0.361404E+01  0.231387E+00  0.380747E-01
  0.361678E+01  0.258277E+00  0.386701E-01
  0.361951E+01  0.220373E+00  0.383920E-01
  0.362224E+01  0.219526E+00  0.386350E-01
  0.362498E+01  0.278068E+00  0.387170E-01
  0.362771E+01  0.214536E+00  0.384400E-01
  0.363045E+01  0.227205E+00  0.381808E-01
  0.363318E+01  0.176103E+00  0.385487E-01
  0.363591E+01  0.235751E+00  0.383515E-01
  0.363865E+01  0.261003E+00  0.384253E-01
  0.364138E+01  0.291913E+00  0.388976E-01
  0.364412E+01  0.304144E+00  0.384558E-01
  0.364685E+01  0.236802E+00  0.386150E-01
  0.364958E+01  0.295056E+00  0.384415E-01
  0.365232E+01  0.228033E+00  0.382591E-01
  0.365505E+01  0.258027E+00  0.382348E-01
  0.365779E+01  0.242996E+00  0.384282E-01
  0.366052E+01  0.141746E+00  0.381819E-01
  0.366325E+01  0.240108E+00  0.385223E-01
  0.366599E+01  0.260304E+00  0.387700E-01
  0.366872E+01  0.247076E+00  0.384374E-01
  0.367146E+01  0.214555E+00  0.381473E-01
  0.367419E+01  0.252619E+00  0.380564E-01
  0.367692E+01  0.210228E+00  0.383852E-01
  0.367966E+01  0.243773E+00  0.383852E-01
  0.368239E+01  0.256630E+00  0.384445E-01
  0.368513E+01  0.297638E+00  0.384573E-01
  0.368786E+01  0.273602E+00  0.383929E-01
  0.369059E+01  0.226941E+00  0.385667E-01
  0.369333E+01  0.195772E+00  0.383996E-01
  0.369606E+01  0.260149E+00  0.388924E-01
  0.369880E+01  0.212775E+00  0.384586E-01
  0.370153E+01  0.258692E+00  0.382785E-01
  0.370427E+01  0.229400E+00  0.381478E-01
  0.370700E+01  0.236415E+00  0.385956E-01
  0.370973E+01  0.259399E+00  0.389773E-01
  0.371247E+01  0.282600E+00  0.383039E-01
  0.371520E+01  0.268826E+00  0.385654E-01
  0.371794E+01  0.228138E+00  0.384582E-01
  0.372067E+01  0.276628E+00  0.386983E-01
  0.372340E+01  0.215141E+00  0.387571E-01
  0.372614E+01  0.164736E+00  0.383199E-01
  0.372887E+01  0.193926E+00  0.387004E-01
  0.373161E+01  0.262744E+00  0.386114E-01
  0.373434E+01  0.172821E+00  0.380739E-01
  0.373707E+01  0.213097E+00  0.384774E-01
  0.373981E+01  0.276958E+00  0.387097E-01
  0.374254E+01  0.264558E+00  0.386193E-01
  0.374528E+01  0.206252E+00  0.382714E-01
  0.374801E+01  0.280923E+00  0.381488E-01
  0.375074E+01  0.250456E+00  0.383372E-01
  0.375348E+01  0.271091E+00  0.389286E-01
  0.375621E+01  0.253235E+00  0.385428E-01
  0.375895E+01  0.238209E+00  0.385443E-01
  0.376168E+01  0.332323E+00  0.386637E-01
  0.376441E+01  0.218472E+00  0.384815E-01
  0.376715E+01  0.203271E+00  0.386730E-01
  0.376988E+01  0.199691E+00  0.383590E-01
  0.377262E+01  0.253510E+00  0.380606E-01
  0.377535E+01  0.246111E+00  0.383170E-01
  0.377808E+01  0.293600E+00  0.387723E-01
  0.378082E+01  0.204869E+00  0.382180E-01
  0.378355E+01  0.265585E+00  0.385573E-01
  0.378629E+01  0.246094E+00  0.387124E-01
  0.378902E+01  0.257491E+00  0.383417E-01
  0.379175E+01  0.184912E+00  0.382571E-01
  0.379449E+01  0.227863E+00  0.383747E-01
  0.379722E+01  0.240743E+00  0.383452E-01
  0.379996E+01  0.211374E+00  0.385654E-01
  0.380269E+01  0.241883E+00  0.385634E-01
  0.380542E+01  0.262573E+00  0.383924E-01
  0.380816E+01  0.221772E+00  0.382324E-01
  0.381089E+01  0.226460E+00  0.385750E-01
  0.381363E+01  0.211165E+00  0.386047E-01
  0.381636E+01  0.235204E+00  0.383431E-01
  0.381909E+01  0.310283E+00  0.380810E-01
  0.382183E+01  0.268868E+00  0.388055E-01
  0.382456E+01  0.244025E+00  0.383234E-01
  0.382730E+01  0.221965E+00  0.382715E-01
  0.383003E+01  0.285571E+00  0.383528E-01
  0.383277E+01  0.157828E+00  0.382660E-01
  0.383550E+01  0.256450E+00  0.385252E-01
  0.383823E+01  0.220708E+00  0.383849E-01
  0.384097E+01  0.234812E+00  0.382750E-01
  0.384370E+01  0.175747E+00  0.381893E-01
  0.384644E+01  0.222703E+00  0.381429E-01
  0.384917E+01  0.296599E+00  0.387590E-01
  0.385190E+01  0.235756E+00  0.381936E-01
  0.385464E+01  0.250032E+00  0.383543E-01
  0.385737E+01  0.201480E+00  0.384700E-01
  0.386011E+01  0.236374E+00  0.387175E-01
  0.386284E+01  0.305755E+00  0.383385E-01
  0.386557E+01  0.222548E+00  0.384885E-01
  0.386831E+01  0.266099E+00  0.382744E-01
  0.387104E+01  0.205679E+00  0.385062E-01
  0.387378E+01  0.234250E+00  0.382917E-01
  0.387651E+01  0.265616E+00  0.385006E-01
  0.387924E+01  0.226582E+00  0.382652E-01
  0.388198E+01  0.201750E+00  0.385925E-01
  0.388471E+01  0.140876E+00  0.384070E-01
  0.388745E+01  0.254939E+00  0.383975E-01
  0.389018E+01  0.192315E+00  0.384385E-01
  0.389291E+01  0.154482E+00  0.381930E-01
  0.389565E+01  0.243631E+00  0.386210E-01
  0.389838E+01  0.235228E+00  0.382543E-01
  0.390112E+01  0.203866E+00  0.380209E-01
  0.390385E+01  0.221783E+00  0.383902E-01
  0.390658E+01  0.207551E+00  0.381959E-01
  0.390932E+01  0.207022E+00  0.382815E-01
  0.391205E+01  0.202932E+00  0.385380E-01
  0.391479E+01  0.275704E+00  0.386011E-01
  0.391752E+01  0.208459E+00  0.383842E-01
  0.392025E+01  0.241331E+00  0.385556E-01
  0.392299E+01  0.206571E+00  0.383742E-01
  0.392572E+01  0.255125E+00  0.382005E-01
  0.392846E+01  0.214176E+00  0.380755E-01
  0.393119E+01  0.193444E+00  0.379876E-01
  0.393392E+01  0.229078E+00  0.385006E-01
  0.393666E+01  0.211463E+00  0.439338E-01
  0.393939E+01  0.215176E+00  0.469450E-01
  0.394213E+01  0.241137E+00  0.486052E-01
  0.394486E+01  0.196876E+00  0.524699E-01
  0.394759E+01  0.203188E+00  0.557400E-01
  0.395033E+01  0.286920E+00  0.571214E-01
  0.395306E+01  0.208505E+00  0.596459E-01
  0.395580E+01  0.340707E+00  0.605522E-01
  0.395853E+01  0.348467E+00  0.639048E-01
  0.396127E+01  0.174122E+00  0.656021E-01
  0.396400E+01  0.197930E+00  0.495038E-01
  0.396673E+01  0.117180E+00  0.464281E-01
  0.396947E+01  0.226591E+00  0.451816E-01
  0.397220E+01  0.202671E+00  0.440859E-01
  0.397494E+01  0.272776E+00  0.431161E-01
  0.397767E+01  0.197398E+00  0.431470E-01
  0.398040E+01  0.244627E+00  0.426526E-01
  0.398314E+01  0.218312E+00  0.425359E-01
  0.398587E+01  0.243388E+00  0.425110E-01
  0.398861E+01  0.271229E+00  0.424068E-01
  0.399134E+01  0.215206E+00  0.422329E-01
  0.399407E+01  0.235552E+00  0.416732E-01
  0.399681E+01  0.180131E+00  0.413874E-01
  0.399954E+01  0.230356E+00  0.421215E-01
  0.400228E+01  0.208197E+00  0.415547E-01
  0.400501E+01  0.179969E+00  0.415473E-01
  0.400774E+01  0.200899E+00  0.411914E-01
  0.401048E+01  0.242700E+00  0.412490E-01
  0.401321E+01  0.213094E+00  0.409652E-01
  0.401595E+01  0.228874E+00  0.402191E-01
  0.401868E+01  0.228536E+00  0.404299E-01
  0.402141E+01  0.202658E+00  0.398334E-01
  0.402415E+01  0.168295E+00  0.399237E-01
  0.402688E+01  0.253995E+00  0.394654E-01
  0.402962E+01  0.268578E+00  0.392853E-01
  0.403235E+01  0.219470E+00  0.388873E-01
  0.403508E+01  0.226749E+00  0.389823E-01
  0.403782E+01  0.148150E+00  0.383157E-01
  0.404055E+01  0.220593E+00  0.390282E-01
  0.404329E+01  0.221366E+00  0.386636E-01
  0.404602E+01  0.235700E+00  0.380741E-01
  0.404875E+01  0.220552E+00  0.388104E-01
  0.405149E+01  0.222291E+00  0.382471E-01
  0.405422E+01  0.217219E+00  0.385079E-01
  0.405696E+01  0.257228E+00  0.384373E-01
  0.405969E+01  0.220129E+00  0.383947E-01
  0.406242E+01  0.255199E+00  0.386578E-01
  0.406516E+01  0.254284E+00  0.384686E-01
  0.406789E+01  0.265162E+00  0.383684E-01
  0.407063E+01  0.256727E+00  0.384453E-01
  0.407336E+01  0.242666E+00  0.385852E-01
  0.407610E+01  0.217295E+00  0.384644E-01
  0.407883E+01  0.210138E+00  0.385045E-01
  0.408156E+01  0.216238E+00  0.386086E-01
  0.408430E+01  0.171260E+00  0.386244E-01
  0.408703E+01  0.161134E+00  0.383846E-01
  0.408977E+01  0.243383E+00  0.388009E-01
  0.409250E+01  0.240300E+00  0.389348E-01
  0.409523E+01  0.172618E+00  0.387133E-01
  0.409797E+01  0.178584E+00  0.383163E-01
  0.410070E+01  0.227823E+00  0.384610E-01
  0.410344E+01  0.176125E+00  0.384891E-01
  0.410617E+01  0.193401E+00  0.384075E-01
  0.410890E+01  0.232096E+00  0.383875E-01
  0.411164E+01  0.206132E+00  0.384319E-01
  0.411437E+01  0.214819E+00  0.386623E-01
  0.411711E+01  0.220107E+00  0.385440E-01
  0.411984E+01  0.194861E+00  0.384343E-01
  0.412257E+01  0.206403E+00  0.380907E-01
  0.412531E+01  0.151365E+00  0.382144E-01
  0.412804E+01  0.276990E+00  0.384580E-01
  0.413078E+01  0.202447E+00  0.381245E-01
  0.413351E+01  0.170245E+00  0.383413E-01
  0.413624E+01  0.192648E+00  0.383063E-01
  0.413898E+01  0.235232E+00  0.383131E-01
  0.414171E+01  0.200891E+00  0.383261E-01
  0.414445E+01  0.180789E+00  0.384775E-01
  0.414718E+01  0.190261E+00  0.385454E-01
  0.414991E+01  0.233825E+00  0.385009E-01
  0.415265E+01  0.220991E+00  0.383705E-01
  0.415538E+01  0.273328E+00  0.387256E-01
  0.415812E+01  0.202283E+00  0.383803E-01
  0.416085E+01  0.140314E+00  0.380201E-01
  0.416358E+01  0.210865E+00  0.384493E-01
  0.416632E+01  0.221281E+00  0.387227E-01
  0.416905E+01  0.192906E+00  0.383052E-01
  0.417179E+01  0.220443E+00  0.387022E-01
  0.417452E+01  0.182106E+00  0.380766E-01
  0.417725E+01  0.214088E+00  0.385317E-01
  0.417999E+01  0.248376E+00  0.385135E-01
  0.418272E+01  0.252547E+00  0.384841E-01
  0.418546E+01  0.173974E+00  0.386820E-01
  0.418819E+01  0.177897E+00  0.384557E-01
  0.419092E+01  0.185631E+00  0.384257E-01
  0.419366E+01  0.184023E+00  0.379960E-01
  0.419639E+01  0.219071E+00  0.384982E-01
  0.419913E+01  0.197368E+00  0.381946E-01
  0.420186E+01  0.248461E+00  0.385707E-01
  0.420460E+01  0.202577E+00  0.381979E-01
  0.420733E+01  0.221638E+00  0.383104E-01
  0.421006E+01  0.252418E+00  0.381904E-01
  0.421280E+01  0.177481E+00  0.384980E-01
  0.421553E+01  0.199668E+00  0.384660E-01
  0.421827E+01  0.185390E+00  0.383714E-01
  0.422100E+01  0.233236E+00  0.386160E-01
  0.422373E+01  0.231222E+00  0.382921E-01
  0.422647E+01  0.199406E+00  0.383896E-01
  0.422920E+01  0.282318E+00  0.388001E-01
  0.423194E+01  0.198990E+00  0.381932E-01
  0.423467E+01  0.260022E+00  0.384292E-01
  0.423740E+01  0.159410E+00  0.380954E-01
  0.424014E+01  0.194345E+00  0.380947E-01
  0.424287E+01  0.199782E+00  0.383935E-01
  0.424561E+01  0.194581E+00  0.383126E-01
  0.424834E+01  0.199019E+00  0.383501E-01
  0.425107E+01  0.190845E+00  0.379960E-01
  0.425381E+01  0.170562E+00  0.381335E-01
  0.425654E+01  0.186874E+00  0.383117E-01
  0.425928E+01  0.219659E+00  0.388241E-01
  0.426201E+01  0.194490E+00  0.383534E-01
  0.426474E+01  0.256411E+00  0.383763E-01
  0.426748E+01  0.261777E+00  0.384827E-01
  0.427021E+01  0.158792E+00  0.382801E-01
  0.427295E+01  0.181211E+00  0.386078E-01
  0.427568E+01  0.246085E+00  0.383283E-01
  0.427841E+01  0.258812E+00  0.386803E-01
  0.428115E+01  0.252370E+00  0.385426E-01
  0.428388E+01  0.168711E+00  0.377505E-01
  0.428662E+01  0.151997E+00  0.379675E-01
  0.428935E+01  0.193374E+00  0.381855E-01
  0.429208E+01  0.163894E+00  0.381618E-01
  0.429482E+01  0.185566E+00  0.381934E-01
  0.429755E+01  0.166494E+00  0.380718E-01
  0.430029E+01  0.144407E+00  0.381174E-01
  0.430302E+01  0.183725E+00  0.381408E-01
  0.430575E+01  0.203633E+00  0.380143E-01
  0.430849E+01  0.219360E+00  0.383294E-01
  0.431122E+01  0.115987E+00  0.380994E-01
  0.431396E+01  0.191717E+00  0.384184E-01
  0.431669E+01  0.164274E+00  0.383208E-01
  0.431942E+01  0.213580E+00  0.383526E-01
  0.432216E+01  0.234445E+00  0.384576E-01
  0.432489E+01  0.247842E+00  0.381723E-01
  0.432763E+01  0.212188E+00  0.380703E-01
  0.433036E+01  0.185635E+00  0.376134E-01
  0.433310E+01  0.186188E+00  0.384316E-01
  0.433583E+01  0.141143E+00  0.379910E-01
  0.433856E+01  0.154978E+00  0.378066E-01
  0.434130E+01  0.176923E+00  0.377722E-01
  0.434403E+01  0.199336E+00  0.383470E-01
  0.434677E+01  0.236163E+00  0.380885E-01
  0.434950E+01  0.235217E+00  0.385161E-01
  0.435223E+01  0.180953E+00  0.382334E-01
  0.435497E+01  0.199886E+00  0.379969E-01
  0.435770E+01  0.188363E+00  0.379750E-01
  0.436044E+01  0.231630E+00  0.381853E-01
  0.436317E+01  0.167200E+00  0.385100E-01
  0.436590E+01  0.173824E+00  0.379549E-01
  0.436864E+01  0.232282E+00  0.383229E-01
  0.437137E+01  0.169430E+00  0.379735E-01
  0.437411E+01  0.158286E+00  0.382055E-01
  0.437684E+01  0.243124E+00  0.383222E-01
  0.437957E+01  0.166568E+00  0.381750E-01
  0.438231E+01  0.955883E-01  0.379954E-01
  0.438504E+01  0.182702E+00  0.384866E-01
  0.438778E+01  0.143536E+00  0.381279E-01
  0.439051E+01  0.172216E+00  0.378408E-01
  0.439324E+01  0.188523E+00  0.379738E-01
  0.439598E+01  0.142137E+00  0.383197E-01
  0.439871E+01  0.139004E+00  0.377792E-01
  0.440145E+01  0.256232E+00  0.382283E-01
  0.440418E+01  0.174973E+00  0.379722E-01
  0.440691E+01  0.175531E+00  0.386275E-01
  0.440965E+01  0.208180E+00  0.382764E-01
  0.441238E+01  0.187150E+00  0.382569E-01
  0.441512E+01  0.236039E+00  0.380589E-01
  0.441785E+01  0.163395E+00  0.381768E-01
  0.442058E+01  0.142083E+00  0.380072E-01
  0.442332E+01  0.183686E+00  0.382751E-01
  0.442605E+01  0.125943E+00  0.382586E-01
  0.442879E+01  0.207841E+00  0.379852E-01
  0.443152E+01  0.220305E+00  0.381162E-01
  0.443425E+01  0.215352E+00  0.382927E-01
  0.443699E+01  0.167449E+00  0.381246E-01
  0.443972E+01  0.217157E+00  0.379777E-01
  0.444246E+01  0.188435E+00  0.382432E-01
  0.444519E+01  0.154793E+00  0.382598E-01
  0.444792E+01  0.125667E+00  0.376795E-01
  0.445066E+01  0.147426E+00  0.384684E-01
  0.445339E+01  0.126185E+00  0.381198E-01
  0.445613E+01  0.174364E+00  0.377983E-01
  0.445886E+01  0.152160E+00  0.379153E-01
  0.446160E+01  0.189990E+00  0.379138E-01
  0.446433E+01  0.234266E+00  0.381410E-01
  0.446706E+01  0.173916E+00  0.378586E-01
  0.446980E+01  0.198717E+00  0.379018E-01
  0.447253E+01  0.186092E+00  0.379942E-01
  0.447527E+01  0.181703E+00  0.379770E-01
  0.447800E+01  0.192167E+00  0.377837E-01
  0.448073E+01  0.162750E+00  0.378448E-01
  0.448347E+01  0.192410E+00  0.380346E-01
  0.448620E+01  0.227390E+00  0.380374E-01
  0.448894E+01  0.176163E+00  0.379415E-01
  0.449167E+01  0.173805E+00  0.378772E-01
  0.449440E+01  0.162303E+00  0.379018E-01
  0.449714E+01  0.124422E+00  0.377939E-01
  0.449987E+01  0.145132E+00  0.382844E-01
  0.450261E+01  0.234291E+00  0.381499E-01
  0.450534E+01  0.132752E+00  0.378572E-01
  0.450807E+01  0.207075E+00  0.380603E-01
  0.451081E+01  0.208375E+00  0.380957E-01
  0.451354E+01  0.163826E+00  0.382151E-01
  0.451628E+01  0.199862E+00  0.378762E-01
  0.451901E+01  0.193897E+00  0.379567E-01
  0.452174E+01  0.163667E+00  0.381738E-01
  0.452448E+01  0.170946E+00  0.375727E-01
  0.452721E+01  0.207778E+00  0.382447E-01
  0.452995E+01  0.171793E+00  0.380966E-01
  0.453268E+01  0.211385E+00  0.378105E-01
  0.453541E+01  0.243178E+00  0.383753E-01
  0.453815E+01  0.139958E+00  0.379181E-01
  0.454088E+01  0.160430E+00  0.379391E-01
  0.454362E+01  0.258230E+00  0.380985E-01
  0.454635E+01  0.125710E+00  0.381508E-01
  0.454908E+01  0.146113E+00  0.379102E-01
  0.455182E+01  0.168196E+00  0.382815E-01
  0.455455E+01  0.160745E+00  0.378885E-01
  0.455729E+01  0.772161E-01  0.380960E-01
  0.456002E+01  0.133891E+00  0.380088E-01
  0.456275E+01  0.169710E+00  0.383208E-01
  0.456549E+01  0.132281E+00  0.379419E-01
  0.456822E+01  0.173332E+00  0.381330E-01
  0.457096E+01  0.110807E+00  0.380612E-01
  0.457369E+01  0.180245E+00  0.379959E-01
  0.457643E+01  0.149222E+00  0.382454E-01
  0.457916E+01  0.145742E+00  0.381498E-01
  0.458189E+01  0.184107E+00  0.381160E-01
  0.458463E+01  0.215119E+00  0.383119E-01
  0.458736E+01  0.137292E+00  0.378440E-01
  0.459010E+01  0.135332E+00  0.385182E-01
  0.459283E+01  0.107698E+00  0.383032E-01
  0.459556E+01  0.164184E+00  0.379368E-01
  0.459830E+01  0.173936E+00  0.383914E-01
  0.460103E+01  0.976334E-01  0.379746E-01
  0.460377E+01  0.225130E+00  0.384584E-01
  0.460650E+01  0.155157E+00  0.383725E-01
  0.460923E+01  0.179451E+00  0.381626E-01
  0.461197E+01  0.163052E+00  0.383287E-01
  0.461470E+01  0.110297E+00  0.381648E-01
  0.461744E+01  0.181226E+00  0.381269E-01
  0.462017E+01  0.157686E+00  0.378767E-01
  0.462290E+01  0.157909E+00  0.379019E-01
  0.462564E+01  0.160934E+00  0.379390E-01
  0.462837E+01  0.111713E+00  0.385482E-01
  0.463111E+01  0.155503E+00  0.380803E-01
  0.463384E+01  0.158949E+00  0.383947E-01
  0.463657E+01  0.189185E+00  0.381748E-01
  0.463931E+01  0.233470E+00  0.379438E-01
  0.464204E+01  0.187375E+00  0.383266E-01
  0.464478E+01  0.125183E+00  0.380349E-01
  0.464751E+01  0.175247E+00  0.383083E-01
  0.465024E+01  0.166177E+00  0.383005E-01
  0.465298E+01  0.153622E+00  0.380357E-01
  0.465571E+01  0.182043E+00  0.382101E-01
  0.465845E+01  0.183788E+00  0.382590E-01
  0.466118E+01  0.118346E+00  0.382650E-01
  0.466391E+01  0.219862E+00  0.380083E-01
  0.466665E+01  0.147493E+00  0.377569E-01
  0.466938E+01  0.906694E-01  0.378505E-01
  0.467212E+01  0.154205E+00  0.379919E-01
  0.467485E+01  0.169010E+00  0.377789E-01
  0.467758E+01  0.251547E+00  0.383987E-01
  0.468032E+01  0.231232E+00  0.383956E-01
  0.468305E+01  0.158543E+00  0.381910E-01
  0.468579E+01  0.189158E+00  0.380707E-01
  0.468852E+01  0.174922E+00  0.381767E-01
  0.469125E+01  0.197615E+00  0.380497E-01
  0.469399E+01  0.208109E+00  0.386019E-01
  0.469672E+01  0.184107E+00  0.385347E-01
  0.469946E+01  0.161480E+00  0.378750E-01
  0.470219E+01  0.144821E+00  0.383237E-01
  0.470493E+01  0.202553E+00  0.383067E-01
  0.470766E+01  0.218286E+00  0.381936E-01
  0.471039E+01  0.182190E+00  0.378387E-01
  0.471313E+01  0.145375E+00  0.383202E-01
  0.471586E+01  0.144436E+00  0.381379E-01
  0.471860E+01  0.858360E-01  0.382218E-01
  0.472133E+01  0.120431E+00  0.383680E-01
  0.472406E+01  0.206704E+00  0.385819E-01
  0.472680E+01  0.187204E+00  0.383264E-01
  0.472953E+01  0.937604E-01  0.384535E-01
  0.473227E+01  0.168560E+00  0.381979E-01
  0.473500E+01  0.175478E+00  0.382267E-01
  0.473773E+01  0.143250E+00  0.380009E-01
  0.474047E+01  0.188172E+00  0.385122E-01
  0.474320E+01  0.134809E+00  0.383587E-01
  0.474594E+01  0.210229E+00  0.385894E-01
  0.474867E+01  0.175783E+00  0.381708E-01
  0.475140E+01  0.169272E+00  0.382475E-01
  0.475414E+01  0.167299E+00  0.382179E-01
  0.475687E+01  0.160735E+00  0.383598E-01
  0.475961E+01  0.229454E+00  0.387088E-01
  0.476234E+01  0.131678E+00  0.382930E-01
  0.476507E+01  0.229177E+00  0.384023E-01
  0.476781E+01  0.132626E+00  0.381016E-01
  0.477054E+01  0.184956E+00  0.386881E-01
  0.477328E+01  0.204117E+00  0.382111E-01
  0.477601E+01  0.121118E+00  0.384080E-01
  0.477874E+01  0.199083E+00  0.385643E-01
  0.478148E+01  0.246306E+00  0.384624E-01
  0.478421E+01  0.169673E+00  0.385619E-01
  0.478695E+01  0.144802E+00  0.383522E-01
  0.478968E+01  0.121387E+00  0.383795E-01
  0.479241E+01  0.138022E+00  0.384521E-01
  0.479515E+01  0.128953E+00  0.382834E-01
  0.479788E+01  0.122915E+00  0.383709E-01
  0.480062E+01  0.170536E+00  0.380995E-01
  0.480335E+01  0.132374E+00  0.384317E-01
  0.480608E+01  0.154474E+00  0.384864E-01
  0.480882E+01  0.127496E+00  0.383723E-01
  0.481155E+01  0.183571E+00  0.383988E-01
  0.481429E+01  0.927929E-01  0.383251E-01
  0.481702E+01  0.852171E-01  0.380893E-01
  0.481975E+01  0.164693E+00  0.382759E-01
  0.482249E+01  0.129202E+00  0.387843E-01
  0.482522E+01  0.129046E+00  0.384831E-01
  0.482796E+01  0.172379E+00  0.387787E-01
  0.483069E+01  0.131265E+00  0.383805E-01
  0.483343E+01  0.131948E+00  0.383788E-01
  0.483616E+01  0.129981E+00  0.385107E-01
  0.483889E+01  0.191768E+00  0.385914E-01
  0.484163E+01  0.142005E+00  0.387990E-01
  0.484436E+01  0.211341E+00  0.381808E-01
  0.484710E+01  0.139853E+00  0.383581E-01
  0.484983E+01  0.203344E+00  0.386247E-01
  0.485256E+01  0.155427E+00  0.382325E-01
  0.485530E+01  0.173916E+00  0.384493E-01
  0.485803E+01  0.146735E+00  0.387181E-01
  0.486077E+01  0.193131E+00  0.387914E-01
  0.486350E+01  0.130423E+00  0.385417E-01
  0.486623E+01  0.196285E+00  0.383084E-01
  0.486897E+01  0.243129E+00  0.388122E-01
  0.487170E+01  0.123023E+00  0.384634E-01
  0.487444E+01  0.225489E+00  0.386213E-01
  0.487717E+01  0.152406E+00  0.383413E-01
  0.487990E+01  0.173473E+00  0.383730E-01
  0.488264E+01  0.160378E+00  0.391375E-01
  0.488537E+01  0.148711E+00  0.386304E-01
  0.488811E+01  0.210697E+00  0.390586E-01
  0.489084E+01  0.224180E+00  0.387214E-01
  0.489357E+01  0.194283E+00  0.388473E-01
  0.489631E+01  0.137160E+00  0.384610E-01
  0.489904E+01  0.162122E+00  0.383532E-01
  0.490178E+01  0.164084E+00  0.388500E-01
  0.490451E+01  0.217887E+00  0.382745E-01
  0.490724E+01  0.161823E+00  0.387256E-01
  0.490998E+01  0.188590E+00  0.387488E-01
  0.491271E+01  0.170901E+00  0.387039E-01
  0.491545E+01  0.203298E+00  0.385532E-01
  0.491818E+01  0.151507E+00  0.387566E-01
  0.492091E+01  0.129478E+00  0.381834E-01
  0.492365E+01  0.179664E+00  0.385859E-01
  0.492638E+01  0.180062E+00  0.387581E-01
  0.492912E+01  0.164865E+00  0.388518E-01
  0.493185E+01  0.185008E+00  0.384096E-01
  0.493458E+01  0.210550E+00  0.386451E-01
  0.493732E+01  0.164913E+00  0.387301E-01
  0.494005E+01  0.181198E+00  0.388557E-01
  0.494279E+01  0.165570E+00  0.388416E-01
  0.494552E+01  0.193083E+00  0.387357E-01
  0.494825E+01  0.127901E+00  0.387075E-01
  0.495099E+01  0.173920E+00  0.386922E-01
  0.495372E+01  0.208803E+00  0.385848E-01
  0.495646E+01  0.159543E+00  0.387587E-01
  0.495919E+01  0.186931E+00  0.387301E-01
  0.496193E+01  0.185858E+00  0.388138E-01
  0.496466E+01  0.167843E+00  0.386169E-01
  0.496739E+01  0.238677E+00  0.390529E-01
  0.497013E+01  0.157961E+00  0.386983E-01
  0.497286E+01  0.185198E+00  0.390140E-01
  0.497560E+01  0.166536E+00  0.386768E-01
  0.497833E+01  0.167712E+00  0.385838E-01
  0.498106E+01  0.157895E+00  0.387392E-01
  0.498380E+01  0.229425E+00  0.389757E-01
  0.498653E+01  0.135755E+00  0.388483E-01
  0.498927E+01  0.156989E+00  0.385397E-01
  0.499200E+01  0.204421E+00  0.388761E-01
  0.499473E+01  0.191555E+00  0.389334E-01
  0.499747E+01  0.209158E+00  0.386964E-01
  0.500020E+01  0.169403E+00  0.388412E-01
