  0.502700E+00  0.289595E+02  0.192099E+00
  0.505434E+00  0.286106E+02  0.190792E+00
  0.508168E+00  0.285639E+02  0.191961E+00
  0.510902E+00  0.280247E+02  0.190518E+00
  0.513636E+00  0.276823E+02  0.186915E+00
  0.516370E+00  0.276573E+02  0.188131E+00
  0.519104E+00  0.270547E+02  0.185766E+00
  0.521838E+00  0.269046E+02  0.185338E+00
  0.524572E+00  0.263463E+02  0.183787E+00
  0.527306E+00  0.262501E+02  0.181644E+00
  0.530040E+00  0.259826E+02  0.181714E+00
  0.532774E+00  0.254952E+02  0.177973E+00
  0.535508E+00  0.255290E+02  0.179614E+00
  0.538242E+00  0.249911E+02  0.178633E+00
  0.540976E+00  0.248654E+02  0.176676E+00
  0.543710E+00  0.244342E+02  0.175994E+00
  0.546445E+00  0.240799E+02  0.173306E+00
  0.549179E+00  0.236554E+02  0.171972E+00
  0.551913E+00  0.234486E+02  0.169434E+00
  0.554647E+00  0.230387E+02  0.169352E+00
  0.557381E+00  0.232195E+02  0.169952E+00
  0.560115E+00  0.226017E+02  0.165416E+00
  0.562849E+00  0.223801E+02  0.165754E+00
  0.565583E+00  0.219432E+02  0.164656E+00
  0.568317E+00  0.218878E+02  0.165433E+00
  0.571051E+00  0.214750E+02  0.161788E+00
  0.573785E+00  0.213497E+02  0.161082E+00
  0.576519E+00  0.210860E+02  0.160209E+00
  0.579253E+00  0.206131E+02  0.159451E+00
  0.581987E+00  0.205166E+02  0.157331E+00
  0.584721E+00  0.203035E+02  0.158366E+00
  0.587455E+00  0.199563E+02  0.156221E+00
  0.590189E+00  0.198821E+02  0.155460E+00
  0.592923E+00  0.192612E+02  0.154223E+00
  0.595657E+00  0.195119E+02  0.152747E+00
  0.598391E+00  0.187830E+02  0.151081E+00
  0.601125E+00  0.189315E+02  0.152550E+00
  0.603859E+00  0.184035E+02  0.149958E+00
  0.606593E+00  0.181061E+02  0.148068E+00
  0.609328E+00  0.178616E+02  0.148071E+00
  0.612062E+00  0.175823E+02  0.146373E+00
  0.614796E+00  0.174835E+02  0.146872E+00
  0.617530E+00  0.172570E+02  0.144523E+00
  0.620264E+00  0.168887E+02  0.144426E+00
  0.622998E+00  0.167241E+02  0.143626E+00
  0.625732E+00  0.164964E+02  0.142292E+00
  0.628466E+00  0.164152E+02  0.139910E+00
  0.631200E+00  0.161000E+02  0.138842E+00
  0.633934E+00  0.159180E+02  0.140523E+00
  0.636668E+00  0.154711E+02  0.137757E+00
  0.639402E+00  0.153902E+02  0.136526E+00
  0.642136E+00  0.153152E+02  0.135869E+00
  0.644870E+00  0.151487E+02  0.135328E+00
  0.647604E+00  0.147907E+02  0.135689E+00
  0.650338E+00  0.146857E+02  0.134056E+00
  0.653072E+00  0.143767E+02  0.131918E+00
  0.655806E+00  0.143145E+02  0.133599E+00
  0.658540E+00  0.139577E+02  0.129855E+00
  0.661274E+00  0.139082E+02  0.132420E+00
  0.664008E+00  0.135374E+02  0.127878E+00
  0.666742E+00  0.134066E+02  0.128022E+00
  0.669476E+00  0.129886E+02  0.127366E+00
  0.672211E+00  0.128187E+02  0.126298E+00
  0.674945E+00  0.127853E+02  0.127145E+00
  0.677679E+00  0.124754E+02  0.123024E+00
  0.680413E+00  0.124512E+02  0.125606E+00
  0.683147E+00  0.121922E+02  0.124250E+00
  0.685881E+00  0.118625E+02  0.122287E+00
  0.688615E+00  0.119410E+02  0.123419E+00
  0.691349E+00  0.115268E+02  0.120303E+00
  0.694083E+00  0.115970E+02  0.121488E+00
  0.696817E+00  0.113038E+02  0.119672E+00
  0.699551E+00  0.112352E+02  0.118069E+00
  0.702285E+00  0.111151E+02  0.118940E+00
  0.705019E+00  0.109036E+02  0.118091E+00
  0.707753E+00  0.106789E+02  0.117606E+00
  0.710487E+00  0.104178E+02  0.115035E+00
  0.713221E+00  0.102194E+02  0.115601E+00
  0.715955E+00  0.100911E+02  0.115342E+00
  0.718689E+00  0.994525E+01  0.114537E+00
  0.721423E+00  0.987507E+01  0.114247E+00
  0.724157E+00  0.995130E+01  0.113715E+00
  0.726891E+00  0.961304E+01  0.111691E+00
  0.729625E+00  0.948148E+01  0.111970E+00
  0.732359E+00  0.950504E+01  0.111681E+00
  0.735094E+00  0.916196E+01  0.110803E+00
  0.737828E+00  0.884197E+01  0.108295E+00
  0.740562E+00  0.887951E+01  0.109748E+00
  0.743296E+00  0.875243E+01  0.108818E+00
  0.746030E+00  0.870438E+01  0.107738E+00
  0.748764E+00  0.855730E+01  0.106637E+00
  0.751498E+00  0.843434E+01  0.106839E+00
  0.754232E+00  0.824300E+01  0.106510E+00
  0.756966E+00  0.809406E+01  0.105152E+00
  0.759700E+00  0.804132E+01  0.105600E+00
  0.762434E+00  0.790131E+01  0.104755E+00
  0.765168E+00  0.801830E+01  0.105452E+00
  0.767902E+00  0.779009E+01  0.104001E+00
  0.770636E+00  0.758228E+01  0.103255E+00
  0.773370E+00  0.745334E+01  0.103395E+00
  0.776104E+00  0.758647E+01  0.103128E+00
  0.778838E+00  0.743283E+01  0.101965E+00
  0.781572E+00  0.716590E+01  0.100394E+00
  0.784306E+00  0.713003E+01  0.100728E+00
  0.787040E+00  0.707050E+01  0.100992E+00
  0.789774E+00  0.677673E+01  0.100063E+00
  0.792508E+00  0.676409E+01  0.999544E-01
  0.795242E+00  0.676403E+01  0.100315E+00
  0.797977E+00  0.671744E+01  0.100063E+00
  0.800711E+00  0.662835E+01  0.101382E+00
  0.803445E+00  0.646020E+01  0.992114E-01
  0.806179E+00  0.640372E+01  0.100552E+00
  0.808913E+00  0.625516E+01  0.100007E+00
  0.811647E+00  0.618678E+01  0.998846E-01
  0.814381E+00  0.604257E+01  0.985676E-01
  0.817115E+00  0.601067E+01  0.980425E-01
  0.819849E+00  0.595806E+01  0.998662E-01
  0.822583E+00  0.607971E+01  0.993506E-01
  0.825317E+00  0.577469E+01  0.988316E-01
  0.828051E+00  0.556456E+01  0.982380E-01
  0.830785E+00  0.558372E+01  0.972284E-01
  0.833519E+00  0.550778E+01  0.991910E-01
  0.836253E+00  0.563356E+01  0.981549E-01
  0.838987E+00  0.549301E+01  0.978229E-01
  0.841721E+00  0.521072E+01  0.979840E-01
  0.844455E+00  0.524786E+01  0.971246E-01
  0.847189E+00  0.520757E+01  0.976876E-01
  0.849923E+00  0.521879E+01  0.957222E-01
  0.852657E+00  0.488368E+01  0.970779E-01
  0.855391E+00  0.491715E+01  0.972438E-01
  0.858125E+00  0.494241E+01  0.977361E-01
  0.860860E+00  0.511395E+01  0.972234E-01
  0.863594E+00  0.484122E+01  0.955735E-01
  0.866328E+00  0.481365E+01  0.961391E-01
  0.869062E+00  0.466756E+01  0.964859E-01
  0.871796E+00  0.467243E+01  0.957254E-01
  0.874530E+00  0.450571E+01  0.957900E-01
  0.877264E+00  0.442242E+01  0.956148E-01
  0.879998E+00  0.452389E+01  0.962514E-01
  0.882732E+00  0.458345E+01  0.956617E-01
  0.885466E+00  0.431871E+01  0.944545E-01
  0.888200E+00  0.418123E+01  0.944392E-01
  0.890934E+00  0.432482E+01  0.943396E-01
  0.893668E+00  0.442591E+01  0.952878E-01
  0.896402E+00  0.429028E+01  0.950288E-01
  0.899136E+00  0.428380E+01  0.942525E-01
  0.901870E+00  0.398123E+01  0.936215E-01
  0.904604E+00  0.392525E+01  0.947251E-01
  0.907338E+00  0.411020E+01  0.937308E-01
  0.910072E+00  0.391749E+01  0.945249E-01
  0.912806E+00  0.400747E+01  0.944188E-01
  0.915540E+00  0.399807E+01  0.929286E-01
  0.918274E+00  0.399519E+01  0.941314E-01
  0.921009E+00  0.384520E+01  0.943238E-01
  0.923743E+00  0.395691E+01  0.938393E-01
  0.926477E+00  0.380651E+01  0.941836E-01
  0.929211E+00  0.385201E+01  0.920381E-01
  0.931945E+00  0.387025E+01  0.936700E-01
  0.934679E+00  0.379345E+01  0.931063E-01
  0.937413E+00  0.364326E+01  0.936618E-01
  0.940147E+00  0.366352E+01  0.935469E-01
  0.942881E+00  0.377237E+01  0.928835E-01
  0.945615E+00  0.375807E+01  0.938881E-01
  0.948349E+00  0.373187E+01  0.925154E-01
  0.951083E+00  0.361071E+01  0.928469E-01
  0.953817E+00  0.350543E+01  0.925058E-01
  0.956551E+00  0.346472E+01  0.923959E-01
  0.959285E+00  0.343854E+01  0.932834E-01
  0.962019E+00  0.349309E+01  0.921884E-01
  0.964753E+00  0.352239E+01  0.927302E-01
  0.967487E+00  0.345308E+01  0.918042E-01
  0.970221E+00  0.337850E+01  0.918044E-01
  0.972955E+00  0.352067E+01  0.929103E-01
  0.975689E+00  0.350532E+01  0.922001E-01
  0.978423E+00  0.333728E+01  0.934461E-01
  0.981157E+00  0.339473E+01  0.909410E-01
  0.983892E+00  0.336217E+01  0.929925E-01
  0.986626E+00  0.337214E+01  0.925684E-01
  0.989360E+00  0.326402E+01  0.923888E-01
  0.992094E+00  0.327724E+01  0.929851E-01
  0.994828E+00  0.327493E+01  0.912506E-01
  0.997562E+00  0.314047E+01  0.922663E-01
  0.100030E+01  0.315462E+01  0.904551E-01
  0.100303E+01  0.321032E+01  0.921085E-01
  0.100576E+01  0.320890E+01  0.913297E-01
  0.100850E+01  0.324153E+01  0.924047E-01
  0.101123E+01  0.322138E+01  0.918621E-01
  0.101397E+01  0.315860E+01  0.912231E-01
  0.101670E+01  0.298527E+01  0.919704E-01
  0.101943E+01  0.310934E+01  0.923482E-01
  0.102217E+01  0.313321E+01  0.915585E-01
  0.102490E+01  0.322360E+01  0.923106E-01
  0.102764E+01  0.318560E+01  0.904157E-01
  0.103037E+01  0.314782E+01  0.926068E-01
  0.103310E+01  0.308213E+01  0.913298E-01
  0.103584E+01  0.302666E+01  0.918199E-01
  0.103857E+01  0.314279E+01  0.921896E-01
  0.104131E+01  0.304043E+01  0.911640E-01
  0.104404E+01  0.313736E+01  0.922169E-01
  0.104677E+01  0.306161E+01  0.909671E-01
  0.104951E+01  0.303206E+01  0.913586E-01
  0.105224E+01  0.310832E+01  0.913405E-01
  0.105498E+01  0.303207E+01  0.911004E-01
  0.105771E+01  0.295046E+01  0.915292E-01
  0.106044E+01  0.304166E+01  0.908960E-01
  0.106318E+01  0.304096E+01  0.910896E-01
  0.106591E+01  0.302563E+01  0.905320E-01
  0.106865E+01  0.300334E+01  0.902075E-01
  0.107138E+01  0.305407E+01  0.916998E-01
  0.107411E+01  0.299277E+01  0.904853E-01
  0.107685E+01  0.287195E+01  0.919774E-01
  0.107958E+01  0.286552E+01  0.898010E-01
  0.108232E+01  0.287943E+01  0.903080E-01
  0.108505E+01  0.293730E+01  0.914365E-01
  0.108779E+01  0.287954E+01  0.901636E-01
  0.109052E+01  0.297110E+01  0.917735E-01
  0.109325E+01  0.293512E+01  0.894447E-01
  0.109599E+01  0.298111E+01  0.908220E-01
  0.109872E+01  0.297763E+01  0.907360E-01
  0.110146E+01  0.305424E+01  0.906991E-01
  0.110419E+01  0.290386E+01  0.905335E-01
  0.110692E+01  0.276695E+01  0.905326E-01
  0.110966E+01  0.280115E+01  0.904334E-01
  0.111239E+01  0.296543E+01  0.905604E-01
  0.111513E+01  0.275896E+01  0.896633E-01
  0.111786E+01  0.297759E+01  0.907644E-01
  0.112059E+01  0.280434E+01  0.899237E-01
  0.112333E+01  0.274550E+01  0.901552E-01
  0.112606E+01  0.278739E+01  0.904545E-01
  0.112880E+01  0.291071E+01  0.895128E-01
  0.113153E+01  0.277117E+01  0.906475E-01
  0.113426E+01  0.283429E+01  0.897321E-01
  0.113700E+01  0.283847E+01  0.897540E-01
  0.113973E+01  0.290297E+01  0.895727E-01
  0.114247E+01  0.277358E+01  0.902776E-01
  0.114520E+01  0.268943E+01  0.900422E-01
  0.114793E+01  0.279456E+01  0.900264E-01
  0.115067E+01  0.262487E+01  0.895079E-01
  0.115340E+01  0.252727E+01  0.901998E-01
  0.115614E+01  0.278864E+01  0.898062E-01
  0.115887E+01  0.269362E+01  0.899261E-01
  0.116160E+01  0.284070E+01  0.901286E-01
  0.116434E+01  0.272992E+01  0.896479E-01
  0.116707E+01  0.279567E+01  0.902223E-01
  0.116981E+01  0.269755E+01  0.894357E-01
  0.117254E+01  0.263804E+01  0.887458E-01
  0.117527E+01  0.269144E+01  0.898199E-01
  0.117801E+01  0.274927E+01  0.895674E-01
  0.118074E+01  0.269475E+01  0.896013E-01
  0.118348E+01  0.263274E+01  0.892712E-01
  0.118621E+01  0.257079E+01  0.891724E-01
  0.118894E+01  0.265930E+01  0.892139E-01
  0.119168E+01  0.263758E+01  0.887385E-01
  0.119441E+01  0.283841E+01  0.902953E-01
  0.119715E+01  0.262434E+01  0.889167E-01
  0.119988E+01  0.270056E+01  0.889352E-01
  0.120262E+01  0.259313E+01  0.890680E-01
  0.120535E+01  0.262762E+01  0.883250E-01
  0.120808E+01  0.257622E+01  0.884675E-01
  0.121082E+01  0.251730E+01  0.889943E-01
  0.121355E+01  0.257343E+01  0.894290E-01
  0.121629E+01  0.265765E+01  0.895003E-01
  0.121902E+01  0.255704E+01  0.882978E-01
  0.122175E+01  0.255466E+01  0.887677E-01
  0.122449E+01  0.256030E+01  0.882554E-01
  0.122722E+01  0.262976E+01  0.890090E-01
  0.122996E+01  0.244714E+01  0.940741E-01
  0.123269E+01  0.245663E+01  0.964194E-01
  0.123816E+01  0.229879E+01  0.983966E-01
  0.124089E+01  0.252284E+01  0.101697E+00
  0.124363E+01  0.247605E+01  0.104643E+00
  0.124636E+01  0.246401E+01  0.105923E+00
  0.124909E+01  0.235701E+01  0.106700E+00
  0.125183E+01  0.251486E+01  0.109326E+00
  0.125456E+01  0.244637E+01  0.107716E+00
  0.125730E+01  0.232990E+01  0.109545E+00
  0.126003E+01  0.242942E+01  0.112992E+00
  0.126276E+01  0.231069E+01  0.114196E+00
  0.126550E+01  0.224865E+01  0.103436E+00
  0.126823E+01  0.232249E+01  0.100680E+00
  0.127097E+01  0.229131E+01  0.991766E-01
  0.127370E+01  0.227272E+01  0.972767E-01
  0.127643E+01  0.231668E+01  0.946171E-01
  0.127917E+01  0.229553E+01  0.949669E-01
  0.128190E+01  0.226313E+01  0.933849E-01
  0.128464E+01  0.216334E+01  0.933112E-01
  0.128737E+01  0.214935E+01  0.931603E-01
  0.129010E+01  0.229818E+01  0.923829E-01
  0.129284E+01  0.230644E+01  0.912233E-01
  0.129557E+01  0.224811E+01  0.912243E-01
  0.129831E+01  0.230943E+01  0.900481E-01
  0.130104E+01  0.217575E+01  0.904012E-01
  0.130377E+01  0.210923E+01  0.885711E-01
  0.130651E+01  0.223410E+01  0.885985E-01
  0.130924E+01  0.215357E+01  0.900629E-01
  0.131198E+01  0.226968E+01  0.888299E-01
  0.131471E+01  0.212404E+01  0.886680E-01
  0.131744E+01  0.209344E+01  0.881167E-01
  0.132018E+01  0.210857E+01  0.883643E-01
  0.132291E+01  0.210629E+01  0.893669E-01
  0.132565E+01  0.206007E+01  0.877212E-01
  0.132838E+01  0.219245E+01  0.874617E-01
  0.133112E+01  0.209074E+01  0.873518E-01
  0.133385E+01  0.202236E+01  0.877346E-01
  0.133658E+01  0.196149E+01  0.881436E-01
  0.133932E+01  0.199119E+01  0.858501E-01
  0.134205E+01  0.199373E+01  0.876500E-01
  0.134479E+01  0.209780E+01  0.874680E-01
  0.134752E+01  0.193889E+01  0.876382E-01
  0.135025E+01  0.204994E+01  0.871907E-01
  0.135299E+01  0.198143E+01  0.870679E-01
  0.135572E+01  0.199619E+01  0.871713E-01
  0.135846E+01  0.188494E+01  0.875689E-01
  0.136119E+01  0.200390E+01  0.862401E-01
  0.136392E+01  0.190419E+01  0.867225E-01
  0.136666E+01  0.199628E+01  0.867048E-01
  0.136939E+01  0.185535E+01  0.863516E-01
  0.137213E+01  0.182621E+01  0.859449E-01
  0.137486E+01  0.181486E+01  0.862458E-01
  0.137759E+01  0.185798E+01  0.860521E-01
  0.138033E+01  0.173361E+01  0.862733E-01
  0.138306E+01  0.175360E+01  0.865365E-01
  0.138580E+01  0.169725E+01  0.859444E-01
  0.138853E+01  0.179276E+01  0.855113E-01
  0.139126E+01  0.177289E+01  0.857442E-01
  0.139400E+01  0.169186E+01  0.848084E-01
  0.139673E+01  0.168443E+01  0.863987E-01
  0.139947E+01  0.176386E+01  0.859922E-01
  0.140220E+01  0.167903E+01  0.857531E-01
  0.140493E+01  0.152027E+01  0.851917E-01
  0.140767E+01  0.169976E+01  0.848267E-01
  0.141040E+01  0.168067E+01  0.849197E-01
  0.141314E+01  0.174159E+01  0.859564E-01
  0.141587E+01  0.177702E+01  0.852981E-01
  0.141860E+01  0.168302E+01  0.849524E-01
  0.142134E+01  0.159259E+01  0.845288E-01
  0.142407E+01  0.167915E+01  0.851638E-01
  0.142681E+01  0.172357E+01  0.849864E-01
  0.142954E+01  0.157544E+01  0.843978E-01
  0.143227E+01  0.159440E+01  0.840606E-01
  0.143501E+01  0.149074E+01  0.849986E-01
  0.143774E+01  0.142432E+01  0.842174E-01
  0.144048E+01  0.150519E+01  0.841428E-01
  0.144321E+01  0.142344E+01  0.832686E-01
  0.144594E+01  0.148725E+01  0.846396E-01
  0.144868E+01  0.148524E+01  0.841474E-01
  0.145141E+01  0.148627E+01  0.846255E-01
  0.145415E+01  0.145959E+01  0.838058E-01
  0.145688E+01  0.147108E+01  0.838819E-01
  0.145962E+01  0.140626E+01  0.841219E-01
  0.146235E+01  0.147548E+01  0.832631E-01
  0.146508E+01  0.141946E+01  0.835027E-01
  0.146782E+01  0.149532E+01  0.832907E-01
  0.147055E+01  0.127027E+01  0.822660E-01
  0.147329E+01  0.126906E+01  0.820211E-01
  0.147602E+01  0.141112E+01  0.826072E-01
  0.147875E+01  0.129165E+01  0.817587E-01
  0.148149E+01  0.135572E+01  0.819716E-01
  0.148422E+01  0.120285E+01  0.813136E-01
  0.148696E+01  0.124294E+01  0.818531E-01
  0.148969E+01  0.127342E+01  0.801368E-01
  0.149242E+01  0.129691E+01  0.812738E-01
  0.149516E+01  0.130347E+01  0.813407E-01
  0.149789E+01  0.122749E+01  0.807539E-01
  0.150063E+01  0.104009E+01  0.811302E-01
  0.150336E+01  0.118397E+01  0.806884E-01
  0.150609E+01  0.124392E+01  0.815829E-01
  0.150883E+01  0.114920E+01  0.807959E-01
  0.151156E+01  0.120597E+01  0.808853E-01
  0.151430E+01  0.105235E+01  0.804931E-01
  0.151703E+01  0.111015E+01  0.814964E-01
  0.151976E+01  0.121840E+01  0.798306E-01
  0.152250E+01  0.118760E+01  0.807452E-01
  0.152523E+01  0.950921E+00  0.802333E-01
  0.152797E+01  0.960703E+00  0.800324E-01
  0.153070E+01  0.104638E+01  0.799461E-01
  0.153343E+01  0.995919E+00  0.801004E-01
  0.153617E+01  0.106795E+01  0.804227E-01
  0.153890E+01  0.984716E+00  0.788235E-01
  0.154164E+01  0.104217E+01  0.808246E-01
  0.154437E+01  0.964537E+00  0.796583E-01
  0.154710E+01  0.102875E+01  0.797499E-01
  0.154984E+01  0.970826E+00  0.800587E-01
  0.155257E+01  0.103080E+01  0.801904E-01
  0.155531E+01  0.888874E+00  0.791489E-01
  0.155804E+01  0.893047E+00  0.800277E-01
  0.156077E+01  0.950074E+00  0.797873E-01
  0.156351E+01  0.100779E+01  0.805850E-01
  0.156624E+01  0.924405E+00  0.802681E-01
  0.156898E+01  0.739327E+00  0.785707E-01
  0.157171E+01  0.948235E+00  0.794883E-01
  0.157444E+01  0.971139E+00  0.801803E-01
  0.157718E+01  0.954910E+00  0.800439E-01
  0.157991E+01  0.833525E+00  0.794501E-01
  0.158265E+01  0.843691E+00  0.786542E-01
  0.158538E+01  0.886584E+00  0.791366E-01
  0.158812E+01  0.724657E+00  0.789791E-01
  0.159085E+01  0.822235E+00  0.784869E-01
  0.159358E+01  0.773639E+00  0.783378E-01
  0.159632E+01  0.885400E+00  0.787715E-01
  0.159905E+01  0.817506E+00  0.782355E-01
  0.160179E+01  0.864560E+00  0.789204E-01
  0.160452E+01  0.845817E+00  0.787426E-01
  0.160725E+01  0.675589E+00  0.781617E-01
  0.160999E+01  0.858438E+00  0.787227E-01
  0.161272E+01  0.693383E+00  0.791702E-01
  0.161546E+01  0.768106E+00  0.786497E-01
  0.161819E+01  0.773399E+00  0.784745E-01
  0.162092E+01  0.733528E+00  0.785237E-01
  0.162366E+01  0.668953E+00  0.785544E-01
  0.162639E+01  0.714475E+00  0.782006E-01
  0.162913E+01  0.751697E+00  0.782104E-01
  0.163186E+01  0.762094E+00  0.781428E-01
  0.163459E+01  0.647044E+00  0.786284E-01
  0.163733E+01  0.778839E+00  0.790107E-01
  0.164006E+01  0.625216E+00  0.774338E-01
  0.164280E+01  0.734042E+00  0.788518E-01
  0.164553E+01  0.731149E+00  0.783788E-01
  0.164826E+01  0.779417E+00  0.785815E-01
  0.165100E+01  0.558297E+00  0.763826E-01
  0.165373E+01  0.675776E+00  0.782359E-01
  0.165647E+01  0.598581E+00  0.793678E-01
  0.165920E+01  0.676415E+00  0.775342E-01
  0.166193E+01  0.723914E+00  0.782827E-01
  0.166467E+01  0.631493E+00  0.774465E-01
  0.166740E+01  0.650251E+00  0.775649E-01
  0.167014E+01  0.510819E+00  0.778650E-01
  0.167287E+01  0.716956E+00  0.779153E-01
  0.167560E+01  0.620017E+00  0.768089E-01
  0.167834E+01  0.676702E+00  0.782067E-01
  0.168107E+01  0.642162E+00  0.782848E-01
  0.168381E+01  0.657352E+00  0.782457E-01
  0.168654E+01  0.543671E+00  0.766120E-01
  0.168927E+01  0.509552E+00  0.772020E-01
  0.169201E+01  0.569021E+00  0.770664E-01
  0.169474E+01  0.633126E+00  0.774114E-01
  0.169748E+01  0.464839E+00  0.761674E-01
  0.170021E+01  0.604118E+00  0.773310E-01
  0.170295E+01  0.457238E+00  0.772074E-01
  0.170568E+01  0.650658E+00  0.778610E-01
  0.170841E+01  0.601396E+00  0.765880E-01
  0.171115E+01  0.507217E+00  0.768211E-01
  0.171388E+01  0.542061E+00  0.777714E-01
  0.171662E+01  0.410111E+00  0.771064E-01
  0.171935E+01  0.662315E+00  0.769821E-01
  0.172208E+01  0.547871E+00  0.766477E-01
  0.172482E+01  0.569695E+00  0.765935E-01
  0.172755E+01  0.488669E+00  0.775579E-01
  0.173029E+01  0.471298E+00  0.772661E-01
  0.173302E+01  0.599335E+00  0.768803E-01
  0.173575E+01  0.413743E+00  0.764194E-01
  0.173849E+01  0.325526E+00  0.764967E-01
  0.174122E+01  0.519121E+00  0.773022E-01
  0.174396E+01  0.379517E+00  0.761341E-01
  0.174669E+01  0.536496E+00  0.762916E-01
  0.174942E+01  0.499618E+00  0.766690E-01
  0.175216E+01  0.400976E+00  0.763769E-01
  0.175489E+01  0.506196E+00  0.765214E-01
  0.175763E+01  0.488194E+00  0.765461E-01
  0.176036E+01  0.434777E+00  0.766367E-01
  0.176309E+01  0.453086E+00  0.766938E-01
  0.176583E+01  0.435626E+00  0.766138E-01
  0.176856E+01  0.396775E+00  0.764668E-01
  0.177130E+01  0.439657E+00  0.762847E-01
  0.177403E+01  0.445796E+00  0.761022E-01
  0.177676E+01  0.329209E+00  0.760643E-01
  0.177950E+01  0.324566E+00  0.756364E-01
  0.178223E+01  0.479069E+00  0.758477E-01
  0.178497E+01  0.435328E+00  0.761826E-01
  0.178770E+01  0.389519E+00  0.764180E-01
  0.179043E+01  0.396783E+00  0.762444E-01
  0.179317E+01  0.343267E+00  0.762218E-01
  0.179590E+01  0.354019E+00  0.754675E-01
  0.179864E+01  0.427802E+00  0.765209E-01
  0.180137E+01  0.500462E+00  0.771957E-01
  0.180410E+01  0.483833E+00  0.764334E-01
  0.180684E+01  0.519137E+00  0.760214E-01
  0.180957E+01  0.359089E+00  0.761109E-01
  0.181231E+01  0.476188E+00  0.760666E-01
  0.181504E+01  0.446767E+00  0.763109E-01
  0.181777E+01  0.306723E+00  0.753985E-01
  0.182051E+01  0.428468E+00  0.768512E-01
  0.182324E+01  0.294343E+00  0.757320E-01
  0.182598E+01  0.430710E+00  0.762761E-01
  0.182871E+01  0.328388E+00  0.758030E-01
  0.183145E+01  0.457525E+00  0.752974E-01
  0.183418E+01  0.450814E+00  0.768067E-01
  0.183691E+01  0.251638E+00  0.766215E-01
  0.183965E+01  0.396429E+00  0.762752E-01
  0.184238E+01  0.315043E+00  0.755086E-01
  0.184512E+01  0.351879E+00  0.750667E-01
  0.184785E+01  0.257251E+00  0.756927E-01
  0.185058E+01  0.318117E+00  0.753860E-01
  0.185332E+01  0.435400E+00  0.761963E-01
  0.185605E+01  0.402479E+00  0.751842E-01
  0.185879E+01  0.376677E+00  0.753212E-01
  0.186152E+01  0.315731E+00  0.752094E-01
  0.186425E+01  0.379731E+00  0.753186E-01
  0.186699E+01  0.427882E+00  0.761608E-01
  0.186972E+01  0.342077E+00  0.760081E-01
  0.187246E+01  0.220716E+00  0.747042E-01
  0.187519E+01  0.188697E+00  0.753596E-01
  0.187792E+01  0.299205E+00  0.753176E-01
  0.188066E+01  0.387591E+00  0.754435E-01
  0.188339E+01  0.373801E+00  0.755813E-01
  0.188613E+01  0.430854E+00  0.755507E-01
  0.188886E+01  0.369340E+00  0.754063E-01
  0.189159E+01  0.396303E+00  0.754210E-01
  0.189433E+01  0.315500E+00  0.756797E-01
  0.189706E+01  0.298984E+00  0.751218E-01
  0.189980E+01  0.268083E+00  0.750398E-01
  0.190253E+01  0.382017E+00  0.746962E-01
  0.190526E+01  0.340482E+00  0.758541E-01
  0.190800E+01  0.220750E+00  0.753341E-01
  0.191073E+01  0.311629E+00  0.742965E-01
  0.191347E+01  0.401931E+00  0.760933E-01
  0.191620E+01  0.353340E+00  0.751759E-01
  0.191893E+01  0.369475E+00  0.747864E-01
  0.192167E+01  0.301783E+00  0.752884E-01
  0.192440E+01  0.354071E+00  0.747180E-01
  0.192714E+01  0.416474E+00  0.746204E-01
  0.192987E+01  0.275072E+00  0.750709E-01
  0.193260E+01  0.264380E+00  0.747391E-01
  0.193534E+01  0.318788E+00  0.746984E-01
  0.193807E+01  0.351812E+00  0.745347E-01
  0.194081E+01  0.333402E+00  0.747537E-01
  0.194354E+01  0.267327E+00  0.740352E-01
  0.194627E+01  0.383198E+00  0.745245E-01
  0.194901E+01  0.314798E+00  0.750943E-01
  0.195174E+01  0.371174E+00  0.748839E-01
  0.195448E+01  0.299675E+00  0.752704E-01
  0.195721E+01  0.264545E+00  0.747267E-01
  0.195995E+01  0.408816E+00  0.745174E-01
  0.196268E+01  0.293115E+00  0.747624E-01
  0.196541E+01  0.334377E+00  0.747454E-01
  0.196815E+01  0.374870E+00  0.747573E-01
  0.197088E+01  0.257133E+00  0.747494E-01
  0.197362E+01  0.335357E+00  0.749293E-01
  0.197635E+01  0.143180E+00  0.743209E-01
  0.197908E+01  0.355144E+00  0.750430E-01
  0.198182E+01  0.286013E+00  0.741225E-01
  0.198455E+01  0.234201E+00  0.741796E-01
  0.198729E+01  0.208673E+00  0.743184E-01
  0.199002E+01  0.317716E+00  0.747445E-01
  0.199275E+01  0.131907E+00  0.750030E-01
  0.199549E+01  0.260138E+00  0.740321E-01
  0.199822E+01  0.267639E+00  0.738706E-01
  0.200096E+01  0.286660E+00  0.739988E-01
  0.200369E+01  0.318566E+00  0.746128E-01
  0.200642E+01  0.354557E+00  0.740830E-01
  0.200916E+01  0.346839E+00  0.746480E-01
  0.201189E+01  0.256588E+00  0.744273E-01
  0.201463E+01  0.264580E+00  0.742917E-01
  0.201736E+01  0.211961E+00  0.743016E-01
  0.202009E+01  0.395817E+00  0.747380E-01
  0.202283E+01  0.230130E+00  0.741504E-01
  0.202556E+01  0.161148E+00  0.744526E-01
  0.202830E+01  0.341436E+00  0.737894E-01
  0.203103E+01  0.224705E+00  0.746837E-01
  0.203376E+01  0.175262E+00  0.749607E-01
  0.203650E+01  0.188631E+00  0.735675E-01
  0.203923E+01  0.220110E+00  0.739523E-01
  0.204197E+01  0.200348E+00  0.744797E-01
  0.204470E+01  0.196965E+00  0.737641E-01
  0.204743E+01  0.262438E+00  0.740645E-01
  0.205017E+01  0.330488E+00  0.741763E-01
  0.205290E+01  0.222228E+00  0.741363E-01
  0.205564E+01  0.211379E+00  0.741040E-01
  0.205837E+01  0.210029E+00  0.741344E-01
  0.206110E+01  0.151239E+00  0.738144E-01
  0.206384E+01  0.281610E+00  0.740252E-01
  0.206657E+01  0.148693E+00  0.740586E-01
  0.206931E+01  0.385078E+00  0.747449E-01
  0.207204E+01  0.218985E+00  0.741595E-01
  0.207477E+01  0.182108E+00  0.740909E-01
  0.207751E+01  0.161770E+00  0.733795E-01
  0.208024E+01  0.285431E+00  0.733619E-01
  0.208298E+01  0.144474E+00  0.738445E-01
  0.208571E+01  0.229144E+00  0.742589E-01
  0.208845E+01  0.144437E+00  0.740049E-01
  0.209118E+01  0.180282E+00  0.739806E-01
  0.209391E+01  0.197776E+00  0.738504E-01
  0.209665E+01  0.158811E+00  0.736038E-01
  0.209938E+01  0.121928E+00  0.734823E-01
  0.210212E+01  0.215939E+00  0.730791E-01
  0.210485E+01  0.298840E+00  0.744736E-01
  0.210758E+01  0.248465E+00  0.741239E-01
  0.211032E+01  0.148596E+00  0.737623E-01
  0.211305E+01  0.265107E+00  0.729867E-01
  0.211579E+01  0.245271E+00  0.733652E-01
  0.211852E+01  0.272107E+00  0.736658E-01
  0.212125E+01  0.140603E+00  0.735667E-01
  0.212399E+01  0.146419E+00  0.731187E-01
  0.212672E+01  0.191008E+00  0.739004E-01
  0.212946E+01  0.214371E+00  0.729829E-01
  0.213219E+01  0.209037E+00  0.741472E-01
  0.213492E+01  0.210355E+00  0.733241E-01
  0.213766E+01  0.261218E+00  0.731431E-01
  0.214039E+01  0.196844E+00  0.733776E-01
  0.214313E+01  0.201706E+00  0.737273E-01
  0.214586E+01  0.145681E+00  0.734007E-01
  0.214859E+01  0.239754E+00  0.730299E-01
  0.215133E+01  0.243380E+00  0.735764E-01
  0.215406E+01  0.581366E-01  0.732226E-01
  0.215680E+01  0.199710E+00  0.734525E-01
  0.215953E+01  0.518434E-01  0.729048E-01
  0.216226E+01  0.205781E+00  0.727212E-01
  0.216500E+01  0.880562E-01  0.725667E-01
  0.216773E+01  0.288825E+00  0.734660E-01
  0.217047E+01  0.178283E+00  0.732765E-01
  0.217320E+01  0.188901E+00  0.733155E-01
  0.217593E+01  0.230778E+00  0.731438E-01
  0.217867E+01  0.176516E+00  0.733918E-01
  0.218140E+01  0.775975E-01  0.733018E-01
  0.218414E+01  0.177395E+00  0.729708E-01
  0.218687E+01  0.165410E+00  0.735783E-01
  0.218960E+01  0.177009E+00  0.731169E-01
  0.219234E+01  0.248458E+00  0.729312E-01
  0.219507E+01  0.139396E+00  0.727651E-01
  0.219781E+01  0.299374E+00  0.728289E-01
  0.220054E+01  0.167079E+00  0.734535E-01
  0.220328E+01  0.174125E+00  0.733984E-01
  0.220601E+01  0.453337E-01  0.725093E-01
  0.220874E+01  0.248158E+00  0.732227E-01
  0.221148E+01  0.255634E+00  0.731855E-01
  0.221421E+01  0.239822E+00  0.727051E-01
  0.221695E+01  0.145276E+00  0.730502E-01
  0.221968E+01  0.157239E+00  0.724334E-01
  0.222241E+01  0.180160E+00  0.732350E-01
  0.222515E+01  0.461254E-01  0.720148E-01
  0.222788E+01  0.191544E+00  0.732450E-01
  0.223062E+01  0.184671E+00  0.725956E-01
  0.223335E+01  0.180163E+00  0.725507E-01
  0.223608E+01  0.198264E+00  0.730659E-01
  0.223882E+01  0.125026E+00  0.726065E-01
  0.224155E+01  0.162427E+00  0.732963E-01
  0.224429E+01  0.173397E+00  0.725083E-01
  0.224702E+01  0.691988E-01  0.723389E-01
  0.224975E+01  0.115228E+00  0.726540E-01
  0.225249E+01  0.135664E+00  0.720716E-01
  0.225522E+01  0.146691E+00  0.722903E-01
  0.225796E+01  0.733087E-01  0.720967E-01
  0.226069E+01  0.213255E+00  0.732713E-01
  0.226342E+01  0.222028E+00  0.730171E-01
  0.226616E+01  0.137415E+00  0.725538E-01
  0.226889E+01  0.103366E+00  0.724265E-01
  0.227163E+01  0.180910E+00  0.723917E-01
  0.227436E+01  0.273873E+00  0.723051E-01
  0.227709E+01  0.259819E+00  0.726554E-01
  0.227983E+01  0.134384E+00  0.724759E-01
  0.228256E+01  0.107134E+00  0.721075E-01
  0.228530E+01 -0.104061E-01  0.717484E-01
  0.228803E+01  0.907340E-01  0.722397E-01
  0.229076E+01  0.819674E-01  0.722976E-01
  0.229350E+01  0.922657E-01  0.719863E-01
  0.229623E+01  0.182364E+00  0.722441E-01
  0.229897E+01  0.231188E+00  0.719424E-01
  0.230170E+01  0.733703E-01  0.719201E-01
  0.230443E+01  0.178654E+00  0.721753E-01
  0.230717E+01  0.143654E+00  0.724453E-01
  0.230990E+01  0.158834E+00  0.726551E-01
  0.231264E+01  0.186588E+00  0.720412E-01
  0.231537E+01  0.174617E+00  0.713372E-01
  0.231810E+01  0.175751E+00  0.720384E-01
  0.232084E+01  0.984343E-01  0.720032E-01
  0.232357E+01  0.168582E+00  0.722523E-01
  0.232631E+01  0.178337E+00  0.718257E-01
  0.232904E+01  0.209468E+00  0.719242E-01
  0.233178E+01  0.147431E+00  0.721330E-01
  0.233451E+01  0.921359E-01  0.721754E-01
  0.233724E+01  0.623858E-01  0.717302E-01
  0.233998E+01  0.184214E+00  0.718218E-01
  0.234271E+01  0.184578E+00  0.730001E-01
  0.234545E+01  0.102836E+00  0.722977E-01
  0.234818E+01  0.159926E+00  0.723884E-01
  0.235091E+01  0.116463E+00  0.714566E-01
  0.235365E+01  0.129584E+00  0.716915E-01
  0.235638E+01  0.643337E-01  0.715833E-01
  0.235912E+01  0.248132E+00  0.724045E-01
  0.236185E+01  0.137868E+00  0.723350E-01
  0.236458E+01  0.190181E+00  0.723686E-01
  0.236732E+01  0.160515E+00  0.719128E-01
  0.237005E+01  0.130210E+00  0.721551E-01
  0.237279E+01  0.193709E+00  0.714319E-01
  0.237552E+01  0.485508E-01  0.715742E-01
  0.237825E+01  0.224634E+00  0.718856E-01
  0.238099E+01  0.166327E+00  0.723641E-01
  0.238372E+01  0.203514E+00  0.714251E-01
  0.238646E+01  0.108401E+00  0.723013E-01
  0.238919E+01  0.154839E+00  0.718675E-01
  0.239192E+01  0.152284E+00  0.716488E-01
  0.239466E+01  0.583640E-01  0.723543E-01
  0.239739E+01  0.891526E-01  0.717231E-01
  0.240013E+01  0.201548E+00  0.718727E-01
  0.240286E+01  0.952938E-01  0.719352E-01
  0.240559E+01  0.425622E-01  0.713753E-01
  0.240833E+01  0.216370E+00  0.720899E-01
  0.241106E+01  0.158461E+00  0.714211E-01
  0.241380E+01  0.136582E+00  0.719121E-01
  0.241653E+01  0.593637E-01  0.709078E-01
  0.241926E+01  0.177291E+00  0.715305E-01
  0.242200E+01  0.156865E+00  0.712904E-01
  0.242473E+01  0.132433E+00  0.713840E-01
  0.242747E+01  0.113694E+00  0.712334E-01
  0.243020E+01  0.178337E+00  0.713699E-01
  0.243293E+01  0.233689E+00  0.714260E-01
  0.243567E+01  0.167970E+00  0.716336E-01
  0.243840E+01  0.165725E+00  0.708774E-01
  0.244114E+01  0.135995E+00  0.723699E-01
  0.244387E+01  0.304067E+00  0.712308E-01
  0.244660E+01  0.110566E+00  0.718989E-01
  0.244934E+01  0.181172E+00  0.712872E-01
  0.245207E+01  0.107894E+00  0.717377E-01
  0.245481E+01  0.195247E+00  0.719925E-01
  0.245754E+01  0.203627E+00  0.712296E-01
  0.246028E+01  0.201513E+00  0.718050E-01
  0.246301E+01  0.128871E+00  0.716706E-01
  0.246574E+01  0.108438E+00  0.712213E-01
  0.246848E+01  0.157835E+00  0.715141E-01
  0.247121E+01  0.215430E+00  0.713385E-01
  0.247395E+01  0.166339E+00  0.710782E-01
  0.247668E+01  0.113141E+00  0.717745E-01
  0.247941E+01  0.288159E+00  0.716621E-01
  0.248215E+01  0.154812E+00  0.713829E-01
  0.248488E+01  0.219053E+00  0.710631E-01
  0.248762E+01  0.166932E+00  0.715401E-01
  0.249035E+01  0.301055E+00  0.716656E-01
  0.249308E+01  0.133041E+00  0.709767E-01
  0.249582E+01  0.872410E-01  0.713064E-01
  0.249855E+01  0.168849E+00  0.710054E-01
  0.250129E+01  0.944689E-01  0.706932E-01
  0.250402E+01  0.255090E+00  0.716982E-01
  0.250675E+01  0.151658E+00  0.709836E-01
  0.250949E+01  0.256732E+00  0.716949E-01
  0.251222E+01  0.470073E-01  0.713265E-01
  0.251496E+01  0.198958E+00  0.713401E-01
  0.251769E+01  0.183096E+00  0.706440E-01
  0.252042E+01  0.291468E+00  0.713175E-01
  0.252316E+01  0.183514E+00  0.718641E-01
  0.252589E+01  0.211912E+00  0.710168E-01
  0.252863E+01  0.239346E+00  0.711186E-01
  0.253136E+01  0.234626E+00  0.714557E-01
  0.253409E+01  0.392304E+00  0.712288E-01
  0.253683E+01  0.152656E+00  0.715646E-01
  0.253956E+01  0.110621E+00  0.710764E-01
  0.254230E+01  0.229326E+00  0.715497E-01
  0.254503E+01  0.201985E+00  0.714863E-01
  0.254776E+01  0.191749E+00  0.708212E-01
  0.255050E+01  0.173968E+00  0.715652E-01
  0.255323E+01  0.242191E+00  0.713882E-01
  0.255597E+01  0.147732E+00  0.712457E-01
  0.255870E+01  0.226306E+00  0.707662E-01
  0.256143E+01  0.252275E+00  0.709718E-01
  0.256417E+01  0.207307E+00  0.715516E-01
  0.256690E+01  0.225634E+00  0.709225E-01
  0.256964E+01  0.209431E+00  0.715060E-01
  0.257237E+01  0.107123E+00  0.699030E-01
  0.257510E+01  0.205276E+00  0.704554E-01
  0.257784E+01  0.241621E+00  0.710703E-01
  0.258057E+01  0.252641E+00  0.715526E-01
  0.258331E+01  0.153869E+00  0.786261E-01
  0.258604E+01  0.226754E+00  0.834969E-01
  0.258878E+01  0.319378E+00  0.880401E-01
  0.259151E+01  0.158751E+00  0.902528E-01
  0.259424E+01  0.217565E+00  0.925708E-01
  0.259698E+01  0.299842E+00  0.971172E-01
  0.259971E+01  0.133597E+00  0.995913E-01
  0.260245E+01  0.241290E+00  0.103677E+00
  0.260518E+01  0.272862E+00  0.104618E+00
  0.260791E+01  0.278710E+00  0.109117E+00
  0.261065E+01  0.897565E-01  0.109300E+00
  0.261338E+01  0.379550E+00  0.112523E+00
  0.261612E+01  0.244894E+00  0.919128E-01
  0.261885E+01  0.170825E+00  0.875474E-01
  0.262158E+01  0.239628E+00  0.847109E-01
  0.262432E+01  0.177470E+00  0.841841E-01
  0.262705E+01  0.120990E+00  0.815407E-01
  0.262979E+01  0.407580E+00  0.809539E-01
  0.263252E+01  0.309940E+00  0.791412E-01
  0.263525E+01  0.110014E+00  0.783540E-01
  0.263799E+01  0.337703E+00  0.792014E-01
  0.264072E+01  0.309695E+00  0.777540E-01
  0.264346E+01  0.283293E+00  0.783958E-01
  0.264619E+01  0.302056E+00  0.779968E-01
  0.264892E+01  0.299998E+00  0.773728E-01
  0.265166E+01  0.257560E+00  0.773417E-01
  0.265439E+01  0.281552E+00  0.772852E-01
  0.265713E+01  0.272396E+00  0.770986E-01
  0.265986E+01  0.167953E+00  0.769282E-01
  0.266259E+01  0.236334E+00  0.770005E-01
  0.266533E+01  0.230915E+00  0.759371E-01
  0.266806E+01  0.270824E+00  0.769055E-01
  0.267080E+01  0.272452E+00  0.764509E-01
  0.267353E+01  0.440800E+00  0.764022E-01
  0.267626E+01  0.307214E+00  0.766947E-01
  0.267900E+01  0.288474E+00  0.768656E-01
  0.268173E+01  0.257722E+00  0.761379E-01
  0.268447E+01  0.315994E+00  0.765155E-01
  0.268720E+01  0.391715E+00  0.763338E-01
  0.268993E+01  0.325584E+00  0.767367E-01
  0.269267E+01  0.279112E+00  0.762507E-01
  0.269540E+01  0.215452E+00  0.760205E-01
  0.269814E+01  0.289514E+00  0.760034E-01
  0.270087E+01  0.333326E+00  0.758481E-01
  0.270361E+01  0.296196E+00  0.755747E-01
  0.270634E+01  0.217548E+00  0.750022E-01
  0.270907E+01  0.178755E+00  0.746419E-01
  0.271181E+01  0.260754E+00  0.739036E-01
  0.271454E+01  0.401994E+00  0.745908E-01
  0.271728E+01  0.189775E+00  0.732724E-01
  0.272001E+01  0.273739E+00  0.736285E-01
  0.272274E+01  0.310627E+00  0.728702E-01
  0.272548E+01  0.292436E+00  0.725886E-01
  0.272821E+01  0.355657E+00  0.729822E-01
  0.273095E+01  0.211212E+00  0.725030E-01
  0.273368E+01  0.359771E+00  0.728693E-01
  0.273641E+01  0.246852E+00  0.722745E-01
  0.273915E+01  0.319464E+00  0.720698E-01
  0.274188E+01  0.397928E+00  0.724153E-01
  0.274462E+01  0.253503E+00  0.721394E-01
  0.274735E+01  0.292250E+00  0.723073E-01
  0.275008E+01  0.239250E+00  0.718954E-01
  0.275282E+01  0.359668E+00  0.727652E-01
  0.275555E+01  0.274903E+00  0.723685E-01
  0.275829E+01  0.438547E+00  0.727712E-01
  0.276102E+01  0.286112E+00  0.723152E-01
  0.276375E+01  0.357958E+00  0.728952E-01
  0.276649E+01  0.325381E+00  0.725376E-01
  0.276922E+01  0.376923E+00  0.724584E-01
  0.277196E+01  0.392515E+00  0.718022E-01
  0.277469E+01  0.323914E+00  0.717727E-01
  0.277742E+01  0.370206E+00  0.723579E-01
  0.278016E+01  0.238632E+00  0.716693E-01
  0.278289E+01  0.360424E+00  0.717795E-01
  0.278563E+01  0.321102E+00  0.723903E-01
  0.278836E+01  0.214561E+00  0.713581E-01
  0.279109E+01  0.376318E+00  0.722859E-01
  0.279383E+01  0.327323E+00  0.727242E-01
  0.279656E+01  0.332070E+00  0.718341E-01
  0.279930E+01  0.180044E+00  0.720901E-01
  0.280203E+01  0.300172E+00  0.719526E-01
  0.280476E+01  0.329950E+00  0.722839E-01
  0.280750E+01  0.350739E+00  0.718900E-01
  0.281023E+01  0.285038E+00  0.719457E-01
  0.281297E+01  0.477851E+00  0.725367E-01
  0.281570E+01  0.312288E+00  0.723096E-01
  0.281843E+01  0.343576E+00  0.719252E-01
  0.282117E+01  0.268612E+00  0.720351E-01
  0.282390E+01  0.300709E+00  0.724029E-01
  0.282664E+01  0.259332E+00  0.719092E-01
  0.282937E+01  0.342216E+00  0.719474E-01
  0.283211E+01  0.323069E+00  0.719573E-01
  0.283484E+01  0.449777E+00  0.721488E-01
  0.283757E+01  0.359611E+00  0.719308E-01
  0.284031E+01  0.358062E+00  0.716979E-01
  0.284304E+01  0.308003E+00  0.718972E-01
  0.284578E+01  0.367072E+00  0.720868E-01
  0.284851E+01  0.345539E+00  0.723550E-01
  0.285124E+01  0.409147E+00  0.720361E-01
  0.285398E+01  0.378907E+00  0.713833E-01
  0.285671E+01  0.398211E+00  0.720243E-01
  0.285945E+01  0.265982E+00  0.722296E-01
  0.286218E+01  0.339762E+00  0.724297E-01
  0.286491E+01  0.329513E+00  0.716195E-01
  0.286765E+01  0.319035E+00  0.720499E-01
  0.287038E+01  0.192056E+00  0.718201E-01
  0.287312E+01  0.368064E+00  0.712980E-01
  0.287585E+01  0.389161E+00  0.714398E-01
  0.287858E+01  0.358769E+00  0.718753E-01
  0.288132E+01  0.325374E+00  0.719797E-01
  0.288405E+01  0.318095E+00  0.718864E-01
  0.288679E+01  0.284835E+00  0.716718E-01
  0.288952E+01  0.329148E+00  0.722225E-01
  0.289225E+01  0.389135E+00  0.720069E-01
  0.289499E+01  0.391831E+00  0.720596E-01
  0.289772E+01  0.241753E+00  0.713152E-01
  0.290046E+01  0.206094E+00  0.714568E-01
  0.290319E+01  0.358170E+00  0.713804E-01
  0.290592E+01  0.313713E+00  0.709343E-01
  0.290866E+01  0.306099E+00  0.719941E-01
  0.291139E+01  0.440975E+00  0.718922E-01
  0.291413E+01  0.250870E+00  0.711124E-01
  0.291686E+01  0.336303E+00  0.716524E-01
  0.291959E+01  0.360414E+00  0.715363E-01
  0.292233E+01  0.428611E+00  0.718085E-01
  0.292506E+01  0.352319E+00  0.718208E-01
  0.292780E+01  0.260836E+00  0.709102E-01
  0.293053E+01  0.293160E+00  0.712930E-01
  0.293326E+01  0.296950E+00  0.711506E-01
  0.293600E+01  0.316408E+00  0.713767E-01
  0.293873E+01  0.377781E+00  0.715351E-01
  0.294147E+01  0.326724E+00  0.712766E-01
  0.294420E+01  0.277223E+00  0.715340E-01
  0.294693E+01  0.272817E+00  0.714259E-01
  0.294967E+01  0.328624E+00  0.710857E-01
  0.295240E+01  0.318072E+00  0.716322E-01
  0.295514E+01  0.425993E+00  0.720863E-01
  0.295787E+01  0.311259E+00  0.717873E-01
  0.296061E+01  0.384161E+00  0.714026E-01
  0.296334E+01  0.326504E+00  0.712244E-01
  0.296607E+01  0.265383E+00  0.708990E-01
  0.296881E+01  0.382447E+00  0.715731E-01
  0.297154E+01  0.398525E+00  0.717297E-01
  0.297428E+01  0.352675E+00  0.712526E-01
  0.297701E+01  0.335444E+00  0.715855E-01
  0.297974E+01  0.478802E+00  0.715812E-01
  0.298248E+01  0.398295E+00  0.715922E-01
  0.298521E+01  0.341868E+00  0.711656E-01
  0.298795E+01  0.251461E+00  0.712925E-01
  0.299068E+01  0.326289E+00  0.713449E-01
  0.299341E+01  0.362189E+00  0.711964E-01
  0.299615E+01  0.242144E+00  0.713266E-01
  0.299888E+01  0.276314E+00  0.711619E-01
  0.300162E+01  0.384932E+00  0.716519E-01
  0.300435E+01  0.369313E+00  0.707753E-01
  0.300708E+01  0.365012E+00  0.708083E-01
  0.300982E+01  0.319183E+00  0.714787E-01
  0.301255E+01  0.356661E+00  0.711101E-01
  0.301529E+01  0.360603E+00  0.711272E-01
  0.301802E+01  0.433298E+00  0.710273E-01
  0.302075E+01  0.404574E+00  0.709669E-01
  0.302349E+01  0.322065E+00  0.715364E-01
  0.302622E+01  0.198329E+00  0.704359E-01
  0.302896E+01  0.293710E+00  0.711334E-01
  0.303169E+01  0.303693E+00  0.711450E-01
  0.303442E+01  0.302987E+00  0.711639E-01
  0.303716E+01  0.338561E+00  0.714143E-01
  0.303989E+01  0.219125E+00  0.706683E-01
  0.304263E+01  0.290745E+00  0.711587E-01
  0.304536E+01  0.389926E+00  0.710889E-01
  0.304809E+01  0.214728E+00  0.706505E-01
  0.305083E+01  0.276965E+00  0.711882E-01
  0.305356E+01  0.298108E+00  0.710598E-01
  0.305630E+01  0.266360E+00  0.710633E-01
  0.305903E+01  0.368198E+00  0.711427E-01
  0.306176E+01  0.386342E+00  0.708745E-01
  0.306450E+01  0.272934E+00  0.712180E-01
  0.306723E+01  0.244858E+00  0.711649E-01
  0.306997E+01  0.325665E+00  0.703912E-01
  0.307270E+01  0.372839E+00  0.706821E-01
  0.307543E+01  0.310132E+00  0.706703E-01
  0.307817E+01  0.353226E+00  0.706915E-01
  0.308090E+01  0.304576E+00  0.709667E-01
  0.308364E+01  0.193787E+00  0.697914E-01
  0.308637E+01  0.300737E+00  0.704576E-01
  0.308911E+01  0.393954E+00  0.713649E-01
  0.309184E+01  0.338717E+00  0.712156E-01
  0.309457E+01  0.479470E+00  0.707327E-01
  0.309731E+01  0.236540E+00  0.706872E-01
  0.310004E+01  0.151642E+00  0.707008E-01
  0.310278E+01  0.292485E+00  0.707631E-01
  0.310551E+01  0.313758E+00  0.704115E-01
  0.310824E+01  0.328586E+00  0.707859E-01
  0.311098E+01  0.405534E+00  0.710941E-01
  0.311371E+01  0.330851E+00  0.712649E-01
  0.311645E+01  0.365642E+00  0.707691E-01
  0.311918E+01  0.326105E+00  0.708031E-01
  0.312191E+01  0.322913E+00  0.711981E-01
  0.312465E+01  0.300770E+00  0.708840E-01
  0.312738E+01  0.255342E+00  0.705617E-01
  0.313012E+01  0.276765E+00  0.702883E-01
  0.313285E+01  0.337777E+00  0.710278E-01
  0.313558E+01  0.439811E+00  0.707763E-01
  0.313832E+01  0.259973E+00  0.702369E-01
  0.314105E+01  0.379641E+00  0.708718E-01
  0.314379E+01  0.396776E+00  0.709158E-01
  0.314652E+01  0.403127E+00  0.703838E-01
  0.314925E+01  0.307808E+00  0.708914E-01
  0.315199E+01  0.280845E+00  0.707701E-01
  0.315472E+01  0.228722E+00  0.702810E-01
  0.315746E+01  0.326878E+00  0.703703E-01
  0.316019E+01  0.313355E+00  0.702997E-01
  0.316292E+01  0.246801E+00  0.698715E-01
  0.316566E+01  0.442649E+00  0.711525E-01
  0.316839E+01  0.231202E+00  0.700858E-01
  0.317113E+01  0.285415E+00  0.701902E-01
  0.317386E+01  0.331587E+00  0.705908E-01
  0.317659E+01  0.312191E+00  0.697411E-01
  0.317933E+01  0.302402E+00  0.707989E-01
  0.318206E+01  0.329457E+00  0.703211E-01
  0.318480E+01  0.284978E+00  0.705079E-01
  0.318753E+01  0.318041E+00  0.705278E-01
  0.319026E+01  0.223589E+00  0.692482E-01
  0.319300E+01  0.317688E+00  0.705459E-01
  0.319573E+01  0.304123E+00  0.704790E-01
  0.319847E+01  0.309776E+00  0.705160E-01
  0.320120E+01  0.332244E+00  0.698013E-01
  0.320394E+01  0.314591E+00  0.714674E-01
  0.320667E+01  0.320804E+00  0.700711E-01
  0.320940E+01  0.281298E+00  0.700312E-01
  0.321214E+01  0.269723E+00  0.702357E-01
  0.321487E+01  0.338020E+00  0.696162E-01
  0.321761E+01  0.316729E+00  0.708494E-01
  0.322034E+01  0.305511E+00  0.706576E-01
  0.322307E+01  0.255530E+00  0.694214E-01
  0.322581E+01  0.431098E+00  0.707565E-01
  0.322854E+01  0.286420E+00  0.701500E-01
  0.323128E+01  0.303069E+00  0.700375E-01
  0.323401E+01  0.276488E+00  0.702572E-01
  0.323674E+01  0.261932E+00  0.702489E-01
  0.323948E+01  0.335491E+00  0.702990E-01
  0.324221E+01  0.288194E+00  0.707083E-01
  0.324495E+01  0.263206E+00  0.695885E-01
  0.324768E+01  0.339354E+00  0.705150E-01
  0.325041E+01  0.317192E+00  0.702565E-01
  0.325315E+01  0.286096E+00  0.698007E-01
  0.325588E+01  0.316993E+00  0.701558E-01
  0.325862E+01  0.310277E+00  0.702723E-01
  0.326135E+01  0.324385E+00  0.706069E-01
  0.326408E+01  0.310645E+00  0.706237E-01
  0.326682E+01  0.294091E+00  0.701148E-01
  0.326955E+01  0.222284E+00  0.695803E-01
  0.327229E+01  0.300947E+00  0.699252E-01
  0.327502E+01  0.361991E+00  0.704320E-01
  0.327775E+01  0.252887E+00  0.697135E-01
  0.328049E+01  0.219096E+00  0.698269E-01
  0.328322E+01  0.249337E+00  0.700501E-01
  0.328596E+01  0.340878E+00  0.697245E-01
  0.328869E+01  0.371084E+00  0.695627E-01
  0.329142E+01  0.156739E+00  0.699686E-01
  0.329416E+01  0.329233E+00  0.698037E-01
  0.329689E+01  0.219386E+00  0.698202E-01
  0.329963E+01  0.269873E+00  0.698870E-01
  0.330236E+01  0.231284E+00  0.697750E-01
  0.330509E+01  0.349951E+00  0.700211E-01
  0.330783E+01  0.359759E+00  0.701691E-01
  0.331056E+01  0.291674E+00  0.704662E-01
  0.331330E+01  0.230479E+00  0.697778E-01
  0.331603E+01  0.248549E+00  0.696089E-01
  0.331876E+01  0.266156E+00  0.699255E-01
  0.332150E+01  0.344641E+00  0.696595E-01
  0.332423E+01  0.214227E+00  0.697458E-01
  0.332697E+01  0.292155E+00  0.699266E-01
  0.332970E+01  0.300569E+00  0.707197E-01
  0.333244E+01  0.249078E+00  0.690593E-01
  0.333517E+01  0.295696E+00  0.701214E-01
  0.333790E+01  0.129321E+00  0.704730E-01
  0.334064E+01  0.252999E+00  0.703168E-01
  0.334337E+01  0.292088E+00  0.697685E-01
  0.334611E+01  0.256875E+00  0.695215E-01
  0.334884E+01  0.340249E+00  0.696275E-01
  0.335157E+01  0.267848E+00  0.697381E-01
  0.335431E+01  0.387192E+00  0.705584E-01
  0.335704E+01  0.312283E+00  0.696937E-01
  0.335978E+01  0.181995E+00  0.692313E-01
  0.336251E+01  0.342996E+00  0.694916E-01
  0.336524E+01  0.191386E+00  0.697038E-01
  0.336798E+01  0.327067E+00  0.696302E-01
  0.337071E+01  0.294894E+00  0.703221E-01
  0.337345E+01  0.302016E+00  0.690779E-01
  0.337618E+01  0.318082E+00  0.698161E-01
  0.337891E+01  0.163910E+00  0.695713E-01
  0.338165E+01  0.239226E+00  0.697156E-01
  0.338438E+01  0.243452E+00  0.699718E-01
  0.338712E+01  0.221065E+00  0.692099E-01
  0.338985E+01  0.296982E+00  0.696464E-01
  0.339258E+01  0.206754E+00  0.695437E-01
  0.339532E+01  0.151015E+00  0.693856E-01
  0.339805E+01  0.168936E+00  0.691218E-01
  0.340079E+01  0.243128E+00  0.700329E-01
  0.340352E+01  0.360326E+00  0.699639E-01
  0.340625E+01  0.333128E+00  0.693247E-01
  0.340899E+01  0.320270E+00  0.701992E-01
  0.341172E+01  0.283806E+00  0.699027E-01
  0.341446E+01  0.195757E+00  0.695001E-01
  0.341719E+01  0.249899E+00  0.698103E-01
  0.341992E+01  0.285590E+00  0.699372E-01
  0.342266E+01  0.260781E+00  0.696368E-01
  0.342539E+01  0.294050E+00  0.695740E-01
  0.342813E+01  0.227287E+00  0.697738E-01
  0.343086E+01  0.282589E+00  0.693902E-01
  0.343359E+01  0.262891E+00  0.696213E-01
  0.343633E+01  0.182973E+00  0.694470E-01
  0.343906E+01  0.287826E+00  0.696438E-01
  0.344180E+01  0.195378E+00  0.694538E-01
  0.344453E+01  0.193420E+00  0.691618E-01
  0.344726E+01  0.133839E+00  0.698589E-01
  0.345000E+01  0.128011E+00  0.691490E-01
  0.345273E+01  0.200895E+00  0.693343E-01
  0.345547E+01  0.216704E+00  0.695827E-01
  0.345820E+01  0.278109E+00  0.689309E-01
  0.346094E+01  0.256003E+00  0.691812E-01
  0.346367E+01  0.289513E+00  0.696010E-01
  0.346640E+01  0.321185E+00  0.697766E-01
  0.346914E+01  0.306999E+00  0.702352E-01
  0.347187E+01  0.300887E+00  0.702016E-01
  0.347461E+01  0.260419E+00  0.693533E-01
  0.347734E+01  0.240465E+00  0.690726E-01
  0.348007E+01  0.230586E+00  0.691110E-01
  0.348281E+01  0.108402E+00  0.692805E-01
  0.348554E+01  0.393370E+00  0.696988E-01
  0.348828E+01  0.204445E+00  0.694229E-01
  0.349101E+01  0.145265E+00  0.684568E-01
  0.349374E+01  0.309803E+00  0.695189E-01
  0.349648E+01  0.219158E+00  0.692024E-01
  0.349921E+01  0.272725E+00  0.694677E-01
  0.350195E+01  0.218020E+00  0.698643E-01
  0.350468E+01  0.228314E+00  0.699968E-01
  0.350741E+01  0.258216E+00  0.695682E-01
  0.351015E+01  0.223704E+00  0.692874E-01
  0.351288E+01  0.273651E+00  0.692077E-01
  0.351562E+01  0.227534E+00  0.690420E-01
  0.351835E+01  0.275868E+00  0.692647E-01
  0.352108E+01  0.260412E+00  0.698025E-01
  0.352382E+01  0.307605E+00  0.691686E-01
  0.352655E+01  0.342042E+00  0.696441E-01
  0.352929E+01  0.237031E+00  0.693969E-01
  0.353202E+01  0.159740E+00  0.696257E-01
  0.353475E+01  0.294137E+00  0.693868E-01
  0.353749E+01  0.179240E+00  0.695104E-01
  0.354022E+01  0.219129E+00  0.691215E-01
  0.354296E+01  0.305539E+00  0.699605E-01
  0.354569E+01  0.244491E+00  0.691937E-01
  0.354842E+01  0.314100E+00  0.693701E-01
  0.355116E+01  0.445420E+00  0.702156E-01
  0.355389E+01  0.284429E+00  0.697369E-01
  0.355663E+01  0.242069E+00  0.691939E-01
  0.355936E+01  0.200777E+00  0.692670E-01
  0.356209E+01  0.258613E+00  0.698300E-01
  0.356483E+01  0.259344E+00  0.693359E-01
  0.356756E+01  0.246007E+00  0.695912E-01
  0.357030E+01  0.281495E+00  0.689908E-01
  0.357303E+01  0.257214E+00  0.694365E-01
  0.357577E+01  0.294690E+00  0.692034E-01
  0.357850E+01  0.254861E+00  0.693794E-01
  0.358123E+01  0.206861E+00  0.694579E-01
  0.358397E+01  0.154301E+00  0.693633E-01
  0.358670E+01  0.218642E+00  0.690719E-01
  0.358944E+01  0.253536E+00  0.691535E-01
  0.359217E+01  0.313691E+00  0.698684E-01
  0.359490E+01  0.337412E+00  0.693264E-01
  0.359764E+01  0.311950E+00  0.695553E-01
  0.360037E+01  0.240013E+00  0.692218E-01
  0.360311E+01  0.242252E+00  0.687946E-01
  0.360584E+01  0.229612E+00  0.688762E-01
  0.360857E+01  0.232009E+00  0.684363E-01
  0.361131E+01  0.230212E+00  0.693915E-01
  0.361404E+01  0.245331E+00  0.686098E-01
  0.361678E+01  0.133750E+00  0.691195E-01
  0.361951E+01  0.174607E+00  0.691300E-01
  0.362224E+01  0.206894E+00  0.691901E-01
  0.362498E+01  0.286119E+00  0.697522E-01
  0.362771E+01  0.169431E+00  0.689763E-01
  0.363045E+01  0.249666E+00  0.690442E-01
  0.363318E+01  0.242785E+00  0.696386E-01
  0.363591E+01  0.243788E+00  0.688727E-01
  0.363865E+01  0.246367E+00  0.693156E-01
  0.364138E+01  0.272160E+00  0.697461E-01
  0.364412E+01  0.200321E+00  0.692983E-01
  0.364685E+01  0.212229E+00  0.695904E-01
  0.364958E+01  0.329901E+00  0.700222E-01
  0.365232E+01  0.167990E+00  0.691595E-01
  0.365505E+01  0.216641E+00  0.691930E-01
  0.365779E+01  0.243682E+00  0.697165E-01
  0.366052E+01  0.210888E+00  0.692443E-01
  0.366325E+01  0.160743E+00  0.695644E-01
  0.366599E+01  0.166267E+00  0.696555E-01
  0.366872E+01  0.993892E-01  0.694639E-01
  0.367146E+01  0.268628E+00  0.695300E-01
  0.367419E+01  0.178052E+00  0.692077E-01
  0.367692E+01  0.368549E+00  0.696464E-01
  0.367966E+01  0.225079E+00  0.695826E-01
  0.368239E+01  0.299444E+00  0.695418E-01
  0.368513E+01  0.222960E+00  0.692192E-01
  0.368786E+01  0.243264E+00  0.693068E-01
  0.369059E+01  0.403137E+00  0.702709E-01
  0.369333E+01  0.299222E+00  0.697973E-01
  0.369606E+01  0.339111E+00  0.704903E-01
  0.369880E+01  0.362094E+00  0.701190E-01
  0.370153E+01  0.120200E+00  0.688970E-01
  0.370427E+01  0.194120E+00  0.687605E-01
  0.370700E+01  0.293551E+00  0.692207E-01
  0.370973E+01  0.335691E+00  0.699752E-01
  0.371247E+01  0.251194E+00  0.691135E-01
  0.371520E+01  0.265316E+00  0.696853E-01
  0.371794E+01  0.213133E+00  0.695419E-01
  0.372067E+01  0.167081E+00  0.692310E-01
  0.372340E+01  0.280234E+00  0.698172E-01
  0.372614E+01  0.222702E+00  0.696681E-01
  0.372887E+01  0.300453E+00  0.698888E-01
  0.373161E+01  0.172192E+00  0.694711E-01
  0.373434E+01  0.229616E+00  0.690539E-01
  0.373707E+01  0.188630E+00  0.694217E-01
  0.373981E+01  0.293934E+00  0.694584E-01
  0.374254E+01  0.306810E+00  0.695980E-01
  0.374528E+01  0.211362E+00  0.691551E-01
  0.374801E+01  0.274318E+00  0.689354E-01
  0.375074E+01  0.218744E+00  0.691996E-01
  0.375348E+01  0.146386E+00  0.709650E-01
  0.375621E+01  0.244662E+00  0.697539E-01
  0.375895E+01  0.178578E+00  0.695390E-01
  0.376168E+01  0.184937E+00  0.696988E-01
  0.376441E+01  0.257203E+00  0.695120E-01
  0.376715E+01  0.196203E+00  0.700864E-01
  0.376988E+01  0.267242E+00  0.694857E-01
  0.377262E+01  0.154334E+00  0.682991E-01
  0.377535E+01  0.276213E+00  0.688646E-01
  0.377808E+01  0.338984E+00  0.694741E-01
  0.378082E+01  0.231946E+00  0.693525E-01
  0.378355E+01  0.142875E+00  0.694435E-01
  0.378629E+01  0.415884E+00  0.701481E-01
  0.378902E+01  0.269598E+00  0.695159E-01
  0.379175E+01  0.132540E+00  0.689922E-01
  0.379449E+01  0.277143E+00  0.696830E-01
  0.379722E+01  0.232297E+00  0.695858E-01
  0.379996E+01  0.249463E+00  0.696724E-01
  0.380269E+01  0.227263E+00  0.695085E-01
  0.380542E+01  0.179380E+00  0.693427E-01
  0.380816E+01  0.222255E+00  0.698235E-01
  0.381089E+01  0.249380E+00  0.697604E-01
  0.381363E+01  0.207518E+00  0.693121E-01
  0.381636E+01  0.147012E+00  0.690453E-01
  0.381909E+01  0.342115E+00  0.686338E-01
  0.382183E+01  0.203220E+00  0.697326E-01
  0.382456E+01  0.284507E+00  0.694628E-01
  0.382730E+01  0.245024E+00  0.693755E-01
  0.383003E+01  0.374585E+00  0.695752E-01
  0.383277E+01  0.316934E+00  0.693814E-01
  0.383550E+01  0.234687E+00  0.699934E-01
  0.383823E+01  0.277373E+00  0.697445E-01
  0.384097E+01  0.252111E+00  0.691235E-01
  0.384370E+01  0.223580E+00  0.692299E-01
  0.384644E+01  0.217453E+00  0.691563E-01
  0.384917E+01  0.271670E+00  0.693430E-01
  0.385190E+01  0.205377E+00  0.692595E-01
  0.385464E+01  0.299920E+00  0.693266E-01
  0.385737E+01  0.303508E+00  0.699533E-01
  0.386011E+01  0.154985E+00  0.695708E-01
  0.386284E+01  0.294958E+00  0.690103E-01
  0.386557E+01  0.198416E+00  0.694869E-01
  0.386831E+01  0.274233E+00  0.691578E-01
  0.387104E+01  0.286072E+00  0.691458E-01
  0.387378E+01  0.277633E+00  0.691701E-01
  0.387651E+01  0.185474E+00  0.695211E-01
  0.387924E+01  0.327429E+00  0.689283E-01
  0.388198E+01  0.173579E+00  0.697571E-01
  0.388471E+01  0.172184E+00  0.694152E-01
  0.388745E+01  0.226843E+00  0.688157E-01
  0.389018E+01  0.185155E+00  0.695101E-01
  0.389291E+01  0.161746E+00  0.695288E-01
  0.389565E+01  0.245936E+00  0.695225E-01
  0.389838E+01  0.251178E+00  0.692626E-01
  0.390112E+01  0.207517E+00  0.687100E-01
  0.390385E+01  0.199660E+00  0.688561E-01
  0.390658E+01  0.212356E+00  0.688553E-01
  0.390932E+01  0.178272E+00  0.692274E-01
  0.391205E+01  0.189921E+00  0.693299E-01
  0.391479E+01  0.251169E+00  0.692322E-01
  0.391752E+01  0.106166E+00  0.690391E-01
  0.392025E+01  0.298988E+00  0.696819E-01
  0.392299E+01  0.274706E+00  0.694355E-01
  0.392572E+01  0.253188E+00  0.691118E-01
  0.392846E+01  0.254892E+00  0.692004E-01
  0.393119E+01  0.213716E+00  0.688924E-01
  0.393392E+01  0.266542E+00  0.690963E-01
  0.393666E+01  0.318818E+00  0.797728E-01
  0.393939E+01  0.190264E+00  0.851524E-01
  0.394213E+01  0.134547E+00  0.877808E-01
  0.394486E+01  0.257984E+00  0.951204E-01
  0.394759E+01  0.260013E+00  0.101316E+00
  0.395033E+01  0.185325E+00  0.103843E+00
  0.395306E+01  0.126092E+00  0.106870E+00
  0.395580E+01  0.147254E+00  0.108944E+00
  0.395853E+01 -0.279263E-02  0.113638E+00
  0.396127E+01  0.432751E+00  0.120671E+00
  0.396400E+01  0.141865E+00  0.895019E-01
  0.396673E+01  0.231740E+00  0.842139E-01
  0.396947E+01  0.205244E+00  0.810682E-01
  0.397220E+01  0.151700E+00  0.804393E-01
  0.397494E+01  0.228953E+00  0.782388E-01
  0.397767E+01  0.280481E+00  0.777384E-01
  0.398040E+01  0.226916E+00  0.769359E-01
  0.398314E+01  0.275781E+00  0.760041E-01
  0.398587E+01  0.134377E+00  0.761378E-01
  0.398861E+01  0.189824E+00  0.767028E-01
  0.399134E+01  0.267346E+00  0.758966E-01
  0.399407E+01  0.248350E+00  0.753981E-01
  0.399681E+01  0.261757E+00  0.753572E-01
  0.399954E+01  0.361183E+00  0.757750E-01
  0.400228E+01  0.174051E+00  0.750620E-01
  0.400501E+01  0.268251E+00  0.749154E-01
  0.400774E+01  0.275261E+00  0.747885E-01
  0.401048E+01  0.244420E+00  0.741252E-01
  0.401321E+01  0.227874E+00  0.735636E-01
  0.401595E+01  0.283561E+00  0.731976E-01
  0.401868E+01  0.123006E+00  0.724491E-01
  0.402141E+01  0.268639E+00  0.723700E-01
  0.402415E+01  0.175428E+00  0.720447E-01
  0.402688E+01  0.283624E+00  0.714117E-01
  0.402962E+01  0.216849E+00  0.708000E-01
  0.403235E+01  0.251092E+00  0.704788E-01
  0.403508E+01  0.258811E+00  0.703054E-01
  0.403782E+01  0.242871E+00  0.692909E-01
  0.404055E+01  0.179929E+00  0.695828E-01
  0.404329E+01  0.238093E+00  0.698452E-01
  0.404602E+01  0.912850E-01  0.692573E-01
  0.404875E+01  0.243030E+00  0.695088E-01
  0.405149E+01  0.186212E+00  0.696515E-01
  0.405422E+01  0.171409E+00  0.697295E-01
  0.405696E+01  0.278425E+00  0.699965E-01
  0.405969E+01  0.225901E+00  0.689683E-01
  0.406242E+01  0.229195E+00  0.701384E-01
  0.406516E+01  0.285972E+00  0.688648E-01
  0.406789E+01  0.205182E+00  0.690728E-01
  0.407063E+01  0.192977E+00  0.694251E-01
  0.407336E+01  0.276055E+00  0.697341E-01
  0.407610E+01  0.213757E+00  0.694149E-01
  0.407883E+01  0.105766E+00  0.698495E-01
  0.408156E+01  0.203787E+00  0.696556E-01
  0.408430E+01  0.193291E+00  0.697360E-01
  0.408703E+01  0.238774E+00  0.690467E-01
  0.408977E+01  0.225104E+00  0.697302E-01
  0.409250E+01  0.296472E+00  0.701530E-01
  0.409523E+01  0.272983E+00  0.701484E-01
  0.409797E+01  0.150241E+00  0.692304E-01
  0.410070E+01  0.193021E+00  0.695410E-01
  0.410344E+01  0.139426E+00  0.697396E-01
  0.410617E+01  0.242071E+00  0.692676E-01
  0.410890E+01  0.131562E+00  0.689431E-01
  0.411164E+01  0.226775E+00  0.691860E-01
  0.411437E+01  0.290109E+00  0.701735E-01
  0.411711E+01  0.161944E+00  0.693147E-01
  0.411984E+01  0.254676E+00  0.695687E-01
  0.412257E+01  0.167968E+00  0.690820E-01
  0.412531E+01  0.115582E+00  0.686547E-01
  0.412804E+01  0.126485E+00  0.691174E-01
  0.413078E+01  0.333246E+00  0.693476E-01
  0.413351E+01  0.142063E+00  0.693475E-01
  0.413624E+01  0.282270E+00  0.692404E-01
  0.413898E+01  0.249257E+00  0.696042E-01
  0.414171E+01  0.223888E+00  0.694428E-01
  0.414445E+01  0.212627E+00  0.698695E-01
  0.414718E+01  0.118849E+00  0.694395E-01
  0.414991E+01  0.786012E-01  0.689280E-01
  0.415265E+01  0.250153E+00  0.692362E-01
  0.415538E+01  0.163577E+00  0.695862E-01
  0.415812E+01  0.226289E+00  0.695416E-01
  0.416085E+01  0.140711E+00  0.691053E-01
  0.416358E+01  0.224655E+00  0.694896E-01
  0.416632E+01  0.184325E+00  0.695005E-01
  0.416905E+01  0.281541E+00  0.691517E-01
  0.417179E+01  0.120562E+00  0.695070E-01
  0.417452E+01  0.157037E+00  0.689371E-01
  0.417725E+01  0.238930E+00  0.698028E-01
  0.417999E+01  0.240056E+00  0.692918E-01
  0.418272E+01  0.272390E+00  0.693944E-01
  0.418546E+01  0.101615E+00  0.696765E-01
  0.418819E+01  0.138993E+00  0.696398E-01
  0.419092E+01  0.176159E+00  0.695197E-01
  0.419366E+01  0.175653E+00  0.689335E-01
  0.419639E+01  0.109218E+00  0.695495E-01
  0.419913E+01  0.232215E+00  0.691620E-01
  0.420186E+01  0.178763E+00  0.698378E-01
  0.420460E+01  0.252302E+00  0.698198E-01
  0.420733E+01  0.183059E+00  0.693903E-01
  0.421006E+01  0.154812E+00  0.690825E-01
  0.421280E+01  0.247977E+00  0.695208E-01
  0.421553E+01  0.227240E+00  0.695877E-01
  0.421827E+01  0.188472E+00  0.691109E-01
  0.422100E+01  0.816365E-01  0.689983E-01
  0.422373E+01  0.121339E+00  0.693905E-01
  0.422647E+01  0.194618E+00  0.690994E-01
  0.422920E+01  0.122578E+00  0.692751E-01
  0.423194E+01  0.195162E+00  0.689191E-01
  0.423467E+01  0.293435E+00  0.696521E-01
  0.423740E+01  0.174352E+00  0.691389E-01
  0.424014E+01  0.264019E+00  0.693211E-01
  0.424287E+01  0.202437E+00  0.692648E-01
  0.424561E+01  0.147908E+00  0.687197E-01
  0.424834E+01  0.616837E-01  0.692480E-01
  0.425107E+01  0.121578E+00  0.687560E-01
  0.425381E+01  0.224074E+00  0.694078E-01
  0.425654E+01  0.139585E+00  0.690489E-01
  0.425928E+01  0.190214E+00  0.700744E-01
  0.426201E+01  0.271050E+00  0.691024E-01
  0.426474E+01  0.149670E+00  0.687952E-01
  0.426748E+01  0.189000E+00  0.690680E-01
  0.427021E+01  0.162666E+00  0.692840E-01
  0.427295E+01  0.168142E+00  0.693004E-01
  0.427568E+01  0.325966E+00  0.694570E-01
  0.427841E+01  0.212923E+00  0.693289E-01
  0.428115E+01  0.250923E+00  0.694649E-01
  0.428388E+01  0.129045E+00  0.684553E-01
  0.428662E+01  0.256097E+00  0.688400E-01
  0.428935E+01  0.256111E+00  0.690748E-01
  0.429208E+01  0.160392E+00  0.691521E-01
  0.429482E+01  0.189220E+00  0.686575E-01
  0.429755E+01  0.164874E+00  0.687510E-01
  0.430029E+01  0.886733E-01  0.685631E-01
  0.430302E+01  0.206891E+00  0.693465E-01
  0.430575E+01  0.131857E+00  0.686530E-01
  0.430849E+01  0.149005E+00  0.690826E-01
  0.431122E+01  0.232045E+00  0.690259E-01
  0.431396E+01  0.177762E+00  0.695438E-01
  0.431669E+01  0.773942E-01  0.693250E-01
  0.431942E+01  0.161114E+00  0.692265E-01
  0.432216E+01  0.259882E+00  0.696134E-01
  0.432489E+01  0.108919E+00  0.691735E-01
  0.432763E+01  0.131005E+00  0.691842E-01
  0.433036E+01  0.231916E+00  0.687261E-01
  0.433310E+01  0.271228E+00  0.695048E-01
  0.433583E+01  0.208630E+00  0.690850E-01
  0.433856E+01  0.107995E+00  0.684228E-01
  0.434130E+01  0.112945E+00  0.683156E-01
  0.434403E+01  0.119872E+00  0.693248E-01
  0.434677E+01  0.138477E+00  0.689119E-01
  0.434950E+01  0.187849E+00  0.693001E-01
  0.435223E+01  0.205244E+00  0.688766E-01
  0.435497E+01  0.221804E+00  0.691050E-01
  0.435770E+01  0.197018E+00  0.689862E-01
  0.436044E+01  0.211214E+00  0.693775E-01
  0.436317E+01  0.257025E+00  0.696351E-01
  0.436590E+01  0.297939E+00  0.690455E-01
  0.436864E+01  0.303425E+00  0.691884E-01
  0.437137E+01  0.245804E+00  0.688441E-01
  0.437411E+01  0.176035E+00  0.692788E-01
  0.437684E+01  0.160652E+00  0.691103E-01
  0.437957E+01  0.105211E-01  0.690838E-01
  0.438231E+01  0.110861E+00  0.689353E-01
  0.438504E+01  0.278681E+00  0.695868E-01
  0.438778E+01  0.176882E+00  0.686120E-01
  0.439051E+01  0.213670E+00  0.684833E-01
  0.439324E+01  0.250139E+00  0.690584E-01
  0.439598E+01  0.273335E+00  0.693219E-01
  0.439871E+01  0.213546E+00  0.683555E-01
  0.440145E+01  0.195337E+00  0.687250E-01
  0.440418E+01  0.171358E+00  0.687376E-01
  0.440691E+01  0.206399E+00  0.695581E-01
  0.440965E+01  0.206561E-01  0.685578E-01
  0.441238E+01  0.132954E+00  0.690660E-01
  0.441512E+01  0.157088E+00  0.687828E-01
  0.441785E+01  0.876764E-01  0.691253E-01
  0.442058E+01  0.195074E+00  0.684912E-01
  0.442332E+01  0.160280E+00  0.693178E-01
  0.442605E+01  0.102905E+00  0.688771E-01
  0.442879E+01  0.175252E+00  0.681084E-01
  0.443152E+01  0.126349E+00  0.685019E-01
  0.443425E+01  0.206578E+00  0.689731E-01
  0.443699E+01  0.225131E+00  0.687449E-01
  0.443972E+01  0.133468E+00  0.688239E-01
  0.444246E+01  0.247798E+00  0.688423E-01
  0.444519E+01  0.190824E+00  0.695541E-01
  0.444792E+01  0.187846E+00  0.681931E-01
  0.445066E+01  0.181873E+00  0.694366E-01
  0.445339E+01  0.729377E-01  0.689053E-01
  0.445613E+01  0.157131E+00  0.686468E-01
  0.445886E+01  0.114018E+00  0.684781E-01
  0.446160E+01  0.325083E+00  0.691528E-01
  0.446433E+01  0.366890E-01  0.683927E-01
  0.446706E+01  0.118860E+00  0.688645E-01
  0.446980E+01  0.921245E-01  0.686240E-01
  0.447253E+01 -0.306616E-01  0.684908E-01
  0.447527E+01  0.221308E+00  0.690574E-01
  0.447800E+01  0.169878E+00  0.687610E-01
  0.448073E+01  0.141843E+00  0.685510E-01
  0.448347E+01  0.167627E+00  0.686921E-01
  0.448620E+01  0.288752E+00  0.688864E-01
  0.448894E+01  0.228588E+00  0.689354E-01
  0.449167E+01  0.190545E+00  0.688028E-01
  0.449440E+01  0.166619E+00  0.690196E-01
  0.449714E+01  0.136688E+00  0.687069E-01
  0.449987E+01  0.141588E+00  0.690730E-01
  0.450261E+01  0.102281E+00  0.687057E-01
  0.450534E+01  0.138503E+00  0.683868E-01
  0.450807E+01  0.284866E+00  0.689619E-01
  0.451081E+01  0.220461E+00  0.696788E-01
  0.451354E+01  0.105585E+00  0.693672E-01
  0.451628E+01  0.166679E+00  0.683980E-01
  0.451901E+01  0.601478E-01  0.685463E-01
  0.452174E+01  0.143654E+00  0.689412E-01
  0.452448E+01  0.937359E-01  0.682947E-01
  0.452721E+01  0.943308E-01  0.685403E-01
  0.452995E+01  0.130563E+00  0.687889E-01
  0.453268E+01  0.966142E-01  0.687356E-01
  0.453541E+01  0.265566E+00  0.695129E-01
  0.453815E+01  0.954809E-01  0.691157E-01
  0.454088E+01  0.206306E+00  0.692080E-01
  0.454362E+01  0.178585E+00  0.687000E-01
  0.454635E+01  0.111651E+00  0.686735E-01
  0.454908E+01  0.199131E+00  0.687860E-01
  0.455182E+01  0.183441E+00  0.689071E-01
  0.455455E+01  0.122226E+00  0.680906E-01
  0.455729E+01  0.105798E+00  0.688997E-01
  0.456002E+01  0.101354E-01  0.686816E-01
  0.456275E+01  0.191953E+00  0.697942E-01
  0.456549E+01  0.158327E+00  0.688156E-01
  0.456822E+01  0.121024E+00  0.687322E-01
  0.457096E+01  0.129102E+00  0.686605E-01
  0.457369E+01  0.467473E-01  0.680628E-01
  0.457643E+01  0.197876E+00  0.691308E-01
  0.457916E+01  0.254833E+00  0.693238E-01
  0.458189E+01  0.125908E+00  0.687485E-01
  0.458463E+01  0.263116E-02  0.684766E-01
  0.458736E+01  0.400686E-01  0.681801E-01
  0.459010E+01  0.564835E-01  0.692333E-01
  0.459283E+01  0.190842E+00  0.696580E-01
  0.459556E+01  0.207269E+00  0.691297E-01
  0.459830E+01  0.175530E+00  0.693697E-01
  0.460103E+01  0.175180E+00  0.692596E-01
  0.460377E+01  0.771069E-01  0.690585E-01
  0.460650E+01  0.231579E+00  0.696502E-01
  0.460923E+01  0.178675E+00  0.688627E-01
  0.461197E+01  0.128821E+00  0.688635E-01
  0.461470E+01  0.145957E+00  0.686699E-01
  0.461744E+01  0.616384E-01  0.686219E-01
  0.462017E+01  0.510066E-01  0.684449E-01
  0.462290E+01  0.156077E+00  0.687470E-01
  0.462564E+01  0.138205E+00  0.686288E-01
  0.462837E+01  0.184303E+00  0.697489E-01
  0.463111E+01  0.127394E+00  0.689503E-01
  0.463384E+01  0.152355E+00  0.694952E-01
  0.463657E+01  0.177064E+00  0.692084E-01
  0.463931E+01  0.143479E+00  0.686301E-01
  0.464204E+01  0.138734E+00  0.689351E-01
  0.464478E+01  0.204226E+00  0.687103E-01
  0.464751E+01  0.212187E+00  0.695094E-01
  0.465024E+01  0.360604E-01  0.691804E-01
  0.465298E+01  0.134923E+00  0.687723E-01
  0.465571E+01  0.135462E+00  0.689674E-01
  0.465845E+01  0.754051E-01  0.693105E-01
  0.466118E+01  0.163302E+00  0.690098E-01
  0.466391E+01  0.111155E+00  0.687647E-01
  0.466665E+01  0.167930E+00  0.682428E-01
  0.466938E+01  0.178884E+00  0.689537E-01
  0.467212E+01  0.181856E+00  0.683853E-01
  0.467485E+01  0.857634E-01  0.683030E-01
  0.467758E+01  0.647608E-01  0.684394E-01
  0.468032E+01  0.114616E+00  0.692910E-01
  0.468305E+01  0.638130E-01  0.686465E-01
  0.468579E+01  0.181423E+00  0.687800E-01
  0.468852E+01  0.750405E-01  0.686261E-01
  0.469125E+01  0.196337E+00  0.680986E-01
  0.469399E+01  0.594549E-01  0.692035E-01
  0.469672E+01  0.181041E+00  0.695306E-01
  0.469946E+01  0.169097E+00  0.691729E-01
  0.470219E+01  0.940254E-01  0.694066E-01
  0.470493E+01  0.137359E+00  0.693240E-01
  0.470766E+01  0.162497E+00  0.691038E-01
  0.471039E+01  0.229187E-01  0.690080E-01
  0.471313E+01  0.149564E+00  0.693409E-01
  0.471586E+01  0.860996E-01  0.685319E-01
  0.471860E+01  0.189600E+00  0.696689E-01
  0.472133E+01  0.156216E+00  0.695244E-01
  0.472406E+01  0.237954E+00  0.694008E-01
  0.472680E+01  0.113472E+00  0.691624E-01
  0.472953E+01  0.196115E+00  0.692510E-01
  0.473227E+01  0.196614E+00  0.694035E-01
  0.473500E+01  0.280011E+00  0.693815E-01
  0.473773E+01  0.165405E+00  0.685243E-01
  0.474047E+01  0.107946E+00  0.693142E-01
  0.474320E+01  0.233652E+00  0.702134E-01
  0.474594E+01  0.177492E+00  0.692042E-01
  0.474867E+01  0.182144E+00  0.689947E-01
  0.475140E+01  0.118176E+00  0.697025E-01
  0.475414E+01  0.184744E+00  0.687740E-01
  0.475687E+01  0.154452E+00  0.695692E-01
  0.475961E+01  0.171572E+00  0.699138E-01
  0.476234E+01  0.138157E+00  0.693994E-01
  0.476507E+01  0.218404E+00  0.693978E-01
  0.476781E+01  0.539176E-01  0.689832E-01
  0.477054E+01  0.101217E+00  0.700428E-01
  0.477328E+01  0.244273E+00  0.689684E-01
  0.477601E+01  0.157252E+00  0.701922E-01
  0.477874E+01  0.274603E+00  0.699140E-01
  0.478148E+01  0.143378E+00  0.694293E-01
  0.478421E+01  0.193728E+00  0.697370E-01
  0.478695E+01  0.810312E-01  0.690342E-01
  0.478968E+01  0.637974E-01  0.695930E-01
  0.479241E+01  0.846026E-01  0.695282E-01
  0.479515E+01  0.217791E+00  0.692067E-01
  0.479788E+01  0.211902E+00  0.694905E-01
  0.480062E+01  0.221159E+00  0.696477E-01
  0.480335E+01  0.215551E+00  0.696593E-01
  0.480608E+01  0.180521E+00  0.694924E-01
  0.480882E+01  0.132847E+00  0.690692E-01
  0.481155E+01  0.941143E-01  0.698265E-01
  0.481429E+01  0.938892E-02  0.696393E-01
  0.481702E+01  0.217639E+00  0.691359E-01
  0.481975E+01  0.235044E+00  0.699527E-01
  0.482249E+01  0.239927E+00  0.701188E-01
  0.482522E+01  0.254517E+00  0.694665E-01
  0.482796E+01  0.963556E-01  0.700293E-01
  0.483069E+01  0.871845E-01  0.692108E-01
  0.483343E+01  0.947555E-01  0.692128E-01
  0.483616E+01  0.775835E-01  0.693390E-01
  0.483889E+01  0.176753E+00  0.700516E-01
  0.484163E+01  0.762186E-01  0.704856E-01
  0.484436E+01  0.132324E+00  0.691899E-01
  0.484710E+01  0.125265E+00  0.690786E-01
  0.484983E+01  0.789612E-01  0.694899E-01
  0.485256E+01  0.130637E+00  0.690906E-01
  0.485530E+01  0.144393E+00  0.694486E-01
  0.485803E+01  0.247440E+00  0.698331E-01
  0.486077E+01  0.236782E+00  0.698464E-01
  0.486350E+01  0.181220E+00  0.699952E-01
  0.486623E+01  0.928350E-01  0.701165E-01
  0.486897E+01 -0.151829E-01  0.696620E-01
  0.487170E+01  0.136925E+00  0.695003E-01
  0.487444E+01  0.321500E+00  0.694345E-01
  0.487717E+01  0.921169E-01  0.688524E-01
  0.487990E+01  0.811179E-01  0.698863E-01
  0.488264E+01  0.297902E+00  0.710671E-01
  0.488537E+01  0.277227E+00  0.697872E-01
  0.488811E+01  0.105225E+00  0.706717E-01
  0.489084E+01  0.113879E+00  0.696793E-01
  0.489357E+01  0.159803E+00  0.701989E-01
  0.489631E+01  0.250353E+00  0.700541E-01
  0.489904E+01  0.102522E+00  0.695055E-01
  0.490178E+01  0.188949E+00  0.702376E-01
  0.490451E+01  0.245129E+00  0.691238E-01
  0.490724E+01  0.275156E+00  0.704594E-01
  0.490998E+01  0.136968E+00  0.695375E-01
  0.491271E+01  0.143576E+00  0.700396E-01
  0.491545E+01  0.105854E+00  0.700489E-01
  0.491818E+01  0.133669E+00  0.699907E-01
  0.492091E+01  0.987243E-01  0.697361E-01
  0.492365E+01  0.210984E+00  0.694597E-01
  0.492638E+01  0.149243E+00  0.699054E-01
  0.492912E+01  0.126153E+00  0.699599E-01
  0.493185E+01  0.129189E+00  0.694900E-01
  0.493458E+01  0.104025E+00  0.702189E-01
  0.493732E+01  0.188044E+00  0.698876E-01
  0.494005E+01  0.164613E+00  0.707818E-01
  0.494279E+01  0.126247E+00  0.703827E-01
  0.494552E+01  0.312052E-01  0.700077E-01
  0.494825E+01  0.129789E+00  0.698233E-01
  0.495099E+01  0.160558E+00  0.700122E-01
  0.495372E+01  0.216791E+00  0.699961E-01
  0.495646E+01  0.338695E+00  0.699652E-01
  0.495919E+01  0.183465E+00  0.699216E-01
  0.496193E+01  0.239419E+00  0.703000E-01
  0.496466E+01  0.115453E+00  0.701960E-01
  0.496739E+01  0.231861E+00  0.704962E-01
  0.497013E+01  0.159732E+00  0.701385E-01
  0.497286E+01  0.185804E+00  0.702457E-01
  0.497560E+01  0.186916E+00  0.697322E-01
  0.497833E+01  0.192342E+00  0.702239E-01
  0.498106E+01  0.252831E+00  0.708347E-01
  0.498380E+01  0.156468E+00  0.707694E-01
  0.498653E+01  0.180252E+00  0.703958E-01
  0.498927E+01  0.173270E+00  0.699104E-01
  0.499200E+01  0.630655E-01  0.706643E-01
  0.499473E+01  0.274503E+00  0.705683E-01
  0.499747E+01  0.151929E+00  0.703573E-01
  0.500020E+01  0.255577E+00  0.697000E-01
