  0.502700E+00  0.295343E+02  0.187606E+00
  0.505434E+00  0.289845E+02  0.186171E+00
  0.508168E+00  0.289081E+02  0.187075E+00
  0.510902E+00  0.285772E+02  0.185819E+00
  0.513636E+00  0.278790E+02  0.181503E+00
  0.516370E+00  0.280235E+02  0.183314E+00
  0.519104E+00  0.276939E+02  0.181564E+00
  0.521838E+00  0.273459E+02  0.180758E+00
  0.524572E+00  0.266467E+02  0.178770E+00
  0.527306E+00  0.265189E+02  0.176628E+00
  0.530040E+00  0.262149E+02  0.176627E+00
  0.532774E+00  0.256529E+02  0.172194E+00
  0.535508E+00  0.259950E+02  0.174976E+00
  0.538242E+00  0.253253E+02  0.173043E+00
  0.540976E+00  0.251120E+02  0.171292E+00
  0.543710E+00  0.246269E+02  0.170208E+00
  0.546445E+00  0.241326E+02  0.167184E+00
  0.549179E+00  0.239735E+02  0.167166E+00
  0.551913E+00  0.234273E+02  0.164071E+00
  0.554647E+00  0.232883E+02  0.164297E+00
  0.557381E+00  0.230845E+02  0.163942E+00
  0.560115E+00  0.225696E+02  0.160006E+00
  0.562849E+00  0.224031E+02  0.159951E+00
  0.565583E+00  0.220070E+02  0.158490E+00
  0.568317E+00  0.218022E+02  0.158822E+00
  0.571051E+00  0.214270E+02  0.155864E+00
  0.573785E+00  0.212079E+02  0.155441E+00
  0.576519E+00  0.209197E+02  0.153896E+00
  0.579253E+00  0.207164E+02  0.153729E+00
  0.581987E+00  0.205421E+02  0.151948E+00
  0.584721E+00  0.202695E+02  0.152188E+00
  0.587455E+00  0.200862E+02  0.150886E+00
  0.590189E+00  0.197858E+02  0.149163E+00
  0.592923E+00  0.192447E+02  0.148953E+00
  0.595657E+00  0.191190E+02  0.146534E+00
  0.598391E+00  0.189914E+02  0.145630E+00
  0.601125E+00  0.185805E+02  0.145320E+00
  0.603859E+00  0.182769E+02  0.143563E+00
  0.606593E+00  0.181146E+02  0.141922E+00
  0.609328E+00  0.179074E+02  0.141991E+00
  0.612062E+00  0.175942E+02  0.140229E+00
  0.614796E+00  0.174403E+02  0.141029E+00
  0.617530E+00  0.170204E+02  0.137585E+00
  0.620264E+00  0.168718E+02  0.138398E+00
  0.622998E+00  0.167803E+02  0.137633E+00
  0.625732E+00  0.164632E+02  0.136335E+00
  0.628466E+00  0.163099E+02  0.134380E+00
  0.631200E+00  0.158685E+02  0.132464E+00
  0.633934E+00  0.156635E+02  0.133897E+00
  0.636668E+00  0.154681E+02  0.132070E+00
  0.639402E+00  0.152019E+02  0.130526E+00
  0.642136E+00  0.150330E+02  0.129320E+00
  0.644870E+00  0.148747E+02  0.128870E+00
  0.647604E+00  0.144004E+02  0.128795E+00
  0.650338E+00  0.144938E+02  0.127432E+00
  0.653072E+00  0.140447E+02  0.124964E+00
  0.655806E+00  0.139600E+02  0.126844E+00
  0.658540E+00  0.136524E+02  0.123814E+00
  0.661274E+00  0.136976E+02  0.126424E+00
  0.664008E+00  0.134988E+02  0.122051E+00
  0.666742E+00  0.132605E+02  0.121966E+00
  0.669476E+00  0.130421E+02  0.121576E+00
  0.672211E+00  0.128295E+02  0.120604E+00
  0.674945E+00  0.126275E+02  0.120912E+00
  0.677679E+00  0.125779E+02  0.117605E+00
  0.680413E+00  0.123231E+02  0.119200E+00
  0.683147E+00  0.120858E+02  0.118662E+00
  0.685881E+00  0.118833E+02  0.116787E+00
  0.688615E+00  0.117681E+02  0.117233E+00
  0.691349E+00  0.115391E+02  0.114946E+00
  0.694083E+00  0.113224E+02  0.115074E+00
  0.696817E+00  0.113562E+02  0.114577E+00
  0.699551E+00  0.110662E+02  0.111993E+00
  0.702285E+00  0.108378E+02  0.112787E+00
  0.705019E+00  0.107408E+02  0.112606E+00
  0.707753E+00  0.105347E+02  0.112370E+00
  0.710487E+00  0.102769E+02  0.109530E+00
  0.713221E+00  0.101715E+02  0.109586E+00
  0.715955E+00  0.100983E+02  0.109663E+00
  0.718689E+00  0.999241E+01  0.109282E+00
  0.721423E+00  0.991938E+01  0.108598E+00
  0.724157E+00  0.978897E+01  0.107531E+00
  0.726891E+00  0.941629E+01  0.105258E+00
  0.729625E+00  0.932626E+01  0.106188E+00
  0.732359E+00  0.923116E+01  0.105648E+00
  0.735094E+00  0.901371E+01  0.104844E+00
  0.737828E+00  0.893495E+01  0.102575E+00
  0.740562E+00  0.871699E+01  0.103606E+00
  0.743296E+00  0.866789E+01  0.103192E+00
  0.746030E+00  0.843629E+01  0.101430E+00
  0.748764E+00  0.821155E+01  0.100635E+00
  0.751498E+00  0.817061E+01  0.101309E+00
  0.754232E+00  0.798885E+01  0.100788E+00
  0.756966E+00  0.796433E+01  0.997688E-01
  0.759700E+00  0.786785E+01  0.993814E-01
  0.762434E+00  0.788346E+01  0.993425E-01
  0.765168E+00  0.779092E+01  0.994874E-01
  0.767902E+00  0.757240E+01  0.981996E-01
  0.770636E+00  0.745501E+01  0.973614E-01
  0.773370E+00  0.731116E+01  0.977048E-01
  0.776104E+00  0.730323E+01  0.968872E-01
  0.778838E+00  0.694328E+01  0.956251E-01
  0.781572E+00  0.702451E+01  0.949926E-01
  0.784306E+00  0.696984E+01  0.950768E-01
  0.787040E+00  0.688387E+01  0.957698E-01
  0.789774E+00  0.661606E+01  0.940939E-01
  0.792508E+00  0.672254E+01  0.943328E-01
  0.795242E+00  0.662722E+01  0.942954E-01
  0.797977E+00  0.644997E+01  0.941720E-01
  0.800711E+00  0.644579E+01  0.957895E-01
  0.803445E+00  0.638225E+01  0.935216E-01
  0.806179E+00  0.614115E+01  0.944474E-01
  0.808913E+00  0.613706E+01  0.940511E-01
  0.811647E+00  0.606946E+01  0.942275E-01
  0.814381E+00  0.597440E+01  0.929126E-01
  0.817115E+00  0.583194E+01  0.926258E-01
  0.819849E+00  0.574941E+01  0.939659E-01
  0.822583E+00  0.576788E+01  0.930857E-01
  0.825317E+00  0.554962E+01  0.932442E-01
  0.828051E+00  0.544900E+01  0.918630E-01
  0.830785E+00  0.536208E+01  0.917012E-01
  0.833519E+00  0.539483E+01  0.928316E-01
  0.836253E+00  0.535211E+01  0.919575E-01
  0.838987E+00  0.515269E+01  0.916435E-01
  0.841721E+00  0.527686E+01  0.926474E-01
  0.844455E+00  0.511871E+01  0.910560E-01
  0.847189E+00  0.515740E+01  0.922304E-01
  0.849923E+00  0.492960E+01  0.895317E-01
  0.852657E+00  0.496724E+01  0.913983E-01
  0.855391E+00  0.482440E+01  0.910804E-01
  0.858125E+00  0.480025E+01  0.919218E-01
  0.860860E+00  0.482540E+01  0.912518E-01
  0.863594E+00  0.462064E+01  0.896357E-01
  0.866328E+00  0.460595E+01  0.902515E-01
  0.869062E+00  0.446849E+01  0.900958E-01
  0.871796E+00  0.456802E+01  0.900615E-01
  0.874530E+00  0.440985E+01  0.894839E-01
  0.877264E+00  0.441953E+01  0.896065E-01
  0.879998E+00  0.454638E+01  0.909048E-01
  0.882732E+00  0.427246E+01  0.899031E-01
  0.885466E+00  0.425963E+01  0.888938E-01
  0.888200E+00  0.425948E+01  0.891847E-01
  0.890934E+00  0.414249E+01  0.884515E-01
  0.893668E+00  0.401881E+01  0.895451E-01
  0.896402E+00  0.404741E+01  0.885355E-01
  0.899136E+00  0.398902E+01  0.880042E-01
  0.901870E+00  0.397964E+01  0.883622E-01
  0.904604E+00  0.390053E+01  0.887590E-01
  0.907338E+00  0.386711E+01  0.872830E-01
  0.910072E+00  0.377755E+01  0.883492E-01
  0.912806E+00  0.384648E+01  0.880207E-01
  0.915540E+00  0.385979E+01  0.872890E-01
  0.918274E+00  0.376731E+01  0.884325E-01
  0.921009E+00  0.375704E+01  0.879704E-01
  0.923743E+00  0.382295E+01  0.881831E-01
  0.926477E+00  0.372835E+01  0.880916E-01
  0.929211E+00  0.372397E+01  0.861734E-01
  0.931945E+00  0.357944E+01  0.876542E-01
  0.934679E+00  0.351506E+01  0.869636E-01
  0.937413E+00  0.342773E+01  0.875751E-01
  0.940147E+00  0.341349E+01  0.874971E-01
  0.942881E+00  0.364506E+01  0.865426E-01
  0.945615E+00  0.351616E+01  0.876737E-01
  0.948349E+00  0.355948E+01  0.861893E-01
  0.951083E+00  0.344084E+01  0.869427E-01
  0.953817E+00  0.328991E+01  0.863518E-01
  0.956551E+00  0.335766E+01  0.867526E-01
  0.959285E+00  0.332802E+01  0.874364E-01
  0.962019E+00  0.336990E+01  0.858573E-01
  0.964753E+00  0.342474E+01  0.869520E-01
  0.967487E+00  0.327511E+01  0.860869E-01
  0.970221E+00  0.323547E+01  0.864145E-01
  0.972955E+00  0.332806E+01  0.867745E-01
  0.975689E+00  0.335057E+01  0.858515E-01
  0.978423E+00  0.316018E+01  0.872707E-01
  0.981157E+00  0.314397E+01  0.856070E-01
  0.983892E+00  0.327042E+01  0.872978E-01
  0.986626E+00  0.320849E+01  0.865272E-01
  0.989360E+00  0.307968E+01  0.861382E-01
  0.992094E+00  0.314311E+01  0.867943E-01
  0.994828E+00  0.306561E+01  0.856989E-01
  0.997562E+00  0.301502E+01  0.859785E-01
  0.100030E+01  0.312703E+01  0.850680E-01
  0.100303E+01  0.298443E+01  0.856127E-01
  0.100576E+01  0.289584E+01  0.854835E-01
  0.100850E+01  0.296158E+01  0.855083E-01
  0.101123E+01  0.294737E+01  0.856377E-01
  0.101397E+01  0.308757E+01  0.849655E-01
  0.101670E+01  0.296188E+01  0.862347E-01
  0.101943E+01  0.290496E+01  0.856694E-01
  0.102217E+01  0.279211E+01  0.849509E-01
  0.102490E+01  0.298492E+01  0.862051E-01
  0.102764E+01  0.284483E+01  0.842784E-01
  0.103037E+01  0.272965E+01  0.860141E-01
  0.103310E+01  0.297376E+01  0.849113E-01
  0.103584E+01  0.287391E+01  0.856260E-01
  0.103857E+01  0.293646E+01  0.856075E-01
  0.104131E+01  0.287130E+01  0.851655E-01
  0.104404E+01  0.275787E+01  0.857539E-01
  0.104677E+01  0.264223E+01  0.839547E-01
  0.104951E+01  0.282783E+01  0.852269E-01
  0.105224E+01  0.272735E+01  0.848795E-01
  0.105498E+01  0.281245E+01  0.846116E-01
  0.105771E+01  0.287630E+01  0.858532E-01
  0.106044E+01  0.278383E+01  0.843779E-01
  0.106318E+01  0.278843E+01  0.849414E-01
  0.106591E+01  0.269131E+01  0.840045E-01
  0.106865E+01  0.274873E+01  0.842442E-01
  0.107138E+01  0.281427E+01  0.857435E-01
  0.107411E+01  0.274392E+01  0.839163E-01
  0.107685E+01  0.269887E+01  0.854111E-01
  0.107958E+01  0.269359E+01  0.835563E-01
  0.108232E+01  0.255852E+01  0.843544E-01
  0.108505E+01  0.268988E+01  0.851962E-01
  0.108779E+01  0.275252E+01  0.838946E-01
  0.109052E+01  0.269503E+01  0.853355E-01
  0.109325E+01  0.266708E+01  0.832495E-01
  0.109599E+01  0.263381E+01  0.843341E-01
  0.109872E+01  0.262757E+01  0.843837E-01
  0.110146E+01  0.275774E+01  0.837969E-01
  0.110419E+01  0.255659E+01  0.842740E-01
  0.110692E+01  0.272769E+01  0.846862E-01
  0.110966E+01  0.247994E+01  0.840054E-01
  0.111239E+01  0.268825E+01  0.841983E-01
  0.111513E+01  0.266278E+01  0.833218E-01
  0.111786E+01  0.260339E+01  0.843232E-01
  0.112059E+01  0.254453E+01  0.834006E-01
  0.112333E+01  0.257635E+01  0.838738E-01
  0.112606E+01  0.244878E+01  0.841798E-01
  0.112880E+01  0.247829E+01  0.829654E-01
  0.113153E+01  0.260038E+01  0.842588E-01
  0.113426E+01  0.250117E+01  0.834189E-01
  0.113700E+01  0.259269E+01  0.834477E-01
  0.113973E+01  0.252720E+01  0.832201E-01
  0.114247E+01  0.256113E+01  0.833708E-01
  0.114520E+01  0.261883E+01  0.837343E-01
  0.114793E+01  0.246865E+01  0.836298E-01
  0.115067E+01  0.232440E+01  0.830801E-01
  0.115340E+01  0.243073E+01  0.836084E-01
  0.115614E+01  0.244281E+01  0.829986E-01
  0.115887E+01  0.248989E+01  0.834653E-01
  0.116160E+01  0.238090E+01  0.829566E-01
  0.116434E+01  0.236272E+01  0.822603E-01
  0.116707E+01  0.244336E+01  0.834739E-01
  0.116981E+01  0.241473E+01  0.829168E-01
  0.117254E+01  0.249008E+01  0.824206E-01
  0.117527E+01  0.237458E+01  0.826316E-01
  0.117801E+01  0.241068E+01  0.828875E-01
  0.118074E+01  0.239812E+01  0.830959E-01
  0.118348E+01  0.233530E+01  0.829361E-01
  0.118621E+01  0.233481E+01  0.826127E-01
  0.118894E+01  0.240434E+01  0.826370E-01
  0.119168E+01  0.233520E+01  0.828010E-01
  0.119441E+01  0.236056E+01  0.832595E-01
  0.119715E+01  0.225886E+01  0.825513E-01
  0.119988E+01  0.236218E+01  0.826254E-01
  0.120262E+01  0.250398E+01  0.826751E-01
  0.120535E+01  0.228315E+01  0.817499E-01
  0.120808E+01  0.233797E+01  0.824227E-01
  0.121082E+01  0.214716E+01  0.822588E-01
  0.121355E+01  0.229768E+01  0.830525E-01
  0.121629E+01  0.241447E+01  0.830080E-01
  0.121902E+01  0.230314E+01  0.818259E-01
  0.122175E+01  0.219354E+01  0.820192E-01
  0.122449E+01  0.232072E+01  0.823783E-01
  0.122722E+01  0.219379E+01  0.823621E-01
  0.122996E+01  0.229051E+01  0.874299E-01
  0.123269E+01  0.221113E+01  0.894083E-01
  0.123816E+01  0.217787E+01  0.923312E-01
  0.124089E+01  0.217839E+01  0.944058E-01
  0.124363E+01  0.221258E+01  0.966507E-01
  0.124636E+01  0.213249E+01  0.984235E-01
  0.124909E+01  0.215376E+01  0.988617E-01
  0.125183E+01  0.225565E+01  0.101083E+00
  0.125456E+01  0.213392E+01  0.998824E-01
  0.125730E+01  0.207266E+01  0.101743E+00
  0.126003E+01  0.210153E+01  0.104472E+00
  0.126276E+01  0.216993E+01  0.106190E+00
  0.126550E+01  0.190493E+01  0.963056E-01
  0.126823E+01  0.208442E+01  0.932106E-01
  0.127097E+01  0.203662E+01  0.915198E-01
  0.127370E+01  0.200221E+01  0.900342E-01
  0.127643E+01  0.207549E+01  0.885939E-01
  0.127917E+01  0.211110E+01  0.879621E-01
  0.128190E+01  0.193117E+01  0.864135E-01
  0.128464E+01  0.196889E+01  0.866945E-01
  0.128737E+01  0.180164E+01  0.862579E-01
  0.129010E+01  0.203293E+01  0.856972E-01
  0.129284E+01  0.195585E+01  0.841722E-01
  0.129557E+01  0.190527E+01  0.842955E-01
  0.129831E+01  0.190798E+01  0.833909E-01
  0.130104E+01  0.192734E+01  0.836566E-01
  0.130377E+01  0.191380E+01  0.822533E-01
  0.130651E+01  0.191956E+01  0.816084E-01
  0.130924E+01  0.180762E+01  0.830170E-01
  0.131198E+01  0.192997E+01  0.824675E-01
  0.131471E+01  0.190216E+01  0.824606E-01
  0.131744E+01  0.194552E+01  0.814175E-01
  0.132018E+01  0.191539E+01  0.815298E-01
  0.132291E+01  0.194704E+01  0.829146E-01
  0.132565E+01  0.181464E+01  0.812058E-01
  0.132838E+01  0.184036E+01  0.810025E-01
  0.133112E+01  0.192990E+01  0.810567E-01
  0.133385E+01  0.204703E+01  0.823864E-01
  0.133658E+01  0.206717E+01  0.824951E-01
  0.133932E+01  0.177738E+01  0.796039E-01
  0.134205E+01  0.182363E+01  0.812637E-01
  0.134479E+01  0.177973E+01  0.813500E-01
  0.134752E+01  0.180426E+01  0.817749E-01
  0.135025E+01  0.181968E+01  0.811084E-01
  0.135299E+01  0.163382E+01  0.807889E-01
  0.135572E+01  0.169225E+01  0.809766E-01
  0.135846E+01  0.179128E+01  0.817860E-01
  0.136119E+01  0.165283E+01  0.798134E-01
  0.136392E+01  0.175538E+01  0.806360E-01
  0.136666E+01  0.160138E+01  0.802660E-01
  0.136939E+01  0.163176E+01  0.803268E-01
  0.137213E+01  0.160006E+01  0.799775E-01
  0.137486E+01  0.158122E+01  0.800128E-01
  0.137759E+01  0.160559E+01  0.801995E-01
  0.138033E+01  0.156382E+01  0.800895E-01
  0.138306E+01  0.164342E+01  0.800534E-01
  0.138580E+01  0.146854E+01  0.792269E-01
  0.138853E+01  0.152586E+01  0.793316E-01
  0.139126E+01  0.148154E+01  0.788851E-01
  0.139400E+01  0.158373E+01  0.788341E-01
  0.139673E+01  0.153298E+01  0.802530E-01
  0.139947E+01  0.151006E+01  0.792573E-01
  0.140220E+01  0.152834E+01  0.794067E-01
  0.140493E+01  0.148214E+01  0.791261E-01
  0.140767E+01  0.150182E+01  0.786348E-01
  0.141040E+01  0.157087E+01  0.789690E-01
  0.141314E+01  0.140344E+01  0.792601E-01
  0.141587E+01  0.138491E+01  0.784115E-01
  0.141860E+01  0.150753E+01  0.789052E-01
  0.142134E+01  0.134922E+01  0.785515E-01
  0.142407E+01  0.124396E+01  0.787300E-01
  0.142681E+01  0.133275E+01  0.786736E-01
  0.142954E+01  0.129371E+01  0.783474E-01
  0.143227E+01  0.156366E+01  0.784636E-01
  0.143501E+01  0.136616E+01  0.790988E-01
  0.143774E+01  0.127414E+01  0.784817E-01
  0.144048E+01  0.131754E+01  0.780029E-01
  0.144321E+01  0.129373E+01  0.773208E-01
  0.144594E+01  0.121135E+01  0.783674E-01
  0.144868E+01  0.136227E+01  0.784609E-01
  0.145141E+01  0.136999E+01  0.782296E-01
  0.145415E+01  0.128414E+01  0.777950E-01
  0.145688E+01  0.128582E+01  0.778555E-01
  0.145962E+01  0.129099E+01  0.779809E-01
  0.146235E+01  0.134405E+01  0.771405E-01
  0.146508E+01  0.126536E+01  0.775040E-01
  0.146782E+01  0.115603E+01  0.773800E-01
  0.147055E+01  0.116922E+01  0.764813E-01
  0.147329E+01  0.133112E+01  0.763531E-01
  0.147602E+01  0.122806E+01  0.762722E-01
  0.147875E+01  0.128732E+01  0.757032E-01
  0.148149E+01  0.119479E+01  0.759389E-01
  0.148422E+01  0.120161E+01  0.756593E-01
  0.148696E+01  0.112525E+01  0.759218E-01
  0.148969E+01  0.111151E+01  0.747878E-01
  0.149242E+01  0.122003E+01  0.754233E-01
  0.149516E+01  0.123893E+01  0.756131E-01
  0.149789E+01  0.111966E+01  0.752378E-01
  0.150063E+01  0.103662E+01  0.753608E-01
  0.150336E+01  0.106678E+01  0.749091E-01
  0.150609E+01  0.112178E+01  0.758783E-01
  0.150883E+01  0.102326E+01  0.751057E-01
  0.151156E+01  0.109263E+01  0.753155E-01
  0.151430E+01  0.102277E+01  0.752602E-01
  0.151703E+01  0.978362E+00  0.758056E-01
  0.151976E+01  0.106979E+01  0.747188E-01
  0.152250E+01  0.102369E+01  0.749368E-01
  0.152523E+01  0.839489E+00  0.747594E-01
  0.152797E+01  0.963609E+00  0.751238E-01
  0.153070E+01  0.103936E+01  0.747648E-01
  0.153343E+01  0.108080E+01  0.748735E-01
  0.153617E+01  0.936187E+00  0.743759E-01
  0.153890E+01  0.111871E+01  0.743767E-01
  0.154164E+01  0.984093E+00  0.752514E-01
  0.154437E+01  0.925560E+00  0.748398E-01
  0.154710E+01  0.953644E+00  0.739772E-01
  0.154984E+01  0.940036E+00  0.747714E-01
  0.155257E+01  0.100739E+01  0.749612E-01
  0.155531E+01  0.867850E+00  0.738631E-01
  0.155804E+01  0.796384E+00  0.745430E-01
  0.156077E+01  0.792789E+00  0.738986E-01
  0.156351E+01  0.940211E+00  0.751261E-01
  0.156624E+01  0.918906E+00  0.748203E-01
  0.156898E+01  0.834005E+00  0.735819E-01
  0.157171E+01  0.867917E+00  0.738268E-01
  0.157444E+01  0.918068E+00  0.748493E-01
  0.157718E+01  0.738495E+00  0.742971E-01
  0.157991E+01  0.779279E+00  0.741531E-01
  0.158265E+01  0.805412E+00  0.735786E-01
  0.158538E+01  0.770486E+00  0.736005E-01
  0.158812E+01  0.793746E+00  0.738036E-01
  0.159085E+01  0.653967E+00  0.728833E-01
  0.159358E+01  0.716105E+00  0.732830E-01
  0.159632E+01  0.760795E+00  0.736960E-01
  0.159905E+01  0.829002E+00  0.736310E-01
  0.160179E+01  0.757797E+00  0.736129E-01
  0.160452E+01  0.818110E+00  0.737071E-01
  0.160725E+01  0.733654E+00  0.728999E-01
  0.160999E+01  0.699746E+00  0.732080E-01
  0.161272E+01  0.650200E+00  0.735973E-01
  0.161546E+01  0.562658E+00  0.729377E-01
  0.161819E+01  0.798668E+00  0.731732E-01
  0.162092E+01  0.644966E+00  0.728988E-01
  0.162366E+01  0.678223E+00  0.731634E-01
  0.162639E+01  0.743233E+00  0.733299E-01
  0.162913E+01  0.727395E+00  0.727568E-01
  0.163186E+01  0.694799E+00  0.729995E-01
  0.163459E+01  0.635490E+00  0.734671E-01
  0.163733E+01  0.681828E+00  0.731398E-01
  0.164006E+01  0.626117E+00  0.723030E-01
  0.164280E+01  0.647566E+00  0.732663E-01
  0.164553E+01  0.614838E+00  0.729711E-01
  0.164826E+01  0.693264E+00  0.729279E-01
  0.165100E+01  0.668716E+00  0.720647E-01
  0.165373E+01  0.524776E+00  0.726990E-01
  0.165647E+01  0.558725E+00  0.735489E-01
  0.165920E+01  0.598670E+00  0.723653E-01
  0.166193E+01  0.568948E+00  0.724739E-01
  0.166467E+01  0.726309E+00  0.726959E-01
  0.166740E+01  0.617005E+00  0.720172E-01
  0.167014E+01  0.602137E+00  0.732930E-01
  0.167287E+01  0.642804E+00  0.729131E-01
  0.167560E+01  0.634195E+00  0.718536E-01
  0.167834E+01  0.461860E+00  0.729167E-01
  0.168107E+01  0.606351E+00  0.725074E-01
  0.168381E+01  0.566727E+00  0.734283E-01
  0.168654E+01  0.596715E+00  0.717659E-01
  0.168927E+01  0.588269E+00  0.726055E-01
  0.169201E+01  0.651969E+00  0.723394E-01
  0.169474E+01  0.678339E+00  0.721856E-01
  0.169748E+01  0.558056E+00  0.712712E-01
  0.170021E+01  0.573482E+00  0.724709E-01
  0.170295E+01  0.481332E+00  0.718278E-01
  0.170568E+01  0.462696E+00  0.722120E-01
  0.170841E+01  0.624803E+00  0.715823E-01
  0.171115E+01  0.465016E+00  0.716670E-01
  0.171388E+01  0.510052E+00  0.722964E-01
  0.171662E+01  0.568558E+00  0.719508E-01
  0.171935E+01  0.454757E+00  0.712847E-01
  0.172208E+01  0.515096E+00  0.715416E-01
  0.172482E+01  0.552512E+00  0.715356E-01
  0.172755E+01  0.511965E+00  0.721578E-01
  0.173029E+01  0.456962E+00  0.719316E-01
  0.173302E+01  0.468400E+00  0.713095E-01
  0.173575E+01  0.393394E+00  0.717374E-01
  0.173849E+01  0.465460E+00  0.714742E-01
  0.174122E+01  0.572758E+00  0.719509E-01
  0.174396E+01  0.467977E+00  0.710155E-01
  0.174669E+01  0.340257E+00  0.705835E-01
  0.174942E+01  0.613861E+00  0.717996E-01
  0.175216E+01  0.504981E+00  0.716915E-01
  0.175489E+01  0.560599E+00  0.713739E-01
  0.175763E+01  0.436898E+00  0.712669E-01
  0.176036E+01  0.406024E+00  0.718584E-01
  0.176309E+01  0.403145E+00  0.710853E-01
  0.176583E+01  0.329031E+00  0.711083E-01
  0.176856E+01  0.443665E+00  0.717231E-01
  0.177130E+01  0.505115E+00  0.716160E-01
  0.177403E+01  0.429454E+00  0.713118E-01
  0.177676E+01  0.529144E+00  0.714744E-01
  0.177950E+01  0.356573E+00  0.706437E-01
  0.178223E+01  0.404987E+00  0.706267E-01
  0.178497E+01  0.445535E+00  0.715456E-01
  0.178770E+01  0.553599E+00  0.716852E-01
  0.179043E+01  0.501947E+00  0.713395E-01
  0.179317E+01  0.530407E+00  0.715259E-01
  0.179590E+01  0.408607E+00  0.710229E-01
  0.179864E+01  0.359584E+00  0.712943E-01
  0.180137E+01  0.562200E+00  0.721003E-01
  0.180410E+01  0.402897E+00  0.711113E-01
  0.180684E+01  0.473138E+00  0.710711E-01
  0.180957E+01  0.410944E+00  0.711576E-01
  0.181231E+01  0.411176E+00  0.710282E-01
  0.181504E+01  0.395437E+00  0.712742E-01
  0.181777E+01  0.490950E+00  0.706959E-01
  0.182051E+01  0.417402E+00  0.714059E-01
  0.182324E+01  0.273371E+00  0.711903E-01
  0.182598E+01  0.433625E+00  0.709028E-01
  0.182871E+01  0.470236E+00  0.707713E-01
  0.183145E+01  0.384969E+00  0.698633E-01
  0.183418E+01  0.319962E+00  0.712973E-01
  0.183691E+01  0.306258E+00  0.717659E-01
  0.183965E+01  0.374756E+00  0.710402E-01
  0.184238E+01  0.422130E+00  0.708752E-01
  0.184512E+01  0.430766E+00  0.703563E-01
  0.184785E+01  0.340086E+00  0.705676E-01
  0.185058E+01  0.353622E+00  0.706604E-01
  0.185332E+01  0.249270E+00  0.708348E-01
  0.185605E+01  0.336717E+00  0.702482E-01
  0.185879E+01  0.376352E+00  0.704830E-01
  0.186152E+01  0.365210E+00  0.706023E-01
  0.186425E+01  0.382560E+00  0.705904E-01
  0.186699E+01  0.380219E+00  0.708644E-01
  0.186972E+01  0.355652E+00  0.711039E-01
  0.187246E+01  0.319284E+00  0.701626E-01
  0.187519E+01  0.235543E+00  0.704416E-01
  0.187792E+01  0.367429E+00  0.701866E-01
  0.188066E+01  0.273353E+00  0.701047E-01
  0.188339E+01  0.331939E+00  0.708764E-01
  0.188613E+01  0.390208E+00  0.706111E-01
  0.188886E+01  0.484035E+00  0.705789E-01
  0.189159E+01  0.356178E+00  0.699483E-01
  0.189433E+01  0.323981E+00  0.701708E-01
  0.189706E+01  0.284982E+00  0.698107E-01
  0.189980E+01  0.373107E+00  0.702560E-01
  0.190253E+01  0.285416E+00  0.693651E-01
  0.190526E+01  0.333000E+00  0.704977E-01
  0.190800E+01  0.272867E+00  0.702482E-01
  0.191073E+01  0.296828E+00  0.696516E-01
  0.191347E+01  0.496800E+00  0.711739E-01
  0.191620E+01  0.304895E+00  0.699020E-01
  0.191893E+01  0.334366E+00  0.695452E-01
  0.192167E+01  0.437039E+00  0.703978E-01
  0.192440E+01  0.296125E+00  0.697681E-01
  0.192714E+01  0.426785E+00  0.699823E-01
  0.192987E+01  0.275602E+00  0.698986E-01
  0.193260E+01  0.368413E+00  0.703804E-01
  0.193534E+01  0.472424E+00  0.703414E-01
  0.193807E+01  0.410758E+00  0.698120E-01
  0.194081E+01  0.395285E+00  0.699270E-01
  0.194354E+01  0.260732E+00  0.693001E-01
  0.194627E+01  0.284798E+00  0.696710E-01
  0.194901E+01  0.340274E+00  0.699325E-01
  0.195174E+01  0.270870E+00  0.691551E-01
  0.195448E+01  0.224076E+00  0.695224E-01
  0.195721E+01  0.246997E+00  0.697941E-01
  0.195995E+01  0.435287E+00  0.693421E-01
  0.196268E+01  0.271735E+00  0.701597E-01
  0.196541E+01  0.241505E+00  0.697786E-01
  0.196815E+01  0.260064E+00  0.693854E-01
  0.197088E+01  0.326573E+00  0.699936E-01
  0.197362E+01  0.319406E+00  0.697569E-01
  0.197635E+01  0.250103E+00  0.694780E-01
  0.197908E+01  0.334489E+00  0.700056E-01
  0.198182E+01  0.196179E+00  0.692273E-01
  0.198455E+01  0.316004E+00  0.693623E-01
  0.198729E+01  0.318841E+00  0.694932E-01
  0.199002E+01  0.434833E+00  0.701120E-01
  0.199275E+01  0.193903E+00  0.701866E-01
  0.199549E+01  0.310041E+00  0.686888E-01
  0.199822E+01  0.271117E+00  0.690745E-01
  0.200096E+01  0.214248E+00  0.689088E-01
  0.200369E+01  0.348455E+00  0.696399E-01
  0.200642E+01  0.259354E+00  0.687901E-01
  0.200916E+01  0.353089E+00  0.698235E-01
  0.201189E+01  0.343578E+00  0.698227E-01
  0.201463E+01  0.400395E+00  0.698711E-01
  0.201736E+01  0.208490E+00  0.691246E-01
  0.202009E+01  0.275843E+00  0.695815E-01
  0.202283E+01  0.299533E+00  0.692103E-01
  0.202556E+01  0.243597E+00  0.695278E-01
  0.202830E+01  0.210276E+00  0.687881E-01
  0.203103E+01  0.359786E+00  0.700354E-01
  0.203376E+01  0.291170E+00  0.700499E-01
  0.203650E+01  0.263053E+00  0.695040E-01
  0.203923E+01  0.291826E+00  0.689574E-01
  0.204197E+01  0.371599E+00  0.700093E-01
  0.204470E+01  0.368408E+00  0.697313E-01
  0.204743E+01  0.205339E+00  0.688560E-01
  0.205017E+01  0.312803E+00  0.691410E-01
  0.205290E+01  0.174261E+00  0.692169E-01
  0.205564E+01  0.230132E+00  0.697606E-01
  0.205837E+01  0.240774E+00  0.690419E-01
  0.206110E+01  0.294734E+00  0.691807E-01
  0.206384E+01  0.275765E+00  0.692188E-01
  0.206657E+01  0.264417E+00  0.691055E-01
  0.206931E+01  0.311450E+00  0.693366E-01
  0.207204E+01  0.303221E+00  0.695716E-01
  0.207477E+01  0.177148E+00  0.692404E-01
  0.207751E+01  0.181605E+00  0.686141E-01
  0.208024E+01  0.192166E+00  0.684226E-01
  0.208298E+01  0.300967E-01  0.686375E-01
  0.208571E+01  0.341490E+00  0.693332E-01
  0.208845E+01  0.294302E+00  0.690446E-01
  0.209118E+01  0.305336E+00  0.692875E-01
  0.209391E+01  0.288492E+00  0.692733E-01
  0.209665E+01  0.193786E+00  0.688293E-01
  0.209938E+01  0.243747E+00  0.685917E-01
  0.210212E+01  0.255442E+00  0.683618E-01
  0.210485E+01  0.226217E+00  0.693578E-01
  0.210758E+01  0.100174E+00  0.684663E-01
  0.211032E+01  0.234277E+00  0.690149E-01
  0.211305E+01  0.289480E+00  0.684378E-01
  0.211579E+01  0.255118E+00  0.685208E-01
  0.211852E+01  0.215098E+00  0.682846E-01
  0.212125E+01  0.197703E+00  0.688686E-01
  0.212399E+01  0.306324E+00  0.687953E-01
  0.212672E+01  0.148426E+00  0.688377E-01
  0.212946E+01  0.238335E+00  0.686839E-01
  0.213219E+01  0.284921E+00  0.691956E-01
  0.213492E+01  0.322387E+00  0.685271E-01
  0.213766E+01  0.274726E+00  0.679159E-01
  0.214039E+01  0.221764E+00  0.685075E-01
  0.214313E+01  0.237497E+00  0.690050E-01
  0.214586E+01  0.186559E+00  0.683193E-01
  0.214859E+01  0.377987E+00  0.683766E-01
  0.215133E+01  0.261311E+00  0.685961E-01
  0.215406E+01  0.172560E+00  0.688949E-01
  0.215680E+01  0.240693E+00  0.684642E-01
  0.215953E+01  0.136597E+00  0.684550E-01
  0.216226E+01  0.234945E+00  0.678325E-01
  0.216500E+01  0.210392E+00  0.675678E-01
  0.216773E+01  0.214952E+00  0.685435E-01
  0.217047E+01  0.137810E+00  0.681133E-01
  0.217320E+01  0.216139E+00  0.685640E-01
  0.217593E+01  0.261677E+00  0.684879E-01
  0.217867E+01  0.214696E+00  0.685172E-01
  0.218140E+01  0.148135E+00  0.683660E-01
  0.218414E+01  0.174749E+00  0.682460E-01
  0.218687E+01  0.193259E+00  0.686698E-01
  0.218960E+01  0.239802E+00  0.682404E-01
  0.219234E+01  0.198362E+00  0.676509E-01
  0.219507E+01  0.187590E+00  0.679843E-01
  0.219781E+01  0.173296E+00  0.676617E-01
  0.220054E+01  0.152731E+00  0.681910E-01
  0.220328E+01  0.148215E+00  0.684736E-01
  0.220601E+01  0.121347E+00  0.677819E-01
  0.220874E+01  0.240798E+00  0.684334E-01
  0.221148E+01  0.230368E+00  0.685671E-01
  0.221421E+01  0.210156E+00  0.679401E-01
  0.221695E+01  0.108628E+00  0.681768E-01
  0.221968E+01  0.152993E+00  0.677528E-01
  0.222241E+01  0.305316E+00  0.686696E-01
  0.222515E+01  0.222173E+00  0.676273E-01
  0.222788E+01  0.256931E+00  0.682238E-01
  0.223062E+01  0.185150E+00  0.680524E-01
  0.223335E+01  0.223733E+00  0.680265E-01
  0.223608E+01  0.200992E+00  0.680492E-01
  0.223882E+01  0.157271E+00  0.678080E-01
  0.224155E+01  0.161058E+00  0.683752E-01
  0.224429E+01  0.225320E+00  0.677990E-01
  0.224702E+01  0.312783E+00  0.681332E-01
  0.224975E+01  0.193793E+00  0.678001E-01
  0.225249E+01  0.148098E+00  0.670996E-01
  0.225522E+01  0.163668E+00  0.673763E-01
  0.225796E+01  0.246796E+00  0.676509E-01
  0.226069E+01  0.179123E+00  0.679382E-01
  0.226342E+01  0.113006E+00  0.679735E-01
  0.226616E+01  0.169351E+00  0.680845E-01
  0.226889E+01  0.138186E+00  0.679111E-01
  0.227163E+01  0.145303E+00  0.676545E-01
  0.227436E+01  0.276367E+00  0.677850E-01
  0.227709E+01  0.195464E+00  0.676114E-01
  0.227983E+01  0.185165E+00  0.678217E-01
  0.228256E+01  0.232795E+00  0.679692E-01
  0.228530E+01  0.155684E+00  0.673331E-01
  0.228803E+01  0.125881E+00  0.679020E-01
  0.229076E+01  0.103814E+00  0.678562E-01
  0.229350E+01  0.223120E+00  0.678836E-01
  0.229623E+01  0.147438E+00  0.670649E-01
  0.229897E+01  0.262602E+00  0.669783E-01
  0.230170E+01  0.201069E+00  0.673273E-01
  0.230443E+01  0.211706E+00  0.672844E-01
  0.230717E+01  0.209915E+00  0.671787E-01
  0.230990E+01  0.191088E+00  0.678081E-01
  0.231264E+01  0.207596E+00  0.673726E-01
  0.231537E+01  0.124260E+00  0.668276E-01
  0.231810E+01  0.146399E+00  0.672358E-01
  0.232084E+01  0.227556E+00  0.675976E-01
  0.232357E+01  0.101845E+00  0.670961E-01
  0.232631E+01  0.273964E+00  0.668704E-01
  0.232904E+01  0.152521E+00  0.669831E-01
  0.233178E+01  0.173759E+00  0.671957E-01
  0.233451E+01  0.241536E+00  0.676486E-01
  0.233724E+01  0.129281E+00  0.671467E-01
  0.233998E+01  0.265383E+00  0.674836E-01
  0.234271E+01  0.234924E+00  0.683237E-01
  0.234545E+01  0.215058E+00  0.676258E-01
  0.234818E+01  0.255953E+00  0.674893E-01
  0.235091E+01  0.119531E+00  0.666898E-01
  0.235365E+01  0.242755E+00  0.673611E-01
  0.235638E+01  0.191463E+00  0.671679E-01
  0.235912E+01  0.201883E+00  0.675538E-01
  0.236185E+01  0.197160E+00  0.674617E-01
  0.236458E+01  0.144486E+00  0.672728E-01
  0.236732E+01  0.221100E+00  0.674439E-01
  0.237005E+01  0.150268E+00  0.670575E-01
  0.237279E+01  0.117002E+00  0.666735E-01
  0.237552E+01  0.218301E+00  0.669999E-01
  0.237825E+01  0.194290E+00  0.670709E-01
  0.238099E+01  0.147159E+00  0.671766E-01
  0.238372E+01  0.201099E+00  0.663081E-01
  0.238646E+01  0.435568E-01  0.674746E-01
  0.238919E+01  0.184845E+00  0.669984E-01
  0.239192E+01  0.136185E+00  0.673389E-01
  0.239466E+01  0.114239E+00  0.672250E-01
  0.239739E+01  0.233706E+00  0.672790E-01
  0.240013E+01  0.153173E+00  0.670466E-01
  0.240286E+01  0.318631E-01  0.667214E-01
  0.240559E+01  0.204567E+00  0.669502E-01
  0.240833E+01  0.107682E+00  0.669707E-01
  0.241106E+01  0.200397E+00  0.666768E-01
  0.241380E+01  0.206540E+00  0.673707E-01
  0.241653E+01  0.263041E+00  0.666607E-01
  0.241926E+01  0.199858E+00  0.669414E-01
  0.242200E+01  0.152672E+00  0.664070E-01
  0.242473E+01  0.143138E+00  0.664256E-01
  0.242747E+01  0.126167E+00  0.664347E-01
  0.243020E+01  0.221194E+00  0.665084E-01
  0.243293E+01  0.237659E+00  0.669430E-01
  0.243567E+01  0.183678E+00  0.669983E-01
  0.243840E+01  0.108559E+00  0.659055E-01
  0.244114E+01  0.197754E+00  0.675446E-01
  0.244387E+01  0.241087E+00  0.665619E-01
  0.244660E+01  0.257796E+00  0.677380E-01
  0.244934E+01  0.189502E+00  0.666381E-01
  0.245207E+01  0.197033E+00  0.665609E-01
  0.245481E+01  0.113504E+00  0.668281E-01
  0.245754E+01  0.225192E+00  0.667934E-01
  0.246028E+01  0.229667E+00  0.669860E-01
  0.246301E+01  0.136118E+00  0.667034E-01
  0.246574E+01  0.321566E+00  0.669247E-01
  0.246848E+01  0.208985E+00  0.672880E-01
  0.247121E+01  0.222402E+00  0.664362E-01
  0.247395E+01  0.258645E+00  0.669639E-01
  0.247668E+01  0.325666E+00  0.672039E-01
  0.247941E+01  0.132493E+00  0.665704E-01
  0.248215E+01  0.197361E+00  0.668734E-01
  0.248488E+01  0.184813E+00  0.663770E-01
  0.248762E+01  0.242730E+00  0.671967E-01
  0.249035E+01  0.183466E+00  0.667796E-01
  0.249308E+01  0.178163E+00  0.662474E-01
  0.249582E+01  0.609344E-01  0.666769E-01
  0.249855E+01  0.242603E+00  0.662557E-01
  0.250129E+01  0.159468E+00  0.664002E-01
  0.250402E+01  0.184314E+00  0.665772E-01
  0.250675E+01  0.135640E+00  0.662844E-01
  0.250949E+01  0.263952E+00  0.667433E-01
  0.251222E+01  0.195860E+00  0.667324E-01
  0.251496E+01  0.219484E+00  0.668317E-01
  0.251769E+01  0.145528E+00  0.659503E-01
  0.252042E+01  0.174601E+00  0.664599E-01
  0.252316E+01  0.267135E+00  0.670615E-01
  0.252589E+01  0.895294E-01  0.660866E-01
  0.252863E+01  0.284483E+00  0.666150E-01
  0.253136E+01  0.289816E+00  0.667090E-01
  0.253409E+01  0.255540E+00  0.660500E-01
  0.253683E+01  0.144560E+00  0.665553E-01
  0.253956E+01  0.157759E+00  0.663983E-01
  0.254230E+01  0.250543E+00  0.670345E-01
  0.254503E+01  0.160571E+00  0.661767E-01
  0.254776E+01  0.283274E+00  0.663478E-01
  0.255050E+01  0.280713E+00  0.669271E-01
  0.255323E+01  0.175232E+00  0.663286E-01
  0.255597E+01  0.252090E+00  0.666552E-01
  0.255870E+01  0.222331E+00  0.659709E-01
  0.256143E+01  0.299161E+00  0.663767E-01
  0.256417E+01  0.118347E+00  0.660700E-01
  0.256690E+01  0.266683E+00  0.663968E-01
  0.256964E+01  0.147405E+00  0.664556E-01
  0.257237E+01  0.185831E+00  0.655824E-01
  0.257510E+01  0.163383E+00  0.658518E-01
  0.257784E+01  0.268532E+00  0.660903E-01
  0.258057E+01  0.408664E+00  0.670323E-01
  0.258331E+01  0.287427E+00  0.735588E-01
  0.258604E+01  0.195115E+00  0.776673E-01
  0.258878E+01  0.283759E+00  0.816988E-01
  0.259151E+01  0.290991E+00  0.845452E-01
  0.259424E+01  0.403575E+00  0.876336E-01
  0.259698E+01  0.320610E+00  0.902846E-01
  0.259971E+01  0.251057E+00  0.936919E-01
  0.260245E+01  0.391356E+00  0.969053E-01
  0.260518E+01  0.234586E+00  0.969476E-01
  0.260791E+01  0.317396E+00  0.101706E+00
  0.261065E+01  0.226097E+00  0.102187E+00
  0.261338E+01  0.362712E+00  0.105142E+00
  0.261612E+01  0.316220E+00  0.862322E-01
  0.261885E+01  0.296425E+00  0.818113E-01
  0.262158E+01  0.187934E+00  0.783518E-01
  0.262432E+01  0.226914E+00  0.785150E-01
  0.262705E+01  0.277504E+00  0.768648E-01
  0.262979E+01  0.343403E+00  0.756231E-01
  0.263252E+01  0.324361E+00  0.736827E-01
  0.263525E+01  0.180192E+00  0.735005E-01
  0.263799E+01  0.255480E+00  0.734968E-01
  0.264072E+01  0.332158E+00  0.729892E-01
  0.264346E+01  0.215897E+00  0.729964E-01
  0.264619E+01  0.246668E+00  0.730800E-01
  0.264892E+01  0.317500E+00  0.724822E-01
  0.265166E+01  0.149789E+00  0.715432E-01
  0.265439E+01  0.252366E+00  0.716573E-01
  0.265713E+01  0.266771E+00  0.722675E-01
  0.265986E+01  0.260172E+00  0.720081E-01
  0.266259E+01  0.173379E+00  0.720187E-01
  0.266533E+01  0.207961E+00  0.712474E-01
  0.266806E+01  0.256047E+00  0.718175E-01
  0.267080E+01  0.240829E+00  0.713636E-01
  0.267353E+01  0.308520E+00  0.712126E-01
  0.267626E+01  0.260837E+00  0.713239E-01
  0.267900E+01  0.202446E+00  0.714892E-01
  0.268173E+01  0.339972E+00  0.713329E-01
  0.268447E+01  0.294101E+00  0.715273E-01
  0.268720E+01  0.300732E+00  0.709095E-01
  0.268993E+01  0.304361E+00  0.714794E-01
  0.269267E+01  0.299039E+00  0.711980E-01
  0.269540E+01  0.302724E+00  0.711318E-01
  0.269814E+01  0.292912E+00  0.712568E-01
  0.270087E+01  0.326486E+00  0.705007E-01
  0.270361E+01  0.275270E+00  0.705263E-01
  0.270634E+01  0.278286E+00  0.700524E-01
  0.270907E+01  0.314743E+00  0.700296E-01
  0.271181E+01  0.327488E+00  0.692139E-01
  0.271454E+01  0.294544E+00  0.697962E-01
  0.271728E+01  0.364171E+00  0.686173E-01
  0.272001E+01  0.288937E+00  0.685684E-01
  0.272274E+01  0.217647E+00  0.674318E-01
  0.272548E+01  0.255999E+00  0.676770E-01
  0.272821E+01  0.378146E+00  0.680826E-01
  0.273095E+01  0.247781E+00  0.676779E-01
  0.273368E+01  0.372721E+00  0.680932E-01
  0.273641E+01  0.313901E+00  0.679958E-01
  0.273915E+01  0.221958E+00  0.670326E-01
  0.274188E+01  0.393286E+00  0.674898E-01
  0.274462E+01  0.388987E+00  0.678288E-01
  0.274735E+01  0.234310E+00  0.672645E-01
  0.275008E+01  0.366575E+00  0.675951E-01
  0.275282E+01  0.397857E+00  0.680966E-01
  0.275555E+01  0.255556E+00  0.676194E-01
  0.275829E+01  0.285204E+00  0.674035E-01
  0.276102E+01  0.367745E+00  0.676384E-01
  0.276375E+01  0.353915E+00  0.681098E-01
  0.276649E+01  0.324291E+00  0.676309E-01
  0.276922E+01  0.358647E+00  0.674962E-01
  0.277196E+01  0.299796E+00  0.665341E-01
  0.277469E+01  0.231307E+00  0.668001E-01
  0.277742E+01  0.267873E+00  0.674427E-01
  0.278016E+01  0.231126E+00  0.667407E-01
  0.278289E+01  0.318251E+00  0.669905E-01
  0.278563E+01  0.362806E+00  0.677612E-01
  0.278836E+01  0.389950E+00  0.670928E-01
  0.279109E+01  0.369458E+00  0.674088E-01
  0.279383E+01  0.364496E+00  0.680267E-01
  0.279656E+01  0.228663E+00  0.670958E-01
  0.279930E+01  0.282218E+00  0.674411E-01
  0.280203E+01  0.263777E+00  0.667780E-01
  0.280476E+01  0.445340E+00  0.676864E-01
  0.280750E+01  0.392276E+00  0.674080E-01
  0.281023E+01  0.390521E+00  0.675307E-01
  0.281297E+01  0.359910E+00  0.675478E-01
  0.281570E+01  0.336171E+00  0.672977E-01
  0.281843E+01  0.232733E+00  0.663451E-01
  0.282117E+01  0.350617E+00  0.673621E-01
  0.282390E+01  0.283249E+00  0.678057E-01
  0.282664E+01  0.306705E+00  0.672383E-01
  0.282937E+01  0.393033E+00  0.671412E-01
  0.283211E+01  0.344828E+00  0.673994E-01
  0.283484E+01  0.417025E+00  0.673463E-01
  0.283757E+01  0.319849E+00  0.669813E-01
  0.284031E+01  0.394389E+00  0.670761E-01
  0.284304E+01  0.371904E+00  0.673475E-01
  0.284578E+01  0.270033E+00  0.671437E-01
  0.284851E+01  0.246783E+00  0.672091E-01
  0.285124E+01  0.325798E+00  0.670551E-01
  0.285398E+01  0.364704E+00  0.667283E-01
  0.285671E+01  0.349415E+00  0.670180E-01
  0.285945E+01  0.276809E+00  0.669756E-01
  0.286218E+01  0.328147E+00  0.673085E-01
  0.286491E+01  0.304345E+00  0.667623E-01
  0.286765E+01  0.383638E+00  0.674248E-01
  0.287038E+01  0.334781E+00  0.672247E-01
  0.287312E+01  0.382477E+00  0.665865E-01
  0.287585E+01  0.308852E+00  0.666349E-01
  0.287858E+01  0.454207E+00  0.671675E-01
  0.288132E+01  0.313848E+00  0.672162E-01
  0.288405E+01  0.330784E+00  0.671755E-01
  0.288679E+01  0.360919E+00  0.666382E-01
  0.288952E+01  0.254161E+00  0.674238E-01
  0.289225E+01  0.325648E+00  0.670094E-01
  0.289499E+01  0.399400E+00  0.670768E-01
  0.289772E+01  0.362472E+00  0.666381E-01
  0.290046E+01  0.315446E+00  0.667331E-01
  0.290319E+01  0.416380E+00  0.670181E-01
  0.290592E+01  0.336169E+00  0.667546E-01
  0.290866E+01  0.355281E+00  0.673184E-01
  0.291139E+01  0.377818E+00  0.669608E-01
  0.291413E+01  0.353505E+00  0.665891E-01
  0.291686E+01  0.303611E+00  0.667161E-01
  0.291959E+01  0.361670E+00  0.667589E-01
  0.292233E+01  0.348936E+00  0.668011E-01
  0.292506E+01  0.345956E+00  0.669593E-01
  0.292780E+01  0.332872E+00  0.666169E-01
  0.293053E+01  0.323466E+00  0.665053E-01
  0.293326E+01  0.317223E+00  0.666370E-01
  0.293600E+01  0.397651E+00  0.667250E-01
  0.293873E+01  0.427462E+00  0.665566E-01
  0.294147E+01  0.396370E+00  0.664438E-01
  0.294420E+01  0.353966E+00  0.667886E-01
  0.294693E+01  0.273989E+00  0.669613E-01
  0.294967E+01  0.319914E+00  0.667996E-01
  0.295240E+01  0.265038E+00  0.668687E-01
  0.295514E+01  0.266182E+00  0.665995E-01
  0.295787E+01  0.318297E+00  0.671317E-01
  0.296061E+01  0.361363E+00  0.664831E-01
  0.296334E+01  0.360885E+00  0.666395E-01
  0.296607E+01  0.195127E+00  0.660608E-01
  0.296881E+01  0.296083E+00  0.662846E-01
  0.297154E+01  0.211311E+00  0.667107E-01
  0.297428E+01  0.313360E+00  0.666045E-01
  0.297701E+01  0.258970E+00  0.667014E-01
  0.297974E+01  0.371790E+00  0.664479E-01
  0.298248E+01  0.331635E+00  0.664254E-01
  0.298521E+01  0.398906E+00  0.667768E-01
  0.298795E+01  0.302916E+00  0.665497E-01
  0.299068E+01  0.318224E+00  0.666232E-01
  0.299341E+01  0.354865E+00  0.664896E-01
  0.299615E+01  0.238525E+00  0.663927E-01
  0.299888E+01  0.315437E+00  0.664801E-01
  0.300162E+01  0.273277E+00  0.662432E-01
  0.300435E+01  0.365903E+00  0.661521E-01
  0.300708E+01  0.350134E+00  0.660781E-01
  0.300982E+01  0.381748E+00  0.668403E-01
  0.301255E+01  0.295069E+00  0.662903E-01
  0.301529E+01  0.430379E+00  0.661812E-01
  0.301802E+01  0.386127E+00  0.662506E-01
  0.302075E+01  0.333762E+00  0.659251E-01
  0.302349E+01  0.301667E+00  0.667287E-01
  0.302622E+01  0.267517E+00  0.659128E-01
  0.302896E+01  0.259795E+00  0.662790E-01
  0.303169E+01  0.235768E+00  0.661507E-01
  0.303442E+01  0.307318E+00  0.661015E-01
  0.303716E+01  0.352778E+00  0.663990E-01
  0.303989E+01  0.382953E+00  0.664927E-01
  0.304263E+01  0.260369E+00  0.663355E-01
  0.304536E+01  0.345728E+00  0.661419E-01
  0.304809E+01  0.398278E+00  0.663466E-01
  0.305083E+01  0.347676E+00  0.664787E-01
  0.305356E+01  0.303202E+00  0.662929E-01
  0.305630E+01  0.265606E+00  0.663026E-01
  0.305903E+01  0.395093E+00  0.664646E-01
  0.306176E+01  0.376653E+00  0.662610E-01
  0.306450E+01  0.321259E+00  0.663500E-01
  0.306723E+01  0.223327E+00  0.661870E-01
  0.306997E+01  0.446846E+00  0.662962E-01
  0.307270E+01  0.343030E+00  0.656909E-01
  0.307543E+01  0.341588E+00  0.660593E-01
  0.307817E+01  0.343775E+00  0.660053E-01
  0.308090E+01  0.284207E+00  0.659175E-01
  0.308364E+01  0.308776E+00  0.657238E-01
  0.308637E+01  0.339629E+00  0.656758E-01
  0.308911E+01  0.322253E+00  0.659432E-01
  0.309184E+01  0.319450E+00  0.662003E-01
  0.309457E+01  0.394603E+00  0.657211E-01
  0.309731E+01  0.243974E+00  0.659373E-01
  0.310004E+01  0.347749E+00  0.665569E-01
  0.310278E+01  0.228626E+00  0.656731E-01
  0.310551E+01  0.315088E+00  0.657060E-01
  0.310824E+01  0.317805E+00  0.660386E-01
  0.311098E+01  0.341548E+00  0.660217E-01
  0.311371E+01  0.288382E+00  0.660019E-01
  0.311645E+01  0.353019E+00  0.659004E-01
  0.311918E+01  0.312427E+00  0.656982E-01
  0.312191E+01  0.328015E+00  0.663137E-01
  0.312465E+01  0.390742E+00  0.664662E-01
  0.312738E+01  0.216188E+00  0.657101E-01
  0.313012E+01  0.270582E+00  0.657007E-01
  0.313285E+01  0.245824E+00  0.659496E-01
  0.313558E+01  0.281217E+00  0.651666E-01
  0.313832E+01  0.327895E+00  0.662039E-01
  0.314105E+01  0.267568E+00  0.659758E-01
  0.314379E+01  0.321523E+00  0.657792E-01
  0.314652E+01  0.326869E+00  0.655812E-01
  0.314925E+01  0.245705E+00  0.657265E-01
  0.315199E+01  0.391193E+00  0.663312E-01
  0.315472E+01  0.430411E+00  0.662673E-01
  0.315746E+01  0.276297E+00  0.653302E-01
  0.316019E+01  0.334292E+00  0.658494E-01
  0.316292E+01  0.319097E+00  0.651720E-01
  0.316566E+01  0.345033E+00  0.660114E-01
  0.316839E+01  0.278178E+00  0.653592E-01
  0.317113E+01  0.258580E+00  0.652888E-01
  0.317386E+01  0.404259E+00  0.662089E-01
  0.317659E+01  0.277531E+00  0.649752E-01
  0.317933E+01  0.276240E+00  0.656968E-01
  0.318206E+01  0.317532E+00  0.656143E-01
  0.318480E+01  0.160547E+00  0.653538E-01
  0.318753E+01  0.338862E+00  0.659102E-01
  0.319026E+01  0.306257E+00  0.650773E-01
  0.319300E+01  0.304530E+00  0.656532E-01
  0.319573E+01  0.343712E+00  0.660885E-01
  0.319847E+01  0.214613E+00  0.654885E-01
  0.320120E+01  0.292685E+00  0.651144E-01
  0.320394E+01  0.180766E+00  0.660919E-01
  0.320667E+01  0.187082E+00  0.652503E-01
  0.320940E+01  0.342343E+00  0.649947E-01
  0.321214E+01  0.270169E+00  0.651085E-01
  0.321487E+01  0.284543E+00  0.650617E-01
  0.321761E+01  0.243086E+00  0.657714E-01
  0.322034E+01  0.282747E+00  0.657575E-01
  0.322307E+01  0.352482E+00  0.652476E-01
  0.322581E+01  0.183386E+00  0.653746E-01
  0.322854E+01  0.301080E+00  0.656054E-01
  0.323128E+01  0.331520E+00  0.655928E-01
  0.323401E+01  0.286287E+00  0.653935E-01
  0.323674E+01  0.335156E+00  0.659440E-01
  0.323948E+01  0.316512E+00  0.650882E-01
  0.324221E+01  0.237516E+00  0.654635E-01
  0.324495E+01  0.243243E+00  0.649126E-01
  0.324768E+01  0.317501E+00  0.658624E-01
  0.325041E+01  0.278542E+00  0.652982E-01
  0.325315E+01  0.258438E+00  0.651464E-01
  0.325588E+01  0.304213E+00  0.652167E-01
  0.325862E+01  0.366835E+00  0.655799E-01
  0.326135E+01  0.277953E+00  0.655008E-01
  0.326408E+01  0.230045E+00  0.655146E-01
  0.326682E+01  0.332822E+00  0.652798E-01
  0.326955E+01  0.269803E+00  0.649731E-01
  0.327229E+01  0.301964E+00  0.650297E-01
  0.327502E+01  0.282782E+00  0.654785E-01
  0.327775E+01  0.303531E+00  0.652349E-01
  0.328049E+01  0.284944E+00  0.654536E-01
  0.328322E+01  0.360589E+00  0.656074E-01
  0.328596E+01  0.401077E+00  0.654471E-01
  0.328869E+01  0.272603E+00  0.648078E-01
  0.329142E+01  0.896732E-01  0.650139E-01
  0.329416E+01  0.296565E+00  0.650179E-01
  0.329689E+01  0.264706E+00  0.649245E-01
  0.329963E+01  0.271414E+00  0.652872E-01
  0.330236E+01  0.315182E+00  0.653835E-01
  0.330509E+01  0.277049E+00  0.652434E-01
  0.330783E+01  0.287121E+00  0.652475E-01
  0.331056E+01  0.189334E+00  0.654055E-01
  0.331330E+01  0.298655E+00  0.654566E-01
  0.331603E+01  0.326319E+00  0.651719E-01
  0.331876E+01  0.254381E+00  0.648816E-01
  0.332150E+01  0.260352E+00  0.647787E-01
  0.332423E+01  0.245582E+00  0.651916E-01
  0.332697E+01  0.270436E+00  0.653660E-01
  0.332970E+01  0.266906E+00  0.657339E-01
  0.333244E+01  0.325660E+00  0.647976E-01
  0.333517E+01  0.248544E+00  0.653189E-01
  0.333790E+01  0.208347E+00  0.660230E-01
  0.334064E+01  0.228791E+00  0.656284E-01
  0.334337E+01  0.253748E+00  0.649854E-01
  0.334611E+01  0.250591E+00  0.646689E-01
  0.334884E+01  0.296726E+00  0.650738E-01
  0.335157E+01  0.218722E+00  0.646628E-01
  0.335431E+01  0.245581E+00  0.651175E-01
  0.335704E+01  0.244539E+00  0.646582E-01
  0.335978E+01  0.194637E+00  0.649770E-01
  0.336251E+01  0.355157E+00  0.650592E-01
  0.336524E+01  0.227208E+00  0.650574E-01
  0.336798E+01  0.228215E+00  0.646058E-01
  0.337071E+01  0.363794E+00  0.658297E-01
  0.337345E+01  0.302801E+00  0.646081E-01
  0.337618E+01  0.288369E+00  0.651577E-01
  0.337891E+01  0.229721E+00  0.650293E-01
  0.338165E+01  0.189544E+00  0.644233E-01
  0.338438E+01  0.295122E+00  0.651839E-01
  0.338712E+01  0.266639E+00  0.646413E-01
  0.338985E+01  0.181378E+00  0.644650E-01
  0.339258E+01  0.268308E+00  0.649170E-01
  0.339532E+01  0.351473E+00  0.653745E-01
  0.339805E+01  0.259069E+00  0.652566E-01
  0.340079E+01  0.275543E+00  0.656252E-01
  0.340352E+01  0.339330E+00  0.651915E-01
  0.340625E+01  0.213956E+00  0.646263E-01
  0.340899E+01  0.303731E+00  0.653305E-01
  0.341172E+01  0.314461E+00  0.654412E-01
  0.341446E+01  0.308600E+00  0.654511E-01
  0.341719E+01  0.229915E+00  0.649150E-01
  0.341992E+01  0.174366E+00  0.646702E-01
  0.342266E+01  0.294517E+00  0.649835E-01
  0.342539E+01  0.263234E+00  0.650232E-01
  0.342813E+01  0.213909E+00  0.650140E-01
  0.343086E+01  0.413687E+00  0.649624E-01
  0.343359E+01  0.232310E+00  0.645267E-01
  0.343633E+01  0.321458E+00  0.652179E-01
  0.343906E+01  0.170878E+00  0.642925E-01
  0.344180E+01  0.218970E+00  0.647083E-01
  0.344453E+01  0.234959E+00  0.646843E-01
  0.344726E+01  0.237651E+00  0.651769E-01
  0.345000E+01  0.205412E+00  0.647141E-01
  0.345273E+01  0.203541E+00  0.645838E-01
  0.345547E+01  0.273476E+00  0.650064E-01
  0.345820E+01  0.235281E+00  0.641244E-01
  0.346094E+01  0.280792E+00  0.648114E-01
  0.346367E+01  0.257018E+00  0.646048E-01
  0.346640E+01  0.333783E+00  0.650527E-01
  0.346914E+01  0.230658E+00  0.650292E-01
  0.347187E+01  0.204313E+00  0.649152E-01
  0.347461E+01  0.232049E+00  0.644459E-01
  0.347734E+01  0.249970E+00  0.646375E-01
  0.348007E+01  0.296221E+00  0.646290E-01
  0.348281E+01  0.158885E+00  0.646345E-01
  0.348554E+01  0.348634E+00  0.647640E-01
  0.348828E+01  0.232180E+00  0.648756E-01
  0.349101E+01  0.323041E+00  0.645484E-01
  0.349374E+01  0.147810E+00  0.645925E-01
  0.349648E+01  0.416352E+00  0.652427E-01
  0.349921E+01  0.226275E+00  0.648031E-01
  0.350195E+01  0.369993E+00  0.653735E-01
  0.350468E+01  0.287691E+00  0.657732E-01
  0.350741E+01  0.286064E+00  0.649157E-01
  0.351015E+01  0.316625E+00  0.646709E-01
  0.351288E+01  0.310087E+00  0.646732E-01
  0.351562E+01  0.216513E+00  0.647235E-01
  0.351835E+01  0.323641E+00  0.648459E-01
  0.352108E+01  0.315508E+00  0.652004E-01
  0.352382E+01  0.333477E+00  0.646149E-01
  0.352655E+01  0.266195E+00  0.648428E-01
  0.352929E+01  0.297540E+00  0.648787E-01
  0.353202E+01  0.168869E+00  0.648803E-01
  0.353475E+01  0.348554E+00  0.646633E-01
  0.353749E+01  0.236553E+00  0.651847E-01
  0.354022E+01  0.283727E+00  0.646854E-01
  0.354296E+01  0.262162E+00  0.651158E-01
  0.354569E+01  0.267102E+00  0.646569E-01
  0.354842E+01  0.271969E+00  0.645592E-01
  0.355116E+01  0.304214E+00  0.647668E-01
  0.355389E+01  0.240336E+00  0.659029E-01
  0.355663E+01  0.184338E+00  0.642112E-01
  0.355936E+01  0.231476E+00  0.648825E-01
  0.356209E+01  0.349902E+00  0.651832E-01
  0.356483E+01  0.301978E+00  0.648004E-01
  0.356756E+01  0.282038E+00  0.648746E-01
  0.357030E+01  0.408766E+00  0.646496E-01
  0.357303E+01  0.245667E+00  0.645231E-01
  0.357577E+01  0.260195E+00  0.643072E-01
  0.357850E+01  0.257664E+00  0.648049E-01
  0.358123E+01  0.219796E+00  0.650570E-01
  0.358397E+01  0.304266E+00  0.649233E-01
  0.358670E+01  0.267677E+00  0.643631E-01
  0.358944E+01  0.328567E+00  0.648868E-01
  0.359217E+01  0.347617E+00  0.653837E-01
  0.359490E+01  0.145001E+00  0.643573E-01
  0.359764E+01  0.269105E+00  0.650554E-01
  0.360037E+01  0.266663E+00  0.647250E-01
  0.360311E+01  0.329919E+00  0.646546E-01
  0.360584E+01  0.215272E+00  0.642678E-01
  0.360857E+01  0.231615E+00  0.641258E-01
  0.361131E+01  0.207444E+00  0.649454E-01
  0.361404E+01  0.243457E+00  0.644029E-01
  0.361678E+01  0.181710E+00  0.645258E-01
  0.361951E+01  0.285082E+00  0.647241E-01
  0.362224E+01  0.336025E+00  0.649894E-01
  0.362498E+01  0.211396E+00  0.649237E-01
  0.362771E+01  0.318471E+00  0.651258E-01
  0.363045E+01  0.155950E+00  0.642736E-01
  0.363318E+01  0.272711E+00  0.651237E-01
  0.363591E+01  0.187997E+00  0.640930E-01
  0.363865E+01  0.236782E+00  0.644832E-01
  0.364138E+01  0.220163E+00  0.647602E-01
  0.364412E+01  0.204709E+00  0.652347E-01
  0.364685E+01  0.167073E+00  0.647216E-01
  0.364958E+01  0.263870E+00  0.645390E-01
  0.365232E+01  0.165414E+00  0.642737E-01
  0.365505E+01  0.200882E+00  0.646229E-01
  0.365779E+01  0.205318E+00  0.646901E-01
  0.366052E+01  0.205000E+00  0.646031E-01
  0.366325E+01  0.315537E+00  0.651246E-01
  0.366599E+01  0.211067E+00  0.649662E-01
  0.366872E+01  0.295001E+00  0.649209E-01
  0.367146E+01  0.221809E+00  0.645145E-01
  0.367419E+01  0.218043E+00  0.641368E-01
  0.367692E+01  0.176505E+00  0.643597E-01
  0.367966E+01  0.249380E+00  0.647356E-01
  0.368239E+01  0.310687E+00  0.648446E-01
  0.368513E+01  0.287983E+00  0.645846E-01
  0.368786E+01  0.198419E+00  0.646730E-01
  0.369059E+01  0.195571E+00  0.646180E-01
  0.369333E+01  0.273744E+00  0.648861E-01
  0.369606E+01  0.345517E+00  0.655004E-01
  0.369880E+01  0.262434E+00  0.647431E-01
  0.370153E+01  0.125166E+00  0.640430E-01
  0.370427E+01  0.305698E+00  0.642172E-01
  0.370700E+01  0.186527E+00  0.643394E-01
  0.370973E+01  0.309388E+00  0.651575E-01
  0.371247E+01  0.129673E+00  0.643800E-01
  0.371520E+01  0.214458E+00  0.647059E-01
  0.371794E+01  0.361971E+00  0.649458E-01
  0.372067E+01  0.231037E+00  0.646244E-01
  0.372340E+01  0.328409E+00  0.651992E-01
  0.372614E+01  0.248488E+00  0.650174E-01
  0.372887E+01  0.279296E+00  0.652987E-01
  0.373161E+01  0.170711E+00  0.650396E-01
  0.373434E+01  0.303510E+00  0.646731E-01
  0.373707E+01  0.205025E+00  0.647686E-01
  0.373981E+01  0.218035E+00  0.644689E-01
  0.374254E+01  0.325188E+00  0.649197E-01
  0.374528E+01  0.310639E+00  0.646300E-01
  0.374801E+01  0.194837E+00  0.641630E-01
  0.375074E+01  0.240248E+00  0.643739E-01
  0.375348E+01  0.232371E+00  0.666758E-01
  0.375621E+01  0.174353E+00  0.647587E-01
  0.375895E+01  0.248518E+00  0.649231E-01
  0.376168E+01  0.203301E+00  0.651236E-01
  0.376441E+01  0.304780E+00  0.650187E-01
  0.376715E+01  0.317870E+00  0.654632E-01
  0.376988E+01  0.322287E+00  0.648195E-01
  0.377262E+01  0.326404E+00  0.644746E-01
  0.377535E+01  0.283836E+00  0.645496E-01
  0.377808E+01  0.329423E+00  0.652448E-01
  0.378082E+01  0.296491E+00  0.647393E-01
  0.378355E+01  0.264088E+00  0.651623E-01
  0.378629E+01  0.265093E+00  0.648616E-01
  0.378902E+01  0.347304E+00  0.649977E-01
  0.379175E+01  0.297849E+00  0.650340E-01
  0.379449E+01  0.279894E+00  0.648564E-01
  0.379722E+01  0.158771E+00  0.644248E-01
  0.379996E+01  0.208246E+00  0.647903E-01
  0.380269E+01  0.244464E+00  0.647712E-01
  0.380542E+01  0.297923E+00  0.649209E-01
  0.380816E+01  0.292212E+00  0.650498E-01
  0.381089E+01  0.291130E+00  0.649029E-01
  0.381363E+01  0.271924E+00  0.648902E-01
  0.381636E+01  0.229031E+00  0.648052E-01
  0.381909E+01  0.314166E+00  0.637924E-01
  0.382183E+01  0.182402E+00  0.648738E-01
  0.382456E+01  0.182013E+00  0.645783E-01
  0.382730E+01  0.200392E+00  0.647096E-01
  0.383003E+01  0.343296E+00  0.649313E-01
  0.383277E+01  0.252249E+00  0.649839E-01
  0.383550E+01  0.247938E+00  0.651372E-01
  0.383823E+01  0.143468E+00  0.645641E-01
  0.384097E+01  0.263425E+00  0.641909E-01
  0.384370E+01  0.298691E+00  0.649866E-01
  0.384644E+01  0.156557E+00  0.641517E-01
  0.384917E+01  0.262914E+00  0.650424E-01
  0.385190E+01  0.277364E+00  0.647318E-01
  0.385464E+01  0.204107E+00  0.648421E-01
  0.385737E+01  0.240626E+00  0.649931E-01
  0.386011E+01  0.298318E+00  0.652850E-01
  0.386284E+01  0.139959E+00  0.640122E-01
  0.386557E+01  0.221496E+00  0.645686E-01
  0.386831E+01  0.327233E+00  0.648370E-01
  0.387104E+01  0.265733E+00  0.650546E-01
  0.387378E+01  0.343775E+00  0.646302E-01
  0.387651E+01  0.269068E+00  0.646255E-01
  0.387924E+01  0.198614E+00  0.638487E-01
  0.388198E+01  0.148897E+00  0.648806E-01
  0.388471E+01  0.285676E+00  0.648847E-01
  0.388745E+01  0.186953E+00  0.644019E-01
  0.389018E+01  0.329431E+00  0.649843E-01
  0.389291E+01  0.188471E+00  0.649910E-01
  0.389565E+01  0.249449E+00  0.649018E-01
  0.389838E+01  0.234608E+00  0.644403E-01
  0.390112E+01  0.248099E+00  0.641302E-01
  0.390385E+01  0.231007E+00  0.642254E-01
  0.390658E+01  0.198026E+00  0.638392E-01
  0.390932E+01  0.307097E+00  0.647317E-01
  0.391205E+01  0.270732E+00  0.647317E-01
  0.391479E+01  0.253796E+00  0.647501E-01
  0.391752E+01  0.236248E+00  0.650570E-01
  0.392025E+01  0.261360E+00  0.647135E-01
  0.392299E+01  0.153152E+00  0.644800E-01
  0.392572E+01  0.250944E+00  0.642973E-01
  0.392846E+01  0.263788E+00  0.646090E-01
  0.393119E+01  0.111828E+00  0.640478E-01
  0.393392E+01  0.275092E+00  0.640555E-01
  0.393666E+01  0.270995E+00  0.742408E-01
  0.393939E+01  0.170956E+00  0.798878E-01
  0.394213E+01  0.217292E+00  0.816222E-01
  0.394486E+01  0.161592E+00  0.883407E-01
  0.394759E+01  0.198040E+00  0.937828E-01
  0.395033E+01  0.272235E+00  0.966920E-01
  0.395306E+01  0.129052E-01  0.993718E-01
  0.395580E+01  0.205182E+00  0.100769E+00
  0.395853E+01  0.250114E+00  0.106734E+00
  0.396127E+01  0.325888E+00  0.111314E+00
  0.396400E+01  0.373039E+00  0.842127E-01
  0.396673E+01  0.147628E+00  0.779153E-01
  0.396947E+01  0.183820E+00  0.763736E-01
  0.397220E+01  0.196994E+00  0.746970E-01
  0.397494E+01  0.184632E+00  0.724902E-01
  0.397767E+01  0.678248E-01  0.718718E-01
  0.398040E+01  0.258260E+00  0.717132E-01
  0.398314E+01  0.162421E+00  0.705269E-01
  0.398587E+01  0.124898E+00  0.711119E-01
  0.398861E+01  0.241722E+00  0.713080E-01
  0.399134E+01  0.230535E+00  0.706386E-01
  0.399407E+01  0.221000E+00  0.701759E-01
  0.399681E+01  0.295323E+00  0.706690E-01
  0.399954E+01  0.230759E+00  0.703724E-01
  0.400228E+01  0.269046E+00  0.702220E-01
  0.400501E+01  0.314500E+00  0.700955E-01
  0.400774E+01  0.156514E+00  0.696155E-01
  0.401048E+01  0.385691E+00  0.696410E-01
  0.401321E+01  0.283664E+00  0.687528E-01
  0.401595E+01  0.277915E+00  0.682305E-01
  0.401868E+01  0.206335E+00  0.682954E-01
  0.402141E+01  0.239298E+00  0.673593E-01
  0.402415E+01  0.229848E+00  0.672525E-01
  0.402688E+01  0.180667E+00  0.662665E-01
  0.402962E+01  0.233381E+00  0.663620E-01
  0.403235E+01  0.145670E+00  0.654661E-01
  0.403508E+01  0.308124E+00  0.658287E-01
  0.403782E+01  0.249627E+00  0.648410E-01
  0.404055E+01  0.321313E+00  0.650876E-01
  0.404329E+01  0.382455E+00  0.653437E-01
  0.404602E+01  0.125768E+00  0.644787E-01
  0.404875E+01  0.212891E+00  0.650650E-01
  0.405149E+01  0.132112E+00  0.646926E-01
  0.405422E+01  0.120199E+00  0.647922E-01
  0.405696E+01  0.116161E+00  0.646179E-01
  0.405969E+01  0.238665E+00  0.644192E-01
  0.406242E+01  0.246790E+00  0.650886E-01
  0.406516E+01  0.334223E+00  0.647388E-01
  0.406789E+01  0.218420E+00  0.644094E-01
  0.407063E+01  0.121300E+00  0.648376E-01
  0.407336E+01  0.139191E+00  0.643022E-01
  0.407610E+01  0.178345E+00  0.646889E-01
  0.407883E+01  0.216990E+00  0.650278E-01
  0.408156E+01  0.237436E+00  0.649824E-01
  0.408430E+01  0.172845E+00  0.649872E-01
  0.408703E+01  0.181921E+00  0.647434E-01
  0.408977E+01  0.115676E+00  0.648163E-01
  0.409250E+01  0.237468E+00  0.651274E-01
  0.409523E+01  0.350857E+00  0.653799E-01
  0.409797E+01  0.235091E+00  0.648719E-01
  0.410070E+01  0.267846E+00  0.648486E-01
  0.410344E+01  0.116909E+00  0.645422E-01
  0.410617E+01  0.171494E+00  0.646431E-01
  0.410890E+01  0.197796E+00  0.647306E-01
  0.411164E+01  0.224801E+00  0.641404E-01
  0.411437E+01  0.179566E+00  0.650203E-01
  0.411711E+01  0.257611E+00  0.649398E-01
  0.411984E+01  0.187807E+00  0.649901E-01
  0.412257E+01  0.213018E+00  0.641656E-01
  0.412531E+01  0.204007E+00  0.640562E-01
  0.412804E+01  0.216564E+00  0.650875E-01
  0.413078E+01  0.230380E+00  0.645215E-01
  0.413351E+01  0.235397E+00  0.649098E-01
  0.413624E+01  0.230957E+00  0.646636E-01
  0.413898E+01  0.331737E+00  0.650593E-01
  0.414171E+01  0.191921E+00  0.646515E-01
  0.414445E+01  0.151837E+00  0.649654E-01
  0.414718E+01  0.169904E+00  0.648325E-01
  0.414991E+01  0.200843E+00  0.648161E-01
  0.415265E+01  0.176701E+00  0.646457E-01
  0.415538E+01  0.220604E+00  0.647990E-01
  0.415812E+01  0.240494E+00  0.646470E-01
  0.416085E+01  0.323094E+00  0.647001E-01
  0.416358E+01  0.141930E+00  0.648928E-01
  0.416632E+01  0.222815E+00  0.646619E-01
  0.416905E+01  0.297164E+00  0.646706E-01
  0.417179E+01  0.271856E+00  0.651334E-01
  0.417452E+01  0.179168E+00  0.641141E-01
  0.417725E+01  0.175101E+00  0.647179E-01
  0.417999E+01  0.174115E+00  0.645386E-01
  0.418272E+01  0.889925E-01  0.640961E-01
  0.418546E+01  0.175812E+00  0.647911E-01
  0.418819E+01  0.248691E+00  0.652476E-01
  0.419092E+01  0.175208E+00  0.644766E-01
  0.419366E+01  0.211313E+00  0.644800E-01
  0.419639E+01  0.296931E+00  0.652835E-01
  0.419913E+01  0.339050E+00  0.648447E-01
  0.420186E+01  0.119530E+00  0.649370E-01
  0.420460E+01  0.202114E+00  0.645581E-01
  0.420733E+01  0.278016E+00  0.648756E-01
  0.421006E+01  0.235400E+00  0.644809E-01
  0.421280E+01  0.292221E+00  0.648078E-01
  0.421553E+01  0.157611E+00  0.646985E-01
  0.421827E+01  0.771443E-01  0.641793E-01
  0.422100E+01  0.132609E+00  0.646292E-01
  0.422373E+01  0.220910E+00  0.647727E-01
  0.422647E+01  0.131032E+00  0.645175E-01
  0.422920E+01  0.244964E+00  0.649962E-01
  0.423194E+01  0.215862E+00  0.642002E-01
  0.423467E+01  0.198497E+00  0.646081E-01
  0.423740E+01  0.197762E+00  0.643999E-01
  0.424014E+01  0.243574E+00  0.644891E-01
  0.424287E+01  0.266815E+00  0.648426E-01
  0.424561E+01  0.239531E+00  0.645457E-01
  0.424834E+01  0.173219E+00  0.645539E-01
  0.425107E+01  0.246265E+00  0.645110E-01
  0.425381E+01  0.166274E+00  0.643313E-01
  0.425654E+01  0.246283E+00  0.647273E-01
  0.425928E+01  0.236832E+00  0.650256E-01
  0.426201E+01  0.210229E+00  0.643544E-01
  0.426474E+01  0.165881E+00  0.642061E-01
  0.426748E+01  0.234149E+00  0.645647E-01
  0.427021E+01  0.236445E+00  0.646656E-01
  0.427295E+01  0.638865E-01  0.645014E-01
  0.427568E+01  0.178397E+00  0.641416E-01
  0.427841E+01  0.869666E-01  0.644397E-01
  0.428115E+01  0.168027E+00  0.646520E-01
  0.428388E+01  0.919140E-01  0.632268E-01
  0.428662E+01  0.218278E+00  0.644475E-01
  0.428935E+01  0.208114E+00  0.644427E-01
  0.429208E+01  0.181512E+00  0.645245E-01
  0.429482E+01  0.165452E+00  0.640846E-01
  0.429755E+01  0.160291E+00  0.641850E-01
  0.430029E+01  0.232087E+00  0.644727E-01
  0.430302E+01  0.168835E+00  0.640557E-01
  0.430575E+01  0.121990E+00  0.640163E-01
  0.430849E+01  0.286590E+00  0.646283E-01
  0.431122E+01  0.277435E+00  0.644268E-01
  0.431396E+01  0.189260E+00  0.645721E-01
  0.431669E+01  0.178992E+00  0.644784E-01
  0.431942E+01  0.121358E+00  0.642686E-01
  0.432216E+01  0.509928E-01  0.645421E-01
  0.432489E+01  0.164180E+00  0.645400E-01
  0.432763E+01  0.629829E-01  0.641418E-01
  0.433036E+01  0.226723E+00  0.639520E-01
  0.433310E+01  0.200481E+00  0.645852E-01
  0.433583E+01  0.197779E+00  0.641895E-01
  0.433856E+01  0.171375E+00  0.643506E-01
  0.434130E+01  0.165026E+00  0.639341E-01
  0.434403E+01  0.214680E+00  0.647766E-01
  0.434677E+01  0.293807E+00  0.642600E-01
  0.434950E+01  0.177855E+00  0.641741E-01
  0.435223E+01  0.217065E+00  0.639766E-01
  0.435497E+01  0.885786E-01  0.640019E-01
  0.435770E+01  0.221692E+00  0.641112E-01
  0.436044E+01  0.203385E+00  0.644814E-01
  0.436317E+01  0.206569E+00  0.645147E-01
  0.436590E+01  0.237780E+00  0.641062E-01
  0.436864E+01  0.244399E+00  0.640395E-01
  0.437137E+01  0.170714E+00  0.642737E-01
  0.437411E+01  0.227038E-01  0.643058E-01
  0.437684E+01  0.117864E+00  0.643709E-01
  0.437957E+01  0.287221E+00  0.647957E-01
  0.438231E+01  0.154350E+00  0.649840E-01
  0.438504E+01  0.261166E+00  0.646558E-01
  0.438778E+01  0.145741E+00  0.642824E-01
  0.439051E+01  0.173097E+00  0.640374E-01
  0.439324E+01  0.163574E+00  0.643016E-01
  0.439598E+01  0.293579E+00  0.643890E-01
  0.439871E+01  0.111125E+00  0.635724E-01
  0.440145E+01  0.217254E+00  0.641903E-01
  0.440418E+01  0.178369E+00  0.639609E-01
  0.440691E+01  0.213373E+00  0.643869E-01
  0.440965E+01  0.152194E+00  0.642085E-01
  0.441238E+01  0.167017E+00  0.645583E-01
  0.441512E+01  0.941693E-01  0.642792E-01
  0.441785E+01  0.221358E+00  0.649246E-01
  0.442058E+01  0.125232E-01  0.636947E-01
  0.442332E+01  0.257713E+00  0.649593E-01
  0.442605E+01  0.128119E+00  0.641753E-01
  0.442879E+01  0.205511E+00  0.641422E-01
  0.443152E+01  0.190662E+00  0.639094E-01
  0.443425E+01  0.961393E-01  0.640134E-01
  0.443699E+01  0.171504E+00  0.640690E-01
  0.443972E+01  0.210449E+00  0.640822E-01
  0.444246E+01  0.156005E+00  0.637467E-01
  0.444519E+01  0.495265E-01  0.643648E-01
  0.444792E+01  0.233557E+00  0.636040E-01
  0.445066E+01  0.117612E+00  0.645543E-01
  0.445339E+01  0.167932E+00  0.647654E-01
  0.445613E+01  0.150306E+00  0.639750E-01
  0.445886E+01  0.203418E+00  0.639359E-01
  0.446160E+01  0.131789E+00  0.639820E-01
  0.446433E+01  0.219607E+00  0.642082E-01
  0.446706E+01  0.149486E+00  0.641813E-01
  0.446980E+01  0.248753E-01  0.637202E-01
  0.447253E+01  0.132101E+00  0.639226E-01
  0.447527E+01  0.136681E+00  0.637363E-01
  0.447800E+01  0.131023E+00  0.638942E-01
  0.448073E+01  0.113987E+00  0.635763E-01
  0.448347E+01  0.162609E+00  0.643049E-01
  0.448620E+01  0.210675E+00  0.642610E-01
  0.448894E+01  0.168828E+00  0.644333E-01
  0.449167E+01  0.172506E+00  0.640353E-01
  0.449440E+01  0.241018E+00  0.641272E-01
  0.449714E+01  0.123230E+00  0.645424E-01
  0.449987E+01  0.125122E+00  0.639079E-01
  0.450261E+01  0.228131E+00  0.639783E-01
  0.450534E+01  0.233345E+00  0.641219E-01
  0.450807E+01  0.880726E-01  0.639671E-01
  0.451081E+01  0.876243E-01  0.646142E-01
  0.451354E+01  0.178512E+00  0.645769E-01
  0.451628E+01  0.162775E+00  0.638069E-01
  0.451901E+01  0.791510E-01  0.638433E-01
  0.452174E+01  0.151298E+00  0.642943E-01
  0.452448E+01  0.803650E-01  0.637154E-01
  0.452721E+01  0.183305E+00  0.650276E-01
  0.452995E+01  0.123648E+00  0.644396E-01
  0.453268E+01  0.129739E-01  0.637696E-01
  0.453541E+01  0.172721E+00  0.648781E-01
  0.453815E+01  0.175323E+00  0.644026E-01
  0.454088E+01  0.188205E+00  0.643933E-01
  0.454362E+01  0.168293E+00  0.639163E-01
  0.454635E+01  0.208519E+00  0.647743E-01
  0.454908E+01  0.253245E+00  0.643095E-01
  0.455182E+01  0.183616E+00  0.644644E-01
  0.455455E+01  0.227654E+00  0.638588E-01
  0.455729E+01  0.100040E+00  0.643493E-01
  0.456002E+01  0.123896E+00  0.643473E-01
  0.456275E+01  0.211029E+00  0.645775E-01
  0.456549E+01  0.180573E+00  0.642517E-01
  0.456822E+01  0.158202E+00  0.640482E-01
  0.457096E+01  0.130833E+00  0.638780E-01
  0.457369E+01  0.194972E+00  0.639901E-01
  0.457643E+01  0.124661E+00  0.643199E-01
  0.457916E+01  0.139324E+00  0.643077E-01
  0.458189E+01  0.199757E+00  0.647818E-01
  0.458463E+01  0.522775E-01  0.641916E-01
  0.458736E+01  0.215024E+00  0.642748E-01
  0.459010E+01  0.506446E-01  0.648233E-01
  0.459283E+01  0.182460E+00  0.646187E-01
  0.459556E+01  0.410299E-01  0.640022E-01
  0.459830E+01  0.125436E+00  0.641194E-01
  0.460103E+01  0.158979E+00  0.641349E-01
  0.460377E+01  0.255418E+00  0.648739E-01
  0.460650E+01  0.206263E+00  0.649243E-01
  0.460923E+01  0.199184E+00  0.647058E-01
  0.461197E+01  0.148834E+00  0.644862E-01
  0.461470E+01  0.129523E+00  0.641888E-01
  0.461744E+01  0.122056E+00  0.640522E-01
  0.462017E+01  0.148754E+00  0.640748E-01
  0.462290E+01  0.149402E+00  0.639351E-01
  0.462564E+01  0.161978E+00  0.641444E-01
  0.462837E+01  0.206353E+00  0.647213E-01
  0.463111E+01  0.224717E+00  0.645756E-01
  0.463384E+01  0.266668E+00  0.647492E-01
  0.463657E+01  0.186701E+00  0.645455E-01
  0.463931E+01  0.151055E+00  0.643488E-01
  0.464204E+01  0.124393E+00  0.646268E-01
  0.464478E+01  0.123489E+00  0.643387E-01
  0.464751E+01  0.158660E+00  0.646659E-01
  0.465024E+01  0.116132E+00  0.646043E-01
  0.465298E+01  0.184860E+00  0.641555E-01
  0.465571E+01  0.195344E+00  0.649227E-01
  0.465845E+01  0.912753E-01  0.649006E-01
  0.466118E+01  0.213481E+00  0.645591E-01
  0.466391E+01  0.889141E-01  0.642593E-01
  0.466665E+01  0.163263E+00  0.637752E-01
  0.466938E+01  0.179198E+00  0.639529E-01
  0.467212E+01  0.185236E+00  0.638310E-01
  0.467485E+01  0.758646E-01  0.636674E-01
  0.467758E+01  0.189493E+00  0.643922E-01
  0.468032E+01  0.182134E+00  0.643984E-01
  0.468305E+01  0.129098E+00  0.644798E-01
  0.468579E+01  0.151094E+00  0.640171E-01
  0.468852E+01  0.108425E+00  0.645518E-01
  0.469125E+01  0.202060E+00  0.639181E-01
  0.469399E+01  0.128282E+00  0.646240E-01
  0.469672E+01  0.131476E+00  0.642162E-01
  0.469946E+01  0.120630E+00  0.638247E-01
  0.470219E+01  0.169445E+00  0.644875E-01
  0.470493E+01  0.235907E+00  0.645386E-01
  0.470766E+01  0.152801E+00  0.641673E-01
  0.471039E+01  0.668610E-01  0.641092E-01
  0.471313E+01  0.228868E+00  0.649037E-01
  0.471586E+01  0.109807E+00  0.642742E-01
  0.471860E+01  0.141077E+00  0.648442E-01
  0.472133E+01  0.157394E+00  0.645730E-01
  0.472406E+01  0.779679E-01  0.648358E-01
  0.472680E+01  0.132597E+00  0.644862E-01
  0.472953E+01  0.190652E+00  0.645909E-01
  0.473227E+01  0.124314E+00  0.645136E-01
  0.473500E+01  0.164627E+00  0.645845E-01
  0.473773E+01  0.688032E-01  0.638872E-01
  0.474047E+01  0.625870E-01  0.647396E-01
  0.474320E+01  0.864396E-01  0.647583E-01
  0.474594E+01  0.143290E+00  0.650785E-01
  0.474867E+01  0.176449E+00  0.642880E-01
  0.475140E+01  0.128646E-01  0.646676E-01
  0.475414E+01  0.118299E+00  0.642197E-01
  0.475687E+01  0.262496E+00  0.650524E-01
  0.475961E+01  0.126578E+00  0.650280E-01
  0.476234E+01  0.179098E+00  0.648992E-01
  0.476507E+01  0.130598E+00  0.641991E-01
  0.476781E+01  0.182277E+00  0.647639E-01
  0.477054E+01  0.201556E+00  0.654244E-01
  0.477328E+01  0.135351E+00  0.645743E-01
  0.477601E+01  0.162378E+00  0.650910E-01
  0.477874E+01  0.144220E+00  0.647871E-01
  0.478148E+01  0.167713E+00  0.646007E-01
  0.478421E+01  0.140233E+00  0.650833E-01
  0.478695E+01  0.137597E+00  0.643626E-01
  0.478968E+01  0.974977E-01  0.648571E-01
  0.479241E+01  0.171733E+00  0.647324E-01
  0.479515E+01  0.233567E+00  0.648105E-01
  0.479788E+01  0.185974E+00  0.647932E-01
  0.480062E+01  0.853456E-01  0.643697E-01
  0.480335E+01  0.244913E-01  0.647230E-01
  0.480608E+01  0.238414E+00  0.649534E-01
  0.480882E+01  0.238592E+00  0.645862E-01
  0.481155E+01  0.113405E+00  0.644822E-01
  0.481429E+01  0.166288E+00  0.648873E-01
  0.481702E+01  0.152902E+00  0.643270E-01
  0.481975E+01  0.203750E+00  0.645267E-01
  0.482249E+01  0.204634E+00  0.650821E-01
  0.482522E+01  0.345450E+00  0.650076E-01
  0.482796E+01  0.183556E+00  0.655732E-01
  0.483069E+01  0.300752E+00  0.650736E-01
  0.483343E+01  0.122363E+00  0.646713E-01
  0.483616E+01  0.778698E-01  0.648326E-01
  0.483889E+01  0.155200E+00  0.650649E-01
  0.484163E+01  0.662366E-01  0.657764E-01
  0.484436E+01  0.174073E+00  0.643987E-01
  0.484710E+01  0.771924E-01  0.647177E-01
  0.484983E+01  0.101555E+00  0.652131E-01
  0.485256E+01  0.215541E+00  0.645431E-01
  0.485530E+01  0.100777E+00  0.648455E-01
  0.485803E+01  0.128981E+00  0.650434E-01
  0.486077E+01  0.895170E-01  0.647451E-01
  0.486350E+01  0.964266E-01  0.648629E-01
  0.486623E+01  0.125354E+00  0.647883E-01
  0.486897E+01  0.362400E-01  0.650470E-01
  0.487170E+01  0.237692E+00  0.648844E-01
  0.487444E+01  0.130222E+00  0.646974E-01
  0.487717E+01  0.455493E-01  0.639681E-01
  0.487990E+01  0.151411E+00  0.650161E-01
  0.488264E+01  0.187555E+00  0.660842E-01
  0.488537E+01  0.159243E+00  0.648571E-01
  0.488811E+01  0.126150E+00  0.659376E-01
  0.489084E+01  0.108209E+00  0.651684E-01
  0.489357E+01  0.231284E-01  0.652445E-01
  0.489631E+01  0.203612E+00  0.649117E-01
  0.489904E+01  0.184586E+00  0.647058E-01
  0.490178E+01  0.245361E+00  0.656518E-01
  0.490451E+01  0.250543E+00  0.645563E-01
  0.490724E+01  0.160863E+00  0.652585E-01
  0.490998E+01  0.185749E+00  0.653568E-01
  0.491271E+01  0.200144E+00  0.653354E-01
  0.491545E+01  0.757685E-01  0.651312E-01
  0.491818E+01  0.226253E+00  0.658291E-01
  0.492091E+01  0.156802E+00  0.647937E-01
  0.492365E+01  0.111947E+00  0.648292E-01
  0.492638E+01  0.975770E-01  0.652264E-01
  0.492912E+01  0.166095E+00  0.654495E-01
  0.493185E+01  0.270704E+00  0.652170E-01
  0.493458E+01  0.951409E-01  0.647632E-01
  0.493732E+01  0.129335E+00  0.654270E-01
  0.494005E+01  0.155009E+00  0.652937E-01
  0.494279E+01  0.208189E+00  0.654824E-01
  0.494552E+01  0.252761E+00  0.655219E-01
  0.494825E+01  0.112823E+00  0.653381E-01
  0.495099E+01  0.226174E+00  0.654104E-01
  0.495372E+01  0.189110E+00  0.650379E-01
  0.495646E+01  0.180730E+00  0.650066E-01
  0.495919E+01  0.212249E+00  0.652242E-01
  0.496193E+01  0.120393E+00  0.655509E-01
  0.496466E+01  0.923991E-01  0.654732E-01
  0.496739E+01  0.711920E-01  0.655675E-01
  0.497013E+01  0.133464E+00  0.650964E-01
  0.497286E+01  0.121411E+00  0.655322E-01
  0.497560E+01  0.129821E+00  0.647287E-01
  0.497833E+01  0.189743E+00  0.650293E-01
  0.498106E+01  0.154586E+00  0.657330E-01
  0.498380E+01  0.294245E-01  0.658545E-01
  0.498653E+01  0.200304E+00  0.660307E-01
  0.498927E+01  0.128360E+00  0.649905E-01
  0.499200E+01  0.188084E+00  0.659585E-01
  0.499473E+01  0.106774E+00  0.655654E-01
  0.499747E+01  0.201685E+00  0.651650E-01
  0.500020E+01  0.185348E+00  0.650234E-01
